P0: -5.542562584220e+02 0.000000000000e+00 -9.600000000000e+02 -4.301109578755e+03 -4.408728476930e-14 5.542562584220e+02 -3.600000000000e+02 -1.612916092033e+03 -1.224646799147e-16 0.000000000000e+00 -1.000000000000e+00 -4.480322477869e+00
P1: -9.600000000000e+02 0.000000000000e+00 5.542562584220e+02 2.483466348532e+02 -3.600000000000e+02 5.542562584220e+02 2.204364238465e-14 -3.724772624973e+02 -1.000000000000e+00 0.000000000000e+00 6.123233995737e-17 -1.034659062493e+00
P2: 5.542562584220e+02 0.000000000000e+00 9.600000000000e+02 0.000000000000e+00 0.000000000000e+00 5.542562584220e+02 3.600000000000e+02 0.000000000000e+00 0.000000000000e+00 0.000000000000e+00 1.000000000000e+00 0.000000000000e+00
P3: 5.542562584220e+02 0.000000000000e+00 9.600000000000e+02 -4.434069466289e+02 0.000000000000e+00 5.542562584220e+02 3.600000000000e+02 0.000000000000e+00 0.000000000000e+00 0.000000000000e+00 1.000000000000e+00 0.000000000000e+00
P4: 9.600000000000e+02 0.000000000000e+00 -5.542562584220e+02 -2.234897933277e+03 3.600000000000e+02 5.542562584220e+02 2.204364238465e-14 -3.724772284999e+02 1.000000000000e+00 0.000000000000e+00 6.123233995737e-17 -1.034658968055e+00
P5: 5.542562584220e+02 9.600000000000e+02 5.878304635907e-14 2.399937995911e+04 0.000000000000e+00 9.600000000000e+02 -5.542562584220e+02 2.399937995911e+04 0.000000000000e+00 1.000000000000e+00 6.123233995737e-17 2.499935412407e+01
R0_rect: 1.000000000000e+00 0.000000000000e+00 0.000000000000e+00 0.000000000000e+00 1.000000000000e+00 0.000000000000e+00 0.000000000000e+00 0.000000000000e+00 1.000000000000e+00
Tr_velo_to_p2: 0.000000000000e+00 -1.000000000000e+00 0.000000000000e+00 3.994283598454e-06 0.000000000000e+00 0.000000000000e+00 -1.000000000000e+00 -4.999999522946e-01 1.000000000000e+00 0.000000000000e+00 0.000000000000e+00 -2.240218574838e+00
imu_to_world: -1.056581933030e-03 -9.999992186906e-01 6.680216138646e-04 -5.389571762085e+01 9.999738572617e-01 -1.061333169987e-03 -7.152507604374e-03 3.422260284424e+01 7.153211009549e-03 6.604469396397e-04 9.999741973582e-01 5.551769211888e-02
p2_to_world: -9.999992186906e-01 -6.680216138646e-04 -1.056581933030e-03 -5.389672088623e+01 -1.061333169987e-03 7.152507604374e-03 9.999738572617e-01 3.644818496704e+01 6.604469396397e-04 -9.999741973582e-01 7.153211009549e-03 2.109280824661e+00
