P0: -5.542562584220e+02 0.000000000000e+00 -9.600000000000e+02 -4.301014439231e+03 -4.408728476930e-14 5.542562584220e+02 -3.600000000000e+02 -1.612880414712e+03 -1.224646799147e-16 0.000000000000e+00 -1.000000000000e+00 -4.480223374199e+00
P1: -9.600000000000e+02 0.000000000000e+00 5.542562584220e+02 2.483280683873e+02 -3.600000000000e+02 5.542562584220e+02 2.204364238465e-14 -3.724752181071e+02 -1.000000000000e+00 0.000000000000e+00 6.123233995737e-17 -1.034653383631e+00
P2: 5.542562584220e+02 0.000000000000e+00 9.600000000000e+02 0.000000000000e+00 0.000000000000e+00 5.542562584220e+02 3.600000000000e+02 0.000000000000e+00 0.000000000000e+00 0.000000000000e+00 1.000000000000e+00 0.000000000000e+00
P3: 5.542562584220e+02 0.000000000000e+00 9.600000000000e+02 -4.434058775552e+02 0.000000000000e+00 5.542562584220e+02 3.600000000000e+02 0.000000000000e+00 0.000000000000e+00 0.000000000000e+00 1.000000000000e+00 0.000000000000e+00
P4: 9.600000000000e+02 0.000000000000e+00 -5.542562584220e+02 -2.234868669005e+03 3.600000000000e+02 5.542562584220e+02 2.204364238465e-14 -3.724768548398e+02 1.000000000000e+00 0.000000000000e+00 6.123233995737e-17 -1.034657930111e+00
P5: 5.542562584220e+02 9.600000000000e+02 5.878304635907e-14 2.399885581970e+04 0.000000000000e+00 9.600000000000e+02 -5.542562584220e+02 2.399885581970e+04 0.000000000000e+00 1.000000000000e+00 6.123233995737e-17 2.499880814552e+01
R0_rect: 1.000000000000e+00 0.000000000000e+00 0.000000000000e+00 0.000000000000e+00 1.000000000000e+00 0.000000000000e+00 0.000000000000e+00 0.000000000000e+00 1.000000000000e+00
Tr_velo_to_p2: 0.000000000000e+00 -1.000000000000e+00 0.000000000000e+00 3.341442959761e-06 0.000000000000e+00 0.000000000000e+00 -1.000000000000e+00 -5.000000427764e-01 1.000000000000e+00 0.000000000000e+00 0.000000000000e+00 -2.240218820219e+00
imu_to_world: 1.816981471758e-02 -9.998349149770e-01 2.502270159151e-05 -5.404030990601e+01 9.997872787947e-01 1.816870472380e-02 -9.761932648852e-03 1.665336036682e+01 9.759866469899e-03 2.023898862474e-04 9.999523508872e-01 5.455646291375e-02
p2_to_world: -9.998349149770e-01 -2.502270159151e-05 1.816981471758e-02 -5.399955368042e+01 1.816870472380e-02 9.761932648852e-03 9.997872787947e-01 1.887320899963e+01 2.023898862474e-04 -9.999523508872e-01 9.759866469899e-03 2.114114522934e+00
