P0: -5.542562584220e+02 0.000000000000e+00 -9.600000000000e+02 -4.301041009774e+03 -4.408728476930e-14 5.542562584220e+02 -3.600000000000e+02 -1.612890378665e+03 -1.224646799147e-16 0.000000000000e+00 -1.000000000000e+00 -4.480251051848e+00
P1: -9.600000000000e+02 0.000000000000e+00 5.542562584220e+02 2.483331793370e+02 -3.600000000000e+02 5.542562584220e+02 2.204364238465e-14 -3.724752426545e+02 -1.000000000000e+00 0.000000000000e+00 6.123233995737e-17 -1.034653451818e+00
P2: 5.542562584220e+02 0.000000000000e+00 9.600000000000e+02 0.000000000000e+00 0.000000000000e+00 5.542562584220e+02 3.600000000000e+02 0.000000000000e+00 0.000000000000e+00 0.000000000000e+00 1.000000000000e+00 0.000000000000e+00
P3: 5.542562584220e+02 0.000000000000e+00 9.600000000000e+02 -4.434049368650e+02 0.000000000000e+00 5.542562584220e+02 3.600000000000e+02 0.000000000000e+00 0.000000000000e+00 0.000000000000e+00 1.000000000000e+00 0.000000000000e+00
P4: 9.600000000000e+02 0.000000000000e+00 -5.542562584220e+02 -2.234878898820e+03 3.600000000000e+02 5.542562584220e+02 2.204364238465e-14 -3.724778861123e+02 1.000000000000e+00 0.000000000000e+00 6.123233995737e-17 -1.034660794757e+00
P5: 5.542562584220e+02 9.600000000000e+02 5.878304635907e-14 2.399901580811e+04 0.000000000000e+00 9.600000000000e+02 -5.542562584220e+02 2.399901580811e+04 0.000000000000e+00 1.000000000000e+00 6.123233995737e-17 2.499897480011e+01
R0_rect: 1.000000000000e+00 0.000000000000e+00 0.000000000000e+00 0.000000000000e+00 1.000000000000e+00 0.000000000000e+00 0.000000000000e+00 0.000000000000e+00 1.000000000000e+00
Tr_velo_to_p2: 0.000000000000e+00 -1.000000000000e+00 0.000000000000e+00 1.394002510121e-06 0.000000000000e+00 0.000000000000e+00 -1.000000000000e+00 -5.000000252700e-01 1.000000000000e+00 0.000000000000e+00 0.000000000000e+00 -2.240217003955e+00
imu_to_world: -9.845677314615e-03 -9.999514342550e-01 4.379150441515e-04 -5.398555374146e+01 9.999106213071e-01 -9.849234901605e-03 -9.041126540657e-03 4.812475967407e+01 9.045000579747e-03 3.488598893974e-04 9.999590322915e-01 5.469016730785e-02
p2_to_world: -9.999514342550e-01 -4.379150441515e-04 -9.845677314615e-03 -5.400671768188e+01 -9.849234901605e-03 9.041126540657e-03 9.999106213071e-01 5.034635162354e+01 3.488598893974e-04 -9.999590322915e-01 9.045000579747e-03 2.112660408020e+00
