P0: -5.542562584220e+02 0.000000000000e+00 -9.600000000000e+02 -4.301080750527e+03 -4.408728476930e-14 5.542562584220e+02 -3.600000000000e+02 -1.612905281448e+03 -1.224646799147e-16 0.000000000000e+00 -1.000000000000e+00 -4.480292448465e+00
P1: -9.600000000000e+02 0.000000000000e+00 5.542562584220e+02 2.483471891211e+02 -3.600000000000e+02 5.542562584220e+02 2.204364238465e-14 -3.724753089422e+02 -1.000000000000e+00 0.000000000000e+00 6.123233995737e-17 -1.034653635951e+00
P2: 5.542562584220e+02 0.000000000000e+00 9.600000000000e+02 0.000000000000e+00 0.000000000000e+00 5.542562584220e+02 3.600000000000e+02 0.000000000000e+00 0.000000000000e+00 0.000000000000e+00 1.000000000000e+00 0.000000000000e+00
P3: 5.542562584220e+02 0.000000000000e+00 9.600000000000e+02 -4.434064441218e+02 0.000000000000e+00 5.542562584220e+02 3.600000000000e+02 0.000000000000e+00 0.000000000000e+00 0.000000000000e+00 1.000000000000e+00 0.000000000000e+00
P4: 9.600000000000e+02 0.000000000000e+00 -5.542562584220e+02 -2.234887231982e+03 3.600000000000e+02 5.542562584220e+02 2.204364238465e-14 -3.724769041818e+02 1.000000000000e+00 0.000000000000e+00 6.123233995737e-17 -1.034658067172e+00
P5: 5.542562584220e+02 9.600000000000e+02 5.878304635907e-14 2.399923233032e+04 0.000000000000e+00 9.600000000000e+02 -5.542562584220e+02 2.399923233032e+04 0.000000000000e+00 1.000000000000e+00 6.123233995737e-17 2.499920034409e+01
R0_rect: 1.000000000000e+00 0.000000000000e+00 0.000000000000e+00 0.000000000000e+00 1.000000000000e+00 0.000000000000e+00 0.000000000000e+00 0.000000000000e+00 1.000000000000e+00
Tr_velo_to_p2: 0.000000000000e+00 -1.000000000000e+00 0.000000000000e+00 -7.240955399896e-07 0.000000000000e+00 0.000000000000e+00 -1.000000000000e+00 -4.999999223562e-01 1.000000000000e+00 0.000000000000e+00 0.000000000000e+00 -2.240217620764e+00
imu_to_world: 1.797572564259e-02 -9.998384227948e-01 3.988501101327e-05 -5.403061294556e+01 9.998064032003e-01 1.797483068898e-02 -8.003847916443e-03 1.720043754578e+01 8.001837750745e-03 1.837522636338e-04 9.999679679008e-01 5.529178678989e-02
p2_to_world: -9.998384227948e-01 -3.988501101327e-05 1.797572564259e-02 -5.399026107788e+01 1.797483068898e-02 8.003847916443e-03 9.998064032003e-01 1.942391014099e+01 1.837522636338e-04 -9.999679679008e-01 8.001837750745e-03 2.110943317413e+00
