P0: -5.542562584220e+02 0.000000000000e+00 -9.600000000000e+02 -4.301215227836e+03 -4.408728476930e-14 5.542562584220e+02 -3.600000000000e+02 -1.612955710438e+03 -1.224646799147e-16 0.000000000000e+00 -1.000000000000e+00 -4.480432528996e+00
P1: -9.600000000000e+02 0.000000000000e+00 5.542562584220e+02 2.483874343286e+02 -3.600000000000e+02 5.542562584220e+02 2.204364238465e-14 -3.724754415402e+02 -1.000000000000e+00 0.000000000000e+00 6.123233995737e-17 -1.034654004278e+00
P2: 5.542562584220e+02 0.000000000000e+00 9.600000000000e+02 0.000000000000e+00 0.000000000000e+00 5.542562584220e+02 3.600000000000e+02 0.000000000000e+00 0.000000000000e+00 0.000000000000e+00 1.000000000000e+00 0.000000000000e+00
P3: 5.542562584220e+02 0.000000000000e+00 9.600000000000e+02 -4.434037154354e+02 0.000000000000e+00 5.542562584220e+02 3.600000000000e+02 0.000000000000e+00 0.000000000000e+00 0.000000000000e+00 1.000000000000e+00 0.000000000000e+00
P4: 9.600000000000e+02 0.000000000000e+00 -5.542562584220e+02 -2.234930932700e+03 3.600000000000e+02 5.542562584220e+02 2.204364238465e-14 -3.724778532674e+02 1.000000000000e+00 0.000000000000e+00 6.123233995737e-17 -1.034660703520e+00
P5: 5.542562584220e+02 9.600000000000e+02 5.878304635907e-14 2.399999336243e+04 0.000000000000e+00 9.600000000000e+02 -5.542562584220e+02 2.399999336243e+04 0.000000000000e+00 1.000000000000e+00 6.123233995737e-17 2.499999308586e+01
R0_rect: 1.000000000000e+00 0.000000000000e+00 0.000000000000e+00 0.000000000000e+00 1.000000000000e+00 0.000000000000e+00 0.000000000000e+00 0.000000000000e+00 1.000000000000e+00
Tr_velo_to_p2: 0.000000000000e+00 -1.000000000000e+00 0.000000000000e+00 1.385977091458e-06 0.000000000000e+00 0.000000000000e+00 -1.000000000000e+00 -4.999996705557e-01 1.000000000000e+00 0.000000000000e+00 0.000000000000e+00 -2.240216672901e+00
imu_to_world: -1.467641728456e-02 -9.998922955804e-01 -3.815675233559e-06 -5.421984100342e+01 9.998920999471e-01 -1.467641202566e-02 -6.256144467204e-04 6.678665924072e+01 6.254910648577e-04 -1.299704220132e-05 9.999998042960e-01 5.819652602077e-02
p2_to_world: -9.998922955804e-01 3.815675233559e-06 -1.467641728456e-02 -5.425272750854e+01 -1.467641202566e-02 6.256144467204e-04 9.998920999471e-01 6.902536010742e+01 -1.299704220132e-05 -9.999998042960e-01 6.254910648577e-04 2.097388505936e+00
