P0: -5.542562584220e+02 0.000000000000e+00 -9.600000000000e+02 -4.301196480186e+03 -4.408728476930e-14 5.542562584220e+02 -3.600000000000e+02 -1.612948680070e+03 -1.224646799147e-16 0.000000000000e+00 -1.000000000000e+00 -4.480413000194e+00
P1: -9.600000000000e+02 0.000000000000e+00 5.542562584220e+02 2.483770922506e+02 -3.600000000000e+02 5.542562584220e+02 2.204364238465e-14 -3.724759651464e+02 -1.000000000000e+00 0.000000000000e+00 6.123233995737e-17 -1.034655458740e+00
P2: 5.542562584220e+02 0.000000000000e+00 9.600000000000e+02 0.000000000000e+00 0.000000000000e+00 5.542562584220e+02 3.600000000000e+02 0.000000000000e+00 0.000000000000e+00 0.000000000000e+00 1.000000000000e+00 0.000000000000e+00
P3: 5.542562584220e+02 0.000000000000e+00 9.600000000000e+02 -4.434058713265e+02 0.000000000000e+00 5.542562584220e+02 3.600000000000e+02 0.000000000000e+00 0.000000000000e+00 0.000000000000e+00 1.000000000000e+00 0.000000000000e+00
P4: 9.600000000000e+02 0.000000000000e+00 -5.542562584220e+02 -2.234920927746e+03 3.600000000000e+02 5.542562584220e+02 2.204364238465e-14 -3.724771608098e+02 1.000000000000e+00 0.000000000000e+00 6.123233995737e-17 -1.034658780027e+00
P5: 5.542562584220e+02 9.600000000000e+02 5.878304635907e-14 2.399985282898e+04 0.000000000000e+00 9.600000000000e+02 -5.542562584220e+02 2.399985282898e+04 0.000000000000e+00 1.000000000000e+00 6.123233995737e-17 2.499984669685e+01
R0_rect: 1.000000000000e+00 0.000000000000e+00 0.000000000000e+00 0.000000000000e+00 1.000000000000e+00 0.000000000000e+00 0.000000000000e+00 0.000000000000e+00 1.000000000000e+00
Tr_velo_to_p2: 0.000000000000e+00 -1.000000000000e+00 0.000000000000e+00 2.679206263817e-06 0.000000000000e+00 0.000000000000e+00 -1.000000000000e+00 -5.000001225610e-01 1.000000000000e+00 0.000000000000e+00 0.000000000000e+00 -2.240216196705e+00
imu_to_world: -1.401753597026e-02 -9.999017475469e-01 -6.275310503933e-05 -5.417398834229e+01 9.998956168791e-01 -1.401766977455e-02 3.501468277763e-03 6.388147354126e+01 -3.502003902219e-03 -1.366459714212e-05 9.999938678722e-01 5.999908223748e-02
p2_to_world: -9.999017475469e-01 6.275310503933e-05 -1.401753597026e-02 -5.420551681519e+01 -1.401766977455e-02 -3.501468277763e-03 9.998956168791e-01 6.612859344482e+01 -1.366459714212e-05 -9.999938678722e-01 -3.502003902219e-03 2.089932203293e+00
