P0: -5.542562584220e+02 0.000000000000e+00 -9.600000000000e+02 -4.301136373741e+03 -4.408728476930e-14 5.542562584220e+02 -3.600000000000e+02 -1.612926140153e+03 -1.224646799147e-16 0.000000000000e+00 -1.000000000000e+00 -4.480350389313e+00
P1: -9.600000000000e+02 0.000000000000e+00 5.542562584220e+02 2.483552183026e+02 -3.600000000000e+02 5.542562584220e+02 2.204364238465e-14 -3.724774556955e+02 -1.000000000000e+00 0.000000000000e+00 6.123233995737e-17 -1.034659599154e+00
P2: 5.542562584220e+02 0.000000000000e+00 9.600000000000e+02 0.000000000000e+00 0.000000000000e+00 5.542562584220e+02 3.600000000000e+02 0.000000000000e+00 0.000000000000e+00 0.000000000000e+00 1.000000000000e+00 0.000000000000e+00
P3: 5.542562584220e+02 0.000000000000e+00 9.600000000000e+02 -4.434051046017e+02 0.000000000000e+00 5.542562584220e+02 3.600000000000e+02 0.000000000000e+00 0.000000000000e+00 0.000000000000e+00 1.000000000000e+00 0.000000000000e+00
P4: 9.600000000000e+02 0.000000000000e+00 -5.542562584220e+02 -2.234907161762e+03 3.600000000000e+02 5.542562584220e+02 2.204364238465e-14 -3.724782998848e+02 1.000000000000e+00 0.000000000000e+00 6.123233995737e-17 -1.034661944124e+00
P5: 5.542562584220e+02 9.600000000000e+02 5.878304635907e-14 2.399952919006e+04 0.000000000000e+00 9.600000000000e+02 -5.542562584220e+02 2.399952919006e+04 0.000000000000e+00 1.000000000000e+00 6.123233995737e-17 2.499950957298e+01
R0_rect: 1.000000000000e+00 0.000000000000e+00 0.000000000000e+00 0.000000000000e+00 1.000000000000e+00 0.000000000000e+00 0.000000000000e+00 0.000000000000e+00 1.000000000000e+00
Tr_velo_to_p2: 0.000000000000e+00 -1.000000000000e+00 0.000000000000e+00 3.013081790339e-06 0.000000000000e+00 0.000000000000e+00 -1.000000000000e+00 -4.999999553991e-01 1.000000000000e+00 0.000000000000e+00 0.000000000000e+00 -2.240218928427e+00
imu_to_world: -3.446189968991e-03 -9.999938662674e-01 6.254616717118e-04 -5.390393066406e+01 9.999746732097e-01 -3.450017333104e-03 -6.224975462224e-03 3.721924591064e+01 6.227095133497e-03 6.039933827801e-04 9.999804290476e-01 5.591731891036e-02
p2_to_world: -9.999938662674e-01 -6.254616717118e-04 -3.446189968991e-03 -5.391037368774e+01 -3.450017333104e-03 6.224975462224e-03 9.999746732097e-01 3.944672012329e+01 6.039933827801e-04 -9.999804290476e-01 6.227095133497e-03 2.107618570328e+00
