P0: -5.542562584220e+02 0.000000000000e+00 -9.600000000000e+02 -4.300945998773e+03 -4.408728476930e-14 5.542562584220e+02 -3.600000000000e+02 -1.612854749540e+03 -1.224646799147e-16 0.000000000000e+00 -1.000000000000e+00 -4.480152082055e+00
P1: -9.600000000000e+02 0.000000000000e+00 5.542562584220e+02 2.483077989759e+02 -3.600000000000e+02 5.542562584220e+02 2.204364238465e-14 -3.724761431108e+02 -1.000000000000e+00 0.000000000000e+00 6.123233995737e-17 -1.034655953086e+00
P2: 5.542562584220e+02 0.000000000000e+00 9.600000000000e+02 0.000000000000e+00 0.000000000000e+00 5.542562584220e+02 3.600000000000e+02 0.000000000000e+00 0.000000000000e+00 0.000000000000e+00 1.000000000000e+00 0.000000000000e+00
P3: 5.542562584220e+02 0.000000000000e+00 9.600000000000e+02 -4.434042631016e+02 0.000000000000e+00 5.542562584220e+02 3.600000000000e+02 0.000000000000e+00 0.000000000000e+00 0.000000000000e+00 1.000000000000e+00 0.000000000000e+00
P4: 9.600000000000e+02 0.000000000000e+00 -5.542562584220e+02 -2.234844864328e+03 3.600000000000e+02 5.542562584220e+02 2.204364238465e-14 -3.724770650351e+02 1.000000000000e+00 0.000000000000e+00 6.123233995737e-17 -1.034658513986e+00
P5: 5.542562584220e+02 9.600000000000e+02 5.878304635907e-14 2.399848365784e+04 0.000000000000e+00 9.600000000000e+02 -5.542562584220e+02 2.399848365784e+04 0.000000000000e+00 1.000000000000e+00 6.123233995737e-17 2.499842047691e+01
R0_rect: 1.000000000000e+00 0.000000000000e+00 0.000000000000e+00 0.000000000000e+00 1.000000000000e+00 0.000000000000e+00 0.000000000000e+00 0.000000000000e+00 1.000000000000e+00
Tr_velo_to_p2: 0.000000000000e+00 -1.000000000000e+00 0.000000000000e+00 -1.035708659238e-06 0.000000000000e+00 0.000000000000e+00 -1.000000000000e+00 -5.000000452011e-01 1.000000000000e+00 0.000000000000e+00 0.000000000000e+00 -2.240216945527e+00
imu_to_world: -5.217179697807e-03 -9.999863393528e-01 3.195992623777e-04 -5.391810989380e+01 9.999233941053e-01 -5.213263358988e-03 1.122621067528e-02 4.011532974243e+01 -1.122439116286e-02 3.781439376086e-04 9.999369330364e-01 6.352138519287e-02
p2_to_world: -9.999863393528e-01 -3.195992623777e-04 -5.217179697807e-03 -5.392914581299e+01 -5.213263358988e-03 -1.122621067528e-02 9.999233941053e-01 4.237825012207e+01 3.781439376086e-04 -9.999369330364e-01 -1.122439116286e-02 2.076038599014e+00
