P0: -5.542562584220e+02 0.000000000000e+00 -9.600000000000e+02 -4.300973269656e+03 -4.408728476930e-14 5.542562584220e+02 -3.600000000000e+02 -1.612864976121e+03 -1.224646799147e-16 0.000000000000e+00 -1.000000000000e+00 -4.480180489225e+00
P1: -9.600000000000e+02 0.000000000000e+00 5.542562584220e+02 2.483078960097e+02 -3.600000000000e+02 5.542562584220e+02 2.204364238465e-14 -3.724767772353e+02 -1.000000000000e+00 0.000000000000e+00 6.123233995737e-17 -1.034657714542e+00
P2: 5.542562584220e+02 0.000000000000e+00 9.600000000000e+02 0.000000000000e+00 0.000000000000e+00 5.542562584220e+02 3.600000000000e+02 0.000000000000e+00 0.000000000000e+00 0.000000000000e+00 1.000000000000e+00 0.000000000000e+00
P3: 5.542562584220e+02 0.000000000000e+00 9.600000000000e+02 -4.434034855322e+02 0.000000000000e+00 5.542562584220e+02 3.600000000000e+02 0.000000000000e+00 0.000000000000e+00 0.000000000000e+00 1.000000000000e+00 0.000000000000e+00
P4: 9.600000000000e+02 0.000000000000e+00 -5.542562584220e+02 -2.234854710531e+03 3.600000000000e+02 5.542562584220e+02 2.204364238465e-14 -3.724751229885e+02 1.000000000000e+00 0.000000000000e+00 6.123233995737e-17 -1.034653119412e+00
P5: 5.542562584220e+02 9.600000000000e+02 5.878304635907e-14 2.399862693787e+04 0.000000000000e+00 9.600000000000e+02 -5.542562584220e+02 2.399862693787e+04 0.000000000000e+00 1.000000000000e+00 6.123233995737e-17 2.499856972694e+01
R0_rect: 1.000000000000e+00 0.000000000000e+00 0.000000000000e+00 0.000000000000e+00 1.000000000000e+00 0.000000000000e+00 0.000000000000e+00 0.000000000000e+00 1.000000000000e+00
Tr_velo_to_p2: 0.000000000000e+00 -1.000000000000e+00 0.000000000000e+00 -8.630527998347e-07 0.000000000000e+00 0.000000000000e+00 -1.000000000000e+00 -4.999997874036e-01 1.000000000000e+00 0.000000000000e+00 0.000000000000e+00 -2.240218567289e+00
imu_to_world: 4.871956767061e-03 -9.999878968408e-01 6.857179779640e-04 -5.390127944946e+01 9.999312435464e-01 4.864364140587e-03 -1.066987072494e-02 2.871025848389e+01 1.066640600385e-02 7.376539793097e-04 9.999428401912e-01 5.398098006845e-02
p2_to_world: -9.999878968408e-01 -6.857179779640e-04 4.871956767061e-03 -5.388896942139e+01 4.864364140587e-03 1.066987072494e-02 9.999312435464e-01 3.092857933044e+01 7.376539793097e-04 -9.999428401912e-01 1.066640600385e-02 2.115550756454e+00
