P0: -5.542562584220e+02 0.000000000000e+00 -9.600000000000e+02 -4.301142175848e+03 -4.408728476930e-14 5.542562584220e+02 -3.600000000000e+02 -1.612928315943e+03 -1.224646799147e-16 0.000000000000e+00 -1.000000000000e+00 -4.480356433175e+00
P1: -9.600000000000e+02 0.000000000000e+00 5.542562584220e+02 2.483590995870e+02 -3.600000000000e+02 5.542562584220e+02 2.204364238465e-14 -3.724774195451e+02 -1.000000000000e+00 0.000000000000e+00 6.123233995737e-17 -1.034659498736e+00
P2: 5.542562584220e+02 0.000000000000e+00 9.600000000000e+02 0.000000000000e+00 0.000000000000e+00 5.542562584220e+02 3.600000000000e+02 0.000000000000e+00 0.000000000000e+00 0.000000000000e+00 1.000000000000e+00 0.000000000000e+00
P3: 5.542562584220e+02 0.000000000000e+00 9.600000000000e+02 -4.434042504398e+02 0.000000000000e+00 5.542562584220e+02 3.600000000000e+02 0.000000000000e+00 0.000000000000e+00 0.000000000000e+00 1.000000000000e+00 0.000000000000e+00
P4: 9.600000000000e+02 0.000000000000e+00 -5.542562584220e+02 -2.234903037039e+03 3.600000000000e+02 5.542562584220e+02 2.204364238465e-14 -3.724761233866e+02 1.000000000000e+00 0.000000000000e+00 6.123233995737e-17 -1.034655898296e+00
P5: 5.542562584220e+02 9.600000000000e+02 5.878304635907e-14 2.399956787109e+04 0.000000000000e+00 9.600000000000e+02 -5.542562584220e+02 2.399956787109e+04 0.000000000000e+00 1.000000000000e+00 6.123233995737e-17 2.499954986572e+01
R0_rect: 1.000000000000e+00 0.000000000000e+00 0.000000000000e+00 0.000000000000e+00 1.000000000000e+00 0.000000000000e+00 0.000000000000e+00 0.000000000000e+00 1.000000000000e+00
Tr_velo_to_p2: 0.000000000000e+00 -1.000000000000e+00 0.000000000000e+00 -1.722210976543e-06 0.000000000000e+00 0.000000000000e+00 -1.000000000000e+00 -5.000001234230e-01 1.000000000000e+00 0.000000000000e+00 0.000000000000e+00 -2.240219410770e+00
imu_to_world: 1.658630662708e-02 -9.998624209545e-01 1.832908589980e-04 -5.399097061157e+01 9.998444429504e-01 1.658490803160e-02 -6.002560015389e-03 1.956536102295e+01 5.998694326872e-03 2.828226477755e-04 9.999819676763e-01 5.602527409792e-02
p2_to_world: -9.998624209545e-01 -1.832908589980e-04 1.658630662708e-02 -5.395344161987e+01 1.658490803160e-02 6.002560015389e-03 9.998444429504e-01 2.179299926758e+01 2.828226477755e-04 -9.999819676763e-01 5.998694326872e-03 2.107217788696e+00
