P0: -5.542562584220e+02 0.000000000000e+00 -9.600000000000e+02 -4.301204494179e+03 -4.408728476930e-14 5.542562584220e+02 -3.600000000000e+02 -1.612951685317e+03 -1.224646799147e-16 0.000000000000e+00 -1.000000000000e+00 -4.480421348103e+00
P1: -9.600000000000e+02 0.000000000000e+00 5.542562584220e+02 2.483820536607e+02 -3.600000000000e+02 5.542562584220e+02 2.204364238465e-14 -3.724757476694e+02 -1.000000000000e+00 0.000000000000e+00 6.123233995737e-17 -1.034654854637e+00
P2: 5.542562584220e+02 0.000000000000e+00 9.600000000000e+02 0.000000000000e+00 0.000000000000e+00 5.542562584220e+02 3.600000000000e+02 0.000000000000e+00 0.000000000000e+00 0.000000000000e+00 1.000000000000e+00 0.000000000000e+00
P3: 5.542562584220e+02 0.000000000000e+00 9.600000000000e+02 -4.434050717778e+02 0.000000000000e+00 5.542562584220e+02 3.600000000000e+02 0.000000000000e+00 0.000000000000e+00 0.000000000000e+00 1.000000000000e+00 0.000000000000e+00
P4: 9.600000000000e+02 0.000000000000e+00 -5.542562584220e+02 -2.234927380136e+03 3.600000000000e+02 5.542562584220e+02 2.204364238465e-14 -3.724779135694e+02 1.000000000000e+00 0.000000000000e+00 6.123233995737e-17 -1.034660871026e+00
P5: 5.542562584220e+02 9.600000000000e+02 5.878304635907e-14 2.399990592957e+04 0.000000000000e+00 9.600000000000e+02 -5.542562584220e+02 2.399990592957e+04 0.000000000000e+00 1.000000000000e+00 6.123233995737e-17 2.499990200996e+01
R0_rect: 1.000000000000e+00 0.000000000000e+00 0.000000000000e+00 0.000000000000e+00 1.000000000000e+00 0.000000000000e+00 0.000000000000e+00 0.000000000000e+00 1.000000000000e+00
Tr_velo_to_p2: 0.000000000000e+00 -1.000000000000e+00 0.000000000000e+00 6.393859774717e-06 0.000000000000e+00 0.000000000000e+00 -1.000000000000e+00 -5.000001593344e-01 1.000000000000e+00 0.000000000000e+00 0.000000000000e+00 -2.240221424699e+00
imu_to_world: -1.353451735694e-02 -9.999083906289e-01 -1.648932511870e-04 -5.415462112427e+01 9.999044882414e-01 -1.353492569458e-02 2.796458681484e-03 6.252825164795e+01 -2.798434317565e-03 -1.270287833801e-04 9.999960763068e-01 5.962768569589e-02
p2_to_world: -9.999083906289e-01 1.648932511870e-04 -1.353451735694e-02 -5.418527603149e+01 -1.353492569458e-02 -2.796458681484e-03 9.999044882414e-01 6.477395629883e+01 -1.270287833801e-04 -9.999960763068e-01 -2.798434317565e-03 2.091141462326e+00
