P0: -5.542562584220e+02 0.000000000000e+00 -9.600000000000e+02 -4.301194004747e+03 -4.408728476930e-14 5.542562584220e+02 -3.600000000000e+02 -1.612947751780e+03 -1.224646799147e-16 0.000000000000e+00 -1.000000000000e+00 -4.480410421612e+00
P1: -9.600000000000e+02 0.000000000000e+00 5.542562584220e+02 2.483800341688e+02 -3.600000000000e+02 5.542562584220e+02 2.204364238465e-14 -3.724761962685e+02 -1.000000000000e+00 0.000000000000e+00 6.123233995737e-17 -1.034656100746e+00
P2: 5.542562584220e+02 0.000000000000e+00 9.600000000000e+02 0.000000000000e+00 0.000000000000e+00 5.542562584220e+02 3.600000000000e+02 0.000000000000e+00 0.000000000000e+00 0.000000000000e+00 1.000000000000e+00 0.000000000000e+00
P3: 5.542562584220e+02 0.000000000000e+00 9.600000000000e+02 -4.434064214669e+02 0.000000000000e+00 5.542562584220e+02 3.600000000000e+02 0.000000000000e+00 0.000000000000e+00 0.000000000000e+00 1.000000000000e+00 0.000000000000e+00
P4: 9.600000000000e+02 0.000000000000e+00 -5.542562584220e+02 -2.234917454725e+03 3.600000000000e+02 5.542562584220e+02 2.204364238465e-14 -3.724761431450e+02 1.000000000000e+00 0.000000000000e+00 6.123233995737e-17 -1.034655953181e+00
P5: 5.542562584220e+02 9.600000000000e+02 5.878304635907e-14 2.399986633301e+04 0.000000000000e+00 9.600000000000e+02 -5.542562584220e+02 2.399986633301e+04 0.000000000000e+00 1.000000000000e+00 6.123233995737e-17 2.499986076355e+01
R0_rect: 1.000000000000e+00 0.000000000000e+00 0.000000000000e+00 0.000000000000e+00 1.000000000000e+00 0.000000000000e+00 0.000000000000e+00 0.000000000000e+00 1.000000000000e+00
Tr_velo_to_p2: 0.000000000000e+00 -1.000000000000e+00 0.000000000000e+00 -1.074276740297e-06 0.000000000000e+00 0.000000000000e+00 -1.000000000000e+00 -4.999997756390e-01 1.000000000000e+00 0.000000000000e+00 0.000000000000e+00 -2.240216296323e+00
imu_to_world: -1.508868174069e-02 -9.998861516760e-01 -1.239751866591e-04 -5.419884109497e+01 9.998806424636e-01 -1.508901025262e-02 3.320029530659e-03 6.547413635254e+01 -3.321522213724e-03 -7.386552032842e-05 9.999944810018e-01 5.990535765886e-02
p2_to_world: -9.998861516760e-01 1.239751866591e-04 -1.508868174069e-02 -5.423289489746e+01 -1.508901025262e-02 -3.320029530659e-03 9.998806424636e-01 6.772085571289e+01 -7.386552032842e-05 -9.999944810018e-01 -3.321522213724e-03 2.090244293213e+00
