P0: -5.542562584220e+02 0.000000000000e+00 -9.600000000000e+02 -4.301078901239e+03 -4.408728476930e-14 5.542562584220e+02 -3.600000000000e+02 -1.612904587965e+03 -1.224646799147e-16 0.000000000000e+00 -1.000000000000e+00 -4.480290522124e+00
P1: -9.600000000000e+02 0.000000000000e+00 5.542562584220e+02 2.483396441154e+02 -3.600000000000e+02 5.542562584220e+02 2.204364238465e-14 -3.724767198327e+02 -1.000000000000e+00 0.000000000000e+00 6.123233995737e-17 -1.034657555091e+00
P2: 5.542562584220e+02 0.000000000000e+00 9.600000000000e+02 0.000000000000e+00 0.000000000000e+00 5.542562584220e+02 3.600000000000e+02 0.000000000000e+00 0.000000000000e+00 0.000000000000e+00 1.000000000000e+00 0.000000000000e+00
P3: 5.542562584220e+02 0.000000000000e+00 9.600000000000e+02 -4.434052517727e+02 0.000000000000e+00 5.542562584220e+02 3.600000000000e+02 0.000000000000e+00 0.000000000000e+00 0.000000000000e+00 1.000000000000e+00 0.000000000000e+00
P4: 9.600000000000e+02 0.000000000000e+00 -5.542562584220e+02 -2.234890424594e+03 3.600000000000e+02 5.542562584220e+02 2.204364238465e-14 -3.724770975600e+02 1.000000000000e+00 0.000000000000e+00 6.123233995737e-17 -1.034658604333e+00
P5: 5.542562584220e+02 9.600000000000e+02 5.878304635907e-14 2.399921195984e+04 0.000000000000e+00 9.600000000000e+02 -5.542562584220e+02 2.399921195984e+04 0.000000000000e+00 1.000000000000e+00 6.123233995737e-17 2.499917912483e+01
R0_rect: 1.000000000000e+00 0.000000000000e+00 0.000000000000e+00 0.000000000000e+00 1.000000000000e+00 0.000000000000e+00 0.000000000000e+00 0.000000000000e+00 1.000000000000e+00
Tr_velo_to_p2: 0.000000000000e+00 -1.000000000000e+00 0.000000000000e+00 2.523684994750e-06 0.000000000000e+00 0.000000000000e+00 -1.000000000000e+00 -4.999998188436e-01 1.000000000000e+00 0.000000000000e+00 0.000000000000e+00 -2.240218374228e+00
imu_to_world: 1.740052048484e-03 -9.999982476126e-01 6.906450505037e-04 -5.389479064941e+01 9.999659998079e-01 1.734428153407e-03 -8.061698782188e-03 3.137927818298e+01 8.060486780749e-03 7.046493439195e-04 9.999672654753e-01 5.512386187911e-02
p2_to_world: -9.999982476126e-01 -6.906450505037e-04 1.740052048484e-03 -5.388948059082e+01 1.734428153407e-03 8.061698782188e-03 9.999659998079e-01 3.360299301147e+01 7.046493439195e-04 -9.999672654753e-01 8.060486780749e-03 2.110905408859e+00
