P0: -5.542562584220e+02 0.000000000000e+00 -9.600000000000e+02 -4.299306026375e+03 -4.408728476930e-14 5.542562584220e+02 -3.600000000000e+02 -1.612239759891e+03 -1.224646799147e-16 0.000000000000e+00 -1.000000000000e+00 -4.478443777474e+00
P1: -9.600000000000e+02 0.000000000000e+00 5.542562584220e+02 2.478332749450e+02 -3.600000000000e+02 5.542562584220e+02 2.204364238465e-14 -3.724754341613e+02 -1.000000000000e+00 0.000000000000e+00 6.123233995737e-17 -1.034653983781e+00
P2: 5.542562584220e+02 0.000000000000e+00 9.600000000000e+02 0.000000000000e+00 0.000000000000e+00 5.542562584220e+02 3.600000000000e+02 0.000000000000e+00 0.000000000000e+00 0.000000000000e+00 1.000000000000e+00 0.000000000000e+00
P3: 5.542562584220e+02 0.000000000000e+00 9.600000000000e+02 -4.434050054139e+02 0.000000000000e+00 5.542562584220e+02 3.600000000000e+02 0.000000000000e+00 0.000000000000e+00 0.000000000000e+00 1.000000000000e+00 0.000000000000e+00
P4: 9.600000000000e+02 0.000000000000e+00 -5.542562584220e+02 -2.234378926296e+03 3.600000000000e+02 5.542562584220e+02 2.204364238465e-14 -3.724779673434e+02 1.000000000000e+00 0.000000000000e+00 6.123233995737e-17 -1.034661020398e+00
P5: 5.542562584220e+02 9.600000000000e+02 5.878304635907e-14 2.398931282043e+04 0.000000000000e+00 9.600000000000e+02 -5.542562584220e+02 2.398931282043e+04 0.000000000000e+00 1.000000000000e+00 6.123233995737e-17 2.498886752129e+01
R0_rect: 1.000000000000e+00 0.000000000000e+00 0.000000000000e+00 0.000000000000e+00 1.000000000000e+00 0.000000000000e+00 0.000000000000e+00 0.000000000000e+00 1.000000000000e+00
Tr_velo_to_p2: 0.000000000000e+00 -1.000000000000e+00 0.000000000000e+00 -1.755298161589e-06 0.000000000000e+00 0.000000000000e+00 -1.000000000000e+00 -4.999999032893e-01 1.000000000000e+00 0.000000000000e+00 0.000000000000e+00 -2.240220390307e+00
imu_to_world: -1.077107470154e-02 -9.999418751937e-01 -4.797748796479e-04 -5.407250976562e+01 9.994966533159e-01 -1.078059455652e-02 2.983653450468e-02 5.608541870117e+01 -2.983997252035e-02 -1.581618445682e-04 9.995546763558e-01 7.172710448503e-02
p2_to_world: -9.999418751937e-01 4.797748796479e-04 -1.077107470154e-02 -5.409761428833e+01 -1.078059455652e-02 -2.983653450468e-02 9.994966533159e-01 5.838531112671e+01 -1.581618445682e-04 -9.995546763558e-01 -2.983997252035e-02 2.041762590408e+00
