P0: -5.542562584220e+02 0.000000000000e+00 -9.600000000000e+02 -4.300273371658e+03 -4.408728476930e-14 5.542562584220e+02 -3.600000000000e+02 -1.612602514372e+03 -1.224646799147e-16 0.000000000000e+00 -1.000000000000e+00 -4.479451428810e+00
P1: -9.600000000000e+02 0.000000000000e+00 5.542562584220e+02 2.481095501334e+02 -3.600000000000e+02 5.542562584220e+02 2.204364238465e-14 -3.724767330971e+02 -1.000000000000e+00 0.000000000000e+00 6.123233995737e-17 -1.034657591936e+00
P2: 5.542562584220e+02 0.000000000000e+00 9.600000000000e+02 0.000000000000e+00 0.000000000000e+00 5.542562584220e+02 3.600000000000e+02 0.000000000000e+00 0.000000000000e+00 0.000000000000e+00 1.000000000000e+00 0.000000000000e+00
P3: 5.542562584220e+02 0.000000000000e+00 9.600000000000e+02 -4.434056502074e+02 0.000000000000e+00 5.542562584220e+02 3.600000000000e+02 0.000000000000e+00 0.000000000000e+00 0.000000000000e+00 1.000000000000e+00 0.000000000000e+00
P4: 9.600000000000e+02 0.000000000000e+00 -5.542562584220e+02 -2.234654806585e+03 3.600000000000e+02 5.542562584220e+02 2.204364238465e-14 -3.724768710983e+02 1.000000000000e+00 0.000000000000e+00 6.123233995737e-17 -1.034657975273e+00
P5: 5.542562584220e+02 9.600000000000e+02 5.878304635907e-14 2.399469589233e+04 0.000000000000e+00 9.600000000000e+02 -5.542562584220e+02 2.399469589233e+04 0.000000000000e+00 1.000000000000e+00 6.123233995737e-17 2.499447488785e+01
R0_rect: 1.000000000000e+00 0.000000000000e+00 0.000000000000e+00 0.000000000000e+00 1.000000000000e+00 0.000000000000e+00 0.000000000000e+00 0.000000000000e+00 1.000000000000e+00
Tr_velo_to_p2: 0.000000000000e+00 -1.000000000000e+00 0.000000000000e+00 2.860472130937e-06 0.000000000000e+00 0.000000000000e+00 -1.000000000000e+00 -4.999998780390e-01 1.000000000000e+00 0.000000000000e+00 0.000000000000e+00 -2.240220690969e+00
imu_to_world: -1.253626043398e-02 -9.999213556059e-01 -3.532386188514e-04 -5.413941192627e+01 9.997003470726e-01 -1.254091610468e-02 2.102240438405e-02 6.146143722534e+01 -2.102518102568e-02 -8.959043355840e-05 9.997789424350e-01 6.750129908323e-02
p2_to_world: -9.999213556059e-01 3.532386188514e-04 -1.253626043398e-02 -5.416821670532e+01 -1.254091610468e-02 -2.102240438405e-02 9.997003470726e-01 6.374382781982e+01 -8.959043355840e-05 -9.997789424350e-01 -2.102518102568e-02 2.057740688324e+00
