P0: -5.542562584220e+02 0.000000000000e+00 -9.600000000000e+02 -4.300908588771e+03 -4.408728476930e-14 5.542562584220e+02 -3.600000000000e+02 -1.612840720789e+03 -1.224646799147e-16 0.000000000000e+00 -1.000000000000e+00 -4.480113113303e+00
P1: -9.600000000000e+02 0.000000000000e+00 5.542562584220e+02 2.482941172991e+02 -3.600000000000e+02 5.542562584220e+02 2.204364238465e-14 -3.724750929908e+02 -1.000000000000e+00 0.000000000000e+00 6.123233995737e-17 -1.034653036085e+00
P2: 5.542562584220e+02 0.000000000000e+00 9.600000000000e+02 0.000000000000e+00 0.000000000000e+00 5.542562584220e+02 3.600000000000e+02 0.000000000000e+00 0.000000000000e+00 0.000000000000e+00 1.000000000000e+00 0.000000000000e+00
P3: 5.542562584220e+02 0.000000000000e+00 9.600000000000e+02 -4.434060607964e+02 0.000000000000e+00 5.542562584220e+02 3.600000000000e+02 0.000000000000e+00 0.000000000000e+00 0.000000000000e+00 1.000000000000e+00 0.000000000000e+00
P4: 9.600000000000e+02 0.000000000000e+00 -5.542562584220e+02 -2.234847512919e+03 3.600000000000e+02 5.542562584220e+02 2.204364238465e-14 -3.724783777283e+02 1.000000000000e+00 0.000000000000e+00 6.123233995737e-17 -1.034662160356e+00
P5: 5.542562584220e+02 9.600000000000e+02 5.878304635907e-14 2.399826210022e+04 0.000000000000e+00 9.600000000000e+02 -5.542562584220e+02 2.399826210022e+04 0.000000000000e+00 1.000000000000e+00 6.123233995737e-17 2.499818968773e+01
R0_rect: 1.000000000000e+00 0.000000000000e+00 0.000000000000e+00 0.000000000000e+00 1.000000000000e+00 0.000000000000e+00 0.000000000000e+00 0.000000000000e+00 1.000000000000e+00
Tr_velo_to_p2: 0.000000000000e+00 -1.000000000000e+00 0.000000000000e+00 4.588748583322e-07 0.000000000000e+00 0.000000000000e+00 -1.000000000000e+00 -4.999997419075e-01 1.000000000000e+00 0.000000000000e+00 0.000000000000e+00 -2.240218748086e+00
imu_to_world: 5.946774419700e-03 -9.999821004047e-01 6.593513915006e-04 -5.390502166748e+01 9.999102305104e-01 5.938427355074e-03 -1.201107826618e-02 2.786325645447e+01 1.200694776240e-02 7.307193748491e-04 9.999276470098e-01 5.339546129107e-02
p2_to_world: -9.999821004047e-01 -6.593513915006e-04 5.946774419700e-03 -5.389035415649e+01 5.938427355074e-03 1.201107826618e-02 9.999102305104e-01 3.007879829407e+01 7.307193748491e-04 -9.999276470098e-01 1.200694776240e-02 2.117937326431e+00
