P0: -5.542562584220e+02 0.000000000000e+00 -9.600000000000e+02 -4.301178778951e+03 -4.408728476930e-14 5.542562584220e+02 -3.600000000000e+02 -1.612942042107e+03 -1.224646799147e-16 0.000000000000e+00 -1.000000000000e+00 -4.480394561408e+00
P1: -9.600000000000e+02 0.000000000000e+00 5.542562584220e+02 2.483689653575e+02 -3.600000000000e+02 5.542562584220e+02 2.204364238465e-14 -3.724772320681e+02 -1.000000000000e+00 0.000000000000e+00 6.123233995737e-17 -1.034658977967e+00
P2: 5.542562584220e+02 0.000000000000e+00 9.600000000000e+02 0.000000000000e+00 0.000000000000e+00 5.542562584220e+02 3.600000000000e+02 0.000000000000e+00 0.000000000000e+00 0.000000000000e+00 1.000000000000e+00 0.000000000000e+00
P3: 5.542562584220e+02 0.000000000000e+00 9.600000000000e+02 -4.434061095323e+02 0.000000000000e+00 5.542562584220e+02 3.600000000000e+02 0.000000000000e+00 0.000000000000e+00 0.000000000000e+00 1.000000000000e+00 0.000000000000e+00
P4: 9.600000000000e+02 0.000000000000e+00 -5.542562584220e+02 -2.234912488133e+03 3.600000000000e+02 5.542562584220e+02 2.204364238465e-14 -3.724768283035e+02 1.000000000000e+00 0.000000000000e+00 6.123233995737e-17 -1.034657856399e+00
P5: 5.542562584220e+02 9.600000000000e+02 5.878304635907e-14 2.399976814270e+04 0.000000000000e+00 9.600000000000e+02 -5.542562584220e+02 2.399976814270e+04 0.000000000000e+00 1.000000000000e+00 6.123233995737e-17 2.499975848198e+01
R0_rect: 1.000000000000e+00 0.000000000000e+00 0.000000000000e+00 0.000000000000e+00 1.000000000000e+00 0.000000000000e+00 0.000000000000e+00 0.000000000000e+00 1.000000000000e+00
Tr_velo_to_p2: 0.000000000000e+00 -1.000000000000e+00 0.000000000000e+00 -4.329183628445e-07 0.000000000000e+00 0.000000000000e+00 -1.000000000000e+00 -4.999999179008e-01 1.000000000000e+00 0.000000000000e+00 0.000000000000e+00 -2.240214140761e+00
imu_to_world: -1.536009638633e-02 -9.998820246396e-01 6.512724256734e-05 -5.421117401123e+01 9.998724950193e-01 -1.536023433458e-02 -4.365421524835e-03 6.625566864014e+01 4.365906882364e-03 -1.934356868863e-06 9.999904693813e-01 5.657321959734e-02
p2_to_world: -9.998820246396e-01 -6.512724256734e-05 -1.536009638633e-02 -5.424545288086e+01 -1.536023433458e-02 4.365421524835e-03 9.998724950193e-01 6.848670196533e+01 -1.934356868863e-06 -9.999904693813e-01 4.365906882364e-03 2.104125261307e+00
