P0: -5.542562584220e+02 0.000000000000e+00 -9.600000000000e+02 -4.301135152048e+03 -4.408728476930e-14 5.542562584220e+02 -3.600000000000e+02 -1.612925682018e+03 -1.224646799147e-16 0.000000000000e+00 -1.000000000000e+00 -4.480349116717e+00
P1: -9.600000000000e+02 0.000000000000e+00 5.542562584220e+02 2.483582803996e+02 -3.600000000000e+02 5.542562584220e+02 2.204364238465e-14 -3.724769559054e+02 -1.000000000000e+00 0.000000000000e+00 6.123233995737e-17 -1.034658210848e+00
P2: 5.542562584220e+02 0.000000000000e+00 9.600000000000e+02 0.000000000000e+00 0.000000000000e+00 5.542562584220e+02 3.600000000000e+02 0.000000000000e+00 0.000000000000e+00 0.000000000000e+00 1.000000000000e+00 0.000000000000e+00
P3: 5.542562584220e+02 0.000000000000e+00 9.600000000000e+02 -4.434034530955e+02 0.000000000000e+00 5.542562584220e+02 3.600000000000e+02 0.000000000000e+00 0.000000000000e+00 0.000000000000e+00 1.000000000000e+00 0.000000000000e+00
P4: 9.600000000000e+02 0.000000000000e+00 -5.542562584220e+02 -2.234899262905e+03 3.600000000000e+02 5.542562584220e+02 2.204364238465e-14 -3.724754714635e+02 1.000000000000e+00 0.000000000000e+00 6.123233995737e-17 -1.034654087399e+00
P5: 5.542562584220e+02 9.600000000000e+02 5.878304635907e-14 2.399952827454e+04 0.000000000000e+00 9.600000000000e+02 -5.542562584220e+02 2.399952827454e+04 0.000000000000e+00 1.000000000000e+00 6.123233995737e-17 2.499950861931e+01
R0_rect: 1.000000000000e+00 0.000000000000e+00 0.000000000000e+00 0.000000000000e+00 1.000000000000e+00 0.000000000000e+00 0.000000000000e+00 0.000000000000e+00 1.000000000000e+00
Tr_velo_to_p2: 0.000000000000e+00 -1.000000000000e+00 0.000000000000e+00 -7.213902328871e-07 0.000000000000e+00 0.000000000000e+00 -1.000000000000e+00 -5.000000224977e-01 1.000000000000e+00 0.000000000000e+00 0.000000000000e+00 -2.240217715932e+00
imu_to_world: 1.704533531645e-02 -9.998547084458e-01 1.361715666003e-04 -5.400084686279e+01 9.998351328448e-01 1.704414885773e-02 -6.261319272462e-03 1.895014190674e+01 6.258088627203e-03 2.428754029040e-04 9.999803884768e-01 5.592540651560e-02
p2_to_world: -9.998547084458e-01 -1.361715666003e-04 1.704533531645e-02 -5.396238708496e+01 1.704414885773e-02 6.261319272462e-03 9.998351328448e-01 2.117723083496e+01 2.428754029040e-04 -9.999803884768e-01 6.258088627203e-03 2.107695817947e+00
