P0: -5.542562584220e+02 0.000000000000e+00 -9.600000000000e+02 -4.301147998429e+03 -4.408728476930e-14 5.542562584220e+02 -3.600000000000e+02 -1.612930499411e+03 -1.224646799147e-16 0.000000000000e+00 -1.000000000000e+00 -4.480362498363e+00
P1: -9.600000000000e+02 0.000000000000e+00 5.542562584220e+02 2.483667363179e+02 -3.600000000000e+02 5.542562584220e+02 2.204364238465e-14 -3.724748486953e+02 -1.000000000000e+00 0.000000000000e+00 6.123233995737e-17 -1.034652357487e+00
P2: 5.542562584220e+02 0.000000000000e+00 9.600000000000e+02 0.000000000000e+00 0.000000000000e+00 5.542562584220e+02 3.600000000000e+02 0.000000000000e+00 0.000000000000e+00 0.000000000000e+00 1.000000000000e+00 0.000000000000e+00
P3: 5.542562584220e+02 0.000000000000e+00 9.600000000000e+02 -4.434066606934e+02 0.000000000000e+00 5.542562584220e+02 3.600000000000e+02 0.000000000000e+00 0.000000000000e+00 0.000000000000e+00 1.000000000000e+00 0.000000000000e+00
P4: 9.600000000000e+02 0.000000000000e+00 -5.542562584220e+02 -2.234909504700e+03 3.600000000000e+02 5.542562584220e+02 2.204364238465e-14 -3.724775556186e+02 1.000000000000e+00 0.000000000000e+00 6.123233995737e-17 -1.034659876718e+00
P5: 5.542562584220e+02 9.600000000000e+02 5.878304635907e-14 2.399960494995e+04 0.000000000000e+00 9.600000000000e+02 -5.542562584220e+02 2.399960494995e+04 0.000000000000e+00 1.000000000000e+00 6.123233995737e-17 2.499958848953e+01
R0_rect: 1.000000000000e+00 0.000000000000e+00 0.000000000000e+00 0.000000000000e+00 1.000000000000e+00 0.000000000000e+00 0.000000000000e+00 0.000000000000e+00 1.000000000000e+00
Tr_velo_to_p2: 0.000000000000e+00 -1.000000000000e+00 0.000000000000e+00 3.870840803337e-06 0.000000000000e+00 0.000000000000e+00 -1.000000000000e+00 -4.999997809734e-01 1.000000000000e+00 0.000000000000e+00 0.000000000000e+00 -2.240218306386e+00
imu_to_world: 1.604232971113e-02 -9.998712872998e-01 2.291087399360e-04 -5.398125839233e+01 9.998548579332e-01 1.604075066313e-02 -5.740852329055e-03 2.019486808777e+01 5.736438332278e-03 3.211721325056e-04 9.999834949257e-01 5.613418295979e-02
p2_to_world: -9.998712872998e-01 -2.291087399360e-04 1.604232971113e-02 -5.394485092163e+01 1.604075066313e-02 5.740852329055e-03 9.998548579332e-01 2.242306327820e+01 3.211721325056e-04 -9.999834949257e-01 5.736438332278e-03 2.106742382050e+00
