P0: -5.542562584220e+02 0.000000000000e+00 -9.600000000000e+02 -4.300839509176e+03 -4.408728476930e-14 5.542562584220e+02 -3.600000000000e+02 -1.612814815941e+03 -1.224646799147e-16 0.000000000000e+00 -1.000000000000e+00 -4.480041155391e+00
P1: -9.600000000000e+02 0.000000000000e+00 5.542562584220e+02 2.482705433738e+02 -3.600000000000e+02 5.542562584220e+02 2.204364238465e-14 -3.724778132343e+02 -1.000000000000e+00 0.000000000000e+00 6.123233995737e-17 -1.034660592317e+00
P2: 5.542562584220e+02 0.000000000000e+00 9.600000000000e+02 0.000000000000e+00 0.000000000000e+00 5.542562584220e+02 3.600000000000e+02 0.000000000000e+00 0.000000000000e+00 0.000000000000e+00 1.000000000000e+00 0.000000000000e+00
P3: 5.542562584220e+02 0.000000000000e+00 9.600000000000e+02 -4.434054622668e+02 0.000000000000e+00 5.542562584220e+02 3.600000000000e+02 0.000000000000e+00 0.000000000000e+00 0.000000000000e+00 1.000000000000e+00 0.000000000000e+00
P4: 9.600000000000e+02 0.000000000000e+00 -5.542562584220e+02 -2.234814872335e+03 3.600000000000e+02 5.542562584220e+02 2.204364238465e-14 -3.724765687660e+02 1.000000000000e+00 0.000000000000e+00 6.123233995737e-17 -1.034657135461e+00
P5: 5.542562584220e+02 9.600000000000e+02 5.878304635907e-14 2.399790138245e+04 0.000000000000e+00 9.600000000000e+02 -5.542562584220e+02 2.399790138245e+04 0.000000000000e+00 1.000000000000e+00 6.123233995737e-17 2.499781394005e+01
R0_rect: 1.000000000000e+00 0.000000000000e+00 0.000000000000e+00 0.000000000000e+00 1.000000000000e+00 0.000000000000e+00 0.000000000000e+00 0.000000000000e+00 1.000000000000e+00
Tr_velo_to_p2: 0.000000000000e+00 -1.000000000000e+00 0.000000000000e+00 1.701886605942e-06 0.000000000000e+00 0.000000000000e+00 -1.000000000000e+00 -5.000000971831e-01 1.000000000000e+00 0.000000000000e+00 0.000000000000e+00 -2.240216282061e+00
imu_to_world: -1.526677510729e-02 -9.998833967699e-01 -3.441536778869e-04 -5.420545959473e+01 9.997961328599e-01 -1.526998972256e-02 1.321060680684e-02 6.589481353760e+01 -1.321432163053e-02 -1.424001531100e-04 9.999126769004e-01 6.423461437225e-02
p2_to_world: -9.998833967699e-01 3.441536778869e-04 -1.526677510729e-02 -5.424036026001e+01 -1.526998972256e-02 -1.321060680684e-02 9.997961328599e-01 6.816149139404e+01 -1.424001531100e-04 -9.999126769004e-01 -1.321432163053e-02 2.072244882584e+00
