P0: -5.542562584220e+02 0.000000000000e+00 -9.600000000000e+02 -4.300801806139e+03 -4.408728476930e-14 5.542562584220e+02 -3.600000000000e+02 -1.612800677302e+03 -1.224646799147e-16 0.000000000000e+00 -1.000000000000e+00 -4.480001881395e+00
P1: -9.600000000000e+02 0.000000000000e+00 5.542562584220e+02 2.482597082144e+02 -3.600000000000e+02 5.542562584220e+02 2.204364238465e-14 -3.724779469287e+02 -1.000000000000e+00 0.000000000000e+00 6.123233995737e-17 -1.034660963691e+00
P2: 5.542562584220e+02 0.000000000000e+00 9.600000000000e+02 0.000000000000e+00 0.000000000000e+00 5.542562584220e+02 3.600000000000e+02 0.000000000000e+00 0.000000000000e+00 0.000000000000e+00 1.000000000000e+00 0.000000000000e+00
P3: 5.542562584220e+02 0.000000000000e+00 9.600000000000e+02 -4.434058501391e+02 0.000000000000e+00 5.542562584220e+02 3.600000000000e+02 0.000000000000e+00 0.000000000000e+00 0.000000000000e+00 1.000000000000e+00 0.000000000000e+00
P4: 9.600000000000e+02 0.000000000000e+00 -5.542562584220e+02 -2.234806572354e+03 3.600000000000e+02 5.542562584220e+02 2.204364238465e-14 -3.724768969522e+02 1.000000000000e+00 0.000000000000e+00 6.123233995737e-17 -1.034658047089e+00
P5: 5.542562584220e+02 9.600000000000e+02 5.878304635907e-14 2.399767524719e+04 0.000000000000e+00 9.600000000000e+02 -5.542562584220e+02 2.399767524719e+04 0.000000000000e+00 1.000000000000e+00 6.123233995737e-17 2.499757838249e+01
R0_rect: 1.000000000000e+00 0.000000000000e+00 0.000000000000e+00 0.000000000000e+00 1.000000000000e+00 0.000000000000e+00 0.000000000000e+00 0.000000000000e+00 1.000000000000e+00
Tr_velo_to_p2: 0.000000000000e+00 -1.000000000000e+00 0.000000000000e+00 -1.352061776226e-06 0.000000000000e+00 0.000000000000e+00 -1.000000000000e+00 -5.000001296555e-01 1.000000000000e+00 0.000000000000e+00 0.000000000000e+00 -2.240223071031e+00
imu_to_world: -1.530603634737e-02 -9.998827941917e-01 -3.508999254697e-04 -5.421482467651e+01 9.997860265355e-01 -1.530943706577e-02 1.391122859713e-02 6.648701477051e+01 -1.391497020067e-02 -1.378990716527e-04 9.999031726063e-01 6.453571468592e-02
p2_to_world: -9.998827941917e-01 3.508999254697e-04 -1.530603634737e-02 -5.424982833862e+01 -1.530943706577e-02 -1.391122859713e-02 9.997860265355e-01 6.875510406494e+01 -1.378990716527e-04 -9.999031726063e-01 -1.391497020067e-02 2.070956468582e+00
