P0: -5.542562584220e+02 0.000000000000e+00 -9.600000000000e+02 -4.298813763999e+03 -4.408728476930e-14 5.542562584220e+02 -3.600000000000e+02 -1.612055161500e+03 -1.224646799147e-16 0.000000000000e+00 -1.000000000000e+00 -4.477931004165e+00
P1: -9.600000000000e+02 0.000000000000e+00 5.542562584220e+02 2.476880407939e+02 -3.600000000000e+02 5.542562584220e+02 2.204364238465e-14 -3.724765164191e+02 -1.000000000000e+00 0.000000000000e+00 6.123233995737e-17 -1.034656990053e+00
P2: 5.542562584220e+02 0.000000000000e+00 9.600000000000e+02 0.000000000000e+00 0.000000000000e+00 5.542562584220e+02 3.600000000000e+02 0.000000000000e+00 0.000000000000e+00 0.000000000000e+00 1.000000000000e+00 0.000000000000e+00
P3: 5.542562584220e+02 0.000000000000e+00 9.600000000000e+02 -4.434056248074e+02 0.000000000000e+00 5.542562584220e+02 3.600000000000e+02 0.000000000000e+00 0.000000000000e+00 0.000000000000e+00 1.000000000000e+00 0.000000000000e+00
P4: 9.600000000000e+02 0.000000000000e+00 -5.542562584220e+02 -2.234237572247e+03 3.600000000000e+02 5.542562584220e+02 2.204364238465e-14 -3.724765542237e+02 1.000000000000e+00 0.000000000000e+00 6.123233995737e-17 -1.034657095066e+00
P5: 5.542562584220e+02 9.600000000000e+02 5.878304635907e-14 2.398656692505e+04 0.000000000000e+00 9.600000000000e+02 -5.542562584220e+02 2.398656692505e+04 0.000000000000e+00 1.000000000000e+00 6.123233995737e-17 2.498600721359e+01
R0_rect: 1.000000000000e+00 0.000000000000e+00 0.000000000000e+00 0.000000000000e+00 1.000000000000e+00 0.000000000000e+00 0.000000000000e+00 0.000000000000e+00 1.000000000000e+00
Tr_velo_to_p2: 0.000000000000e+00 -1.000000000000e+00 0.000000000000e+00 1.889203861713e-07 0.000000000000e+00 0.000000000000e+00 -1.000000000000e+00 -4.999998245379e-01 1.000000000000e+00 0.000000000000e+00 0.000000000000e+00 -2.240223520265e+00
imu_to_world: -1.089466826835e-02 -9.999404557971e-01 -6.253507423081e-04 -5.408003234863e+01 9.993810274335e-01 -1.090948900524e-02 3.344465660855e-02 5.668117523193e+01 -3.344948743018e-02 -2.605952282550e-04 9.994403753505e-01 7.314277440310e-02
p2_to_world: -9.999404557971e-01 6.253507423081e-04 -1.089466826835e-02 -5.410571289062e+01 -1.090948900524e-02 -3.344465660855e-02 9.993810274335e-01 5.898816299438e+01 -2.605952282550e-04 -9.994403753505e-01 -3.344948743018e-02 2.034859180450e+00
