P0: -5.542562584220e+02 0.000000000000e+00 -9.600000000000e+02 -4.301160931383e+03 -4.408728476930e-14 5.542562584220e+02 -3.600000000000e+02 -1.612935349268e+03 -1.224646799147e-16 0.000000000000e+00 -1.000000000000e+00 -4.480375970190e+00
P1: -9.600000000000e+02 0.000000000000e+00 5.542562584220e+02 2.483613528375e+02 -3.600000000000e+02 5.542562584220e+02 2.204364238465e-14 -3.724777027526e+02 -1.000000000000e+00 0.000000000000e+00 6.123233995737e-17 -1.034660285424e+00
P2: 5.542562584220e+02 0.000000000000e+00 9.600000000000e+02 0.000000000000e+00 0.000000000000e+00 5.542562584220e+02 3.600000000000e+02 0.000000000000e+00 0.000000000000e+00 0.000000000000e+00 1.000000000000e+00 0.000000000000e+00
P3: 5.542562584220e+02 0.000000000000e+00 9.600000000000e+02 -4.434030351690e+02 0.000000000000e+00 5.542562584220e+02 3.600000000000e+02 0.000000000000e+00 0.000000000000e+00 0.000000000000e+00 1.000000000000e+00 0.000000000000e+00
P4: 9.600000000000e+02 0.000000000000e+00 -5.542562584220e+02 -2.234908049951e+03 3.600000000000e+02 5.542562584220e+02 2.204364238465e-14 -3.724758403928e+02 1.000000000000e+00 0.000000000000e+00 6.123233995737e-17 -1.034655112202e+00
P5: 5.542562584220e+02 9.600000000000e+02 5.878304635907e-14 2.399968620300e+04 0.000000000000e+00 9.600000000000e+02 -5.542562584220e+02 2.399968620300e+04 0.000000000000e+00 1.000000000000e+00 6.123233995737e-17 2.499967312813e+01
R0_rect: 1.000000000000e+00 0.000000000000e+00 0.000000000000e+00 0.000000000000e+00 1.000000000000e+00 0.000000000000e+00 0.000000000000e+00 0.000000000000e+00 1.000000000000e+00
Tr_velo_to_p2: 0.000000000000e+00 -1.000000000000e+00 0.000000000000e+00 -1.726737701110e-06 0.000000000000e+00 0.000000000000e+00 -1.000000000000e+00 -5.000003209296e-01 1.000000000000e+00 0.000000000000e+00 0.000000000000e+00 -2.240215233643e+00
imu_to_world: -1.457078033226e-02 -9.998938273718e-01 -1.623094185947e-04 -5.418635940552e+01 9.998808049331e-01 -1.457141906208e-02 5.103888010836e-03 6.468653106689e+01 -5.105711196188e-03 -8.792244106633e-05 9.999869619064e-01 6.068206578493e-02
p2_to_world: -9.998938273718e-01 1.623094185947e-04 -1.457078033226e-02 -5.421933364868e+01 -1.457141906208e-02 -5.103888010836e-03 9.998808049331e-01 6.693688201904e+01 -8.792244106633e-05 -9.999869619064e-01 -5.105711196188e-03 2.087008237839e+00
