P0: -5.542562584220e+02 0.000000000000e+00 -9.600000000000e+02 -4.301159503382e+03 -4.408728476930e-14 5.542562584220e+02 -3.600000000000e+02 -1.612934813768e+03 -1.224646799147e-16 0.000000000000e+00 -1.000000000000e+00 -4.480374482689e+00
P1: -9.600000000000e+02 0.000000000000e+00 5.542562584220e+02 2.483662876947e+02 -3.600000000000e+02 5.542562584220e+02 2.204364238465e-14 -3.724766722351e+02 -1.000000000000e+00 0.000000000000e+00 6.123233995737e-17 -1.034657422875e+00
P2: 5.542562584220e+02 0.000000000000e+00 9.600000000000e+02 0.000000000000e+00 0.000000000000e+00 5.542562584220e+02 3.600000000000e+02 0.000000000000e+00 0.000000000000e+00 0.000000000000e+00 1.000000000000e+00 0.000000000000e+00
P3: 5.542562584220e+02 0.000000000000e+00 9.600000000000e+02 -4.434050602610e+02 0.000000000000e+00 5.542562584220e+02 3.600000000000e+02 0.000000000000e+00 0.000000000000e+00 0.000000000000e+00 1.000000000000e+00 0.000000000000e+00
P4: 9.600000000000e+02 0.000000000000e+00 -5.542562584220e+02 -2.234909079460e+03 3.600000000000e+02 5.542562584220e+02 2.204364238465e-14 -3.724765764482e+02 1.000000000000e+00 0.000000000000e+00 6.123233995737e-17 -1.034657156801e+00
P5: 5.542562584220e+02 9.600000000000e+02 5.878304635907e-14 2.399966537476e+04 0.000000000000e+00 9.600000000000e+02 -5.542562584220e+02 2.399966537476e+04 0.000000000000e+00 1.000000000000e+00 6.123233995737e-17 2.499965143204e+01
R0_rect: 1.000000000000e+00 0.000000000000e+00 0.000000000000e+00 0.000000000000e+00 1.000000000000e+00 0.000000000000e+00 0.000000000000e+00 0.000000000000e+00 1.000000000000e+00
Tr_velo_to_p2: 0.000000000000e+00 -1.000000000000e+00 0.000000000000e+00 1.729405275827e-06 0.000000000000e+00 0.000000000000e+00 -1.000000000000e+00 -5.000001479187e-01 1.000000000000e+00 0.000000000000e+00 0.000000000000e+00 -2.240219191176e+00
imu_to_world: -1.205167569069e-02 -9.999273754504e-01 -3.062424827168e-05 -5.411524963379e+01 9.999134306092e-01 -1.205166935700e-02 5.280961367251e-03 5.960601043701e+01 -5.280946913125e-03 3.302283658401e-05 9.999860551574e-01 6.096088141203e-02
p2_to_world: -9.999273754504e-01 3.062424827168e-05 -1.205167569069e-02 -5.414230728149e+01 -1.205166935700e-02 -5.280961367251e-03 9.999134306092e-01 6.185679626465e+01 3.302283658401e-05 -9.999860551574e-01 -5.280946913125e-03 2.086892604828e+00
