P0: -5.542562584220e+02 0.000000000000e+00 -9.600000000000e+02 -4.299913732754e+03 -4.408728476930e-14 5.542562584220e+02 -3.600000000000e+02 -1.612467649783e+03 -1.224646799147e-16 0.000000000000e+00 -1.000000000000e+00 -4.479076804952e+00
P1: -9.600000000000e+02 0.000000000000e+00 5.542562584220e+02 2.480035210673e+02 -3.600000000000e+02 5.542562584220e+02 2.204364238465e-14 -3.724763278913e+02 -1.000000000000e+00 0.000000000000e+00 6.123233995737e-17 -1.034656466365e+00
P2: 5.542562584220e+02 0.000000000000e+00 9.600000000000e+02 0.000000000000e+00 0.000000000000e+00 5.542562584220e+02 3.600000000000e+02 0.000000000000e+00 0.000000000000e+00 0.000000000000e+00 1.000000000000e+00 0.000000000000e+00
P3: 5.542562584220e+02 0.000000000000e+00 9.600000000000e+02 -4.434072649254e+02 0.000000000000e+00 5.542562584220e+02 3.600000000000e+02 0.000000000000e+00 0.000000000000e+00 0.000000000000e+00 1.000000000000e+00 0.000000000000e+00
P4: 9.600000000000e+02 0.000000000000e+00 -5.542562584220e+02 -2.234553994412e+03 3.600000000000e+02 5.542562584220e+02 2.204364238465e-14 -3.724767645342e+02 1.000000000000e+00 0.000000000000e+00 6.123233995737e-17 -1.034657679262e+00
P5: 5.542562584220e+02 9.600000000000e+02 5.878304635907e-14 2.399269569397e+04 0.000000000000e+00 9.600000000000e+02 -5.542562584220e+02 2.399269569397e+04 0.000000000000e+00 1.000000000000e+00 6.123233995737e-17 2.499239134789e+01
R0_rect: 1.000000000000e+00 0.000000000000e+00 0.000000000000e+00 0.000000000000e+00 1.000000000000e+00 0.000000000000e+00 0.000000000000e+00 0.000000000000e+00 1.000000000000e+00
Tr_velo_to_p2: 0.000000000000e+00 -1.000000000000e+00 0.000000000000e+00 4.865046085365e-06 0.000000000000e+00 0.000000000000e+00 -1.000000000000e+00 -4.999997534794e-01 1.000000000000e+00 0.000000000000e+00 0.000000000000e+00 -2.240220082764e+00
imu_to_world: -1.123208810442e-02 -9.999366983966e-01 -6.628699269851e-04 -5.408718109131e+01 9.996325980515e-01 -1.124502099543e-02 2.466208457645e-02 5.728311920166e+01 -2.466797741320e-02 -3.856196804810e-04 9.996956247718e-01 6.919094175100e-02
p2_to_world: -9.999366983966e-01 6.628699269851e-04 -1.123208810442e-02 -5.411369323730e+01 -1.124502099543e-02 -2.466208457645e-02 9.996325980515e-01 5.957277297974e+01 -3.856196804810e-04 -9.996956247718e-01 -2.466797741320e-02 2.051100015640e+00
