P0: -5.542562584220e+02 0.000000000000e+00 -9.600000000000e+02 -4.301177172219e+03 -4.408728476930e-14 5.542562584220e+02 -3.600000000000e+02 -1.612941439582e+03 -1.224646799147e-16 0.000000000000e+00 -1.000000000000e+00 -4.480392887728e+00
P1: -9.600000000000e+02 0.000000000000e+00 5.542562584220e+02 2.483673381389e+02 -3.600000000000e+02 5.542562584220e+02 2.204364238465e-14 -3.724771104766e+02 -1.000000000000e+00 0.000000000000e+00 6.123233995737e-17 -1.034658640213e+00
P2: 5.542562584220e+02 0.000000000000e+00 9.600000000000e+02 0.000000000000e+00 0.000000000000e+00 5.542562584220e+02 3.600000000000e+02 0.000000000000e+00 0.000000000000e+00 0.000000000000e+00 1.000000000000e+00 0.000000000000e+00
P3: 5.542562584220e+02 0.000000000000e+00 9.600000000000e+02 -4.434041795116e+02 0.000000000000e+00 5.542562584220e+02 3.600000000000e+02 0.000000000000e+00 0.000000000000e+00 0.000000000000e+00 1.000000000000e+00 0.000000000000e+00
P4: 9.600000000000e+02 0.000000000000e+00 -5.542562584220e+02 -2.234914769461e+03 3.600000000000e+02 5.542562584220e+02 2.204364238465e-14 -3.724765193598e+02 1.000000000000e+00 0.000000000000e+00 6.123233995737e-17 -1.034656998222e+00
P5: 5.542562584220e+02 9.600000000000e+02 5.878304635907e-14 2.399977294922e+04 0.000000000000e+00 9.600000000000e+02 -5.542562584220e+02 2.399977294922e+04 0.000000000000e+00 1.000000000000e+00 6.123233995737e-17 2.499976348877e+01
R0_rect: 1.000000000000e+00 0.000000000000e+00 0.000000000000e+00 0.000000000000e+00 1.000000000000e+00 0.000000000000e+00 0.000000000000e+00 0.000000000000e+00 1.000000000000e+00
Tr_velo_to_p2: 0.000000000000e+00 -1.000000000000e+00 0.000000000000e+00 -6.567180496793e-07 0.000000000000e+00 0.000000000000e+00 -1.000000000000e+00 -4.999998515257e-01 1.000000000000e+00 0.000000000000e+00 0.000000000000e+00 -2.240215819376e+00
imu_to_world: -4.149420878223e-03 -9.999912183673e-01 5.877880162525e-04 -5.390818405151e+01 9.999821106556e-01 -4.151914010474e-03 -4.305807562769e-03 3.823258590698e+01 4.308210196048e-03 5.699108933117e-04 9.999905572187e-01 5.674861744046e-02
p2_to_world: -9.999912183673e-01 -5.877880162525e-04 -4.149420878223e-03 -5.391628265381e+01 -4.151914010474e-03 4.305807562769e-03 9.999821106556e-01 4.046398925781e+01 5.699108933117e-04 -9.999905572187e-01 4.308210196048e-03 2.104171752930e+00
