P0: -5.542562584220e+02 0.000000000000e+00 -9.600000000000e+02 -4.301217443701e+03 -4.408728476930e-14 5.542562584220e+02 -3.600000000000e+02 -1.612956541388e+03 -1.224646799147e-16 0.000000000000e+00 -1.000000000000e+00 -4.480434837188e+00
P1: -9.600000000000e+02 0.000000000000e+00 5.542562584220e+02 2.483834700315e+02 -3.600000000000e+02 5.542562584220e+02 2.204364238465e-14 -3.724767031708e+02 -1.000000000000e+00 0.000000000000e+00 6.123233995737e-17 -1.034657508808e+00
P2: 5.542562584220e+02 0.000000000000e+00 9.600000000000e+02 0.000000000000e+00 0.000000000000e+00 5.542562584220e+02 3.600000000000e+02 0.000000000000e+00 0.000000000000e+00 0.000000000000e+00 1.000000000000e+00 0.000000000000e+00
P3: 5.542562584220e+02 0.000000000000e+00 9.600000000000e+02 -4.434050794730e+02 0.000000000000e+00 5.542562584220e+02 3.600000000000e+02 0.000000000000e+00 0.000000000000e+00 0.000000000000e+00 1.000000000000e+00 0.000000000000e+00
P4: 9.600000000000e+02 0.000000000000e+00 -5.542562584220e+02 -2.234929258250e+03 3.600000000000e+02 5.542562584220e+02 2.204364238465e-14 -3.724776775982e+02 1.000000000000e+00 0.000000000000e+00 6.123233995737e-17 -1.034660215551e+00
P5: 5.542562584220e+02 9.600000000000e+02 5.878304635907e-14 2.399997940063e+04 0.000000000000e+00 9.600000000000e+02 -5.542562584220e+02 2.399997940063e+04 0.000000000000e+00 1.000000000000e+00 6.123233995737e-17 2.499997854233e+01
R0_rect: 1.000000000000e+00 0.000000000000e+00 0.000000000000e+00 0.000000000000e+00 1.000000000000e+00 0.000000000000e+00 0.000000000000e+00 0.000000000000e+00 1.000000000000e+00
Tr_velo_to_p2: 0.000000000000e+00 -1.000000000000e+00 0.000000000000e+00 6.519970371381e-07 0.000000000000e+00 0.000000000000e+00 -1.000000000000e+00 -4.999999015151e-01 1.000000000000e+00 0.000000000000e+00 0.000000000000e+00 -2.240219977846e+00
imu_to_world: 1.123376764214e-02 -9.999368133736e-01 4.143969721481e-04 -5.393326950073e+01 9.999361433286e-01 1.123324860976e-02 -1.234257221989e-03 2.402737808228e+01 1.229524209227e-03 4.282358689793e-04 9.999991524418e-01 5.809341371059e-02
p2_to_world: -9.999368133736e-01 -4.143969721481e-04 1.123376764214e-02 -5.390726089478e+01 1.123324860976e-02 1.234257221989e-03 9.999361433286e-01 2.626493835449e+01 4.282358689793e-04 -9.999991524418e-01 1.229524209227e-03 2.098637104034e+00
