P0: -5.542562584220e+02 0.000000000000e+00 -9.600000000000e+02 -4.301213697638e+03 -4.408728476930e-14 5.542562584220e+02 -3.600000000000e+02 -1.612955136614e+03 -1.224646799147e-16 0.000000000000e+00 -1.000000000000e+00 -4.480430935040e+00
P1: -9.600000000000e+02 0.000000000000e+00 5.542562584220e+02 2.483846824143e+02 -3.600000000000e+02 5.542562584220e+02 2.204364238465e-14 -3.724758920063e+02 -1.000000000000e+00 0.000000000000e+00 6.123233995737e-17 -1.034655255573e+00
P2: 5.542562584220e+02 0.000000000000e+00 9.600000000000e+02 0.000000000000e+00 0.000000000000e+00 5.542562584220e+02 3.600000000000e+02 0.000000000000e+00 0.000000000000e+00 0.000000000000e+00 1.000000000000e+00 0.000000000000e+00
P3: 5.542562584220e+02 0.000000000000e+00 9.600000000000e+02 -4.434040541124e+02 0.000000000000e+00 5.542562584220e+02 3.600000000000e+02 0.000000000000e+00 0.000000000000e+00 0.000000000000e+00 1.000000000000e+00 0.000000000000e+00
P4: 9.600000000000e+02 0.000000000000e+00 -5.542562584220e+02 -2.234919538433e+03 3.600000000000e+02 5.542562584220e+02 2.204364238465e-14 -3.724748925088e+02 1.000000000000e+00 0.000000000000e+00 6.123233995737e-17 -1.034652479191e+00
P5: 5.542562584220e+02 9.600000000000e+02 5.878304635907e-14 2.399997734070e+04 0.000000000000e+00 9.600000000000e+02 -5.542562584220e+02 2.399997734070e+04 0.000000000000e+00 1.000000000000e+00 6.123233995737e-17 2.499997639656e+01
R0_rect: 1.000000000000e+00 0.000000000000e+00 0.000000000000e+00 0.000000000000e+00 1.000000000000e+00 0.000000000000e+00 0.000000000000e+00 0.000000000000e+00 1.000000000000e+00
Tr_velo_to_p2: 0.000000000000e+00 -1.000000000000e+00 0.000000000000e+00 -1.764543323276e-06 0.000000000000e+00 0.000000000000e+00 -1.000000000000e+00 -5.000000743871e-01 1.000000000000e+00 0.000000000000e+00 0.000000000000e+00 -2.240215137808e+00
imu_to_world: -1.405875154475e-02 -9.999011704937e-01 -2.739172587060e-05 -5.422039031982e+01 9.999003053902e-01 -1.405877541422e-02 1.315338166830e-03 6.680228424072e+01 -1.315593266730e-03 -8.896982578384e-06 9.999991345672e-01 5.904025956988e-02
p2_to_world: -9.999011704937e-01 2.739172587060e-05 -1.405875154475e-02 -5.425194168091e+01 -1.405877541422e-02 -1.315338166830e-03 9.999003053902e-01 6.904496002197e+01 -8.896982578384e-06 -9.999991345672e-01 -1.315593266730e-03 2.093882322311e+00
