P0: -5.542562584220e+02 0.000000000000e+00 -9.600000000000e+02 -4.301221656853e+03 -4.408728476930e-14 5.542562584220e+02 -3.600000000000e+02 -1.612958121320e+03 -1.224646799147e-16 0.000000000000e+00 -1.000000000000e+00 -4.480439225889e+00
P1: -9.600000000000e+02 0.000000000000e+00 5.542562584220e+02 2.483813765072e+02 -3.600000000000e+02 5.542562584220e+02 2.204364238465e-14 -3.724765821126e+02 -1.000000000000e+00 0.000000000000e+00 6.123233995737e-17 -1.034657172535e+00
P2: 5.542562584220e+02 0.000000000000e+00 9.600000000000e+02 0.000000000000e+00 0.000000000000e+00 5.542562584220e+02 3.600000000000e+02 0.000000000000e+00 0.000000000000e+00 0.000000000000e+00 1.000000000000e+00 0.000000000000e+00
P3: 5.542562584220e+02 0.000000000000e+00 9.600000000000e+02 -4.434072046810e+02 0.000000000000e+00 5.542562584220e+02 3.600000000000e+02 0.000000000000e+00 0.000000000000e+00 0.000000000000e+00 1.000000000000e+00 0.000000000000e+00
P4: 9.600000000000e+02 0.000000000000e+00 -5.542562584220e+02 -2.234925291174e+03 3.600000000000e+02 5.542562584220e+02 2.204364238465e-14 -3.724763625215e+02 1.000000000000e+00 0.000000000000e+00 6.123233995737e-17 -1.034656562560e+00
P5: 5.542562584220e+02 9.600000000000e+02 5.878304635907e-14 2.399998535156e+04 0.000000000000e+00 9.600000000000e+02 -5.542562584220e+02 2.399998535156e+04 0.000000000000e+00 1.000000000000e+00 6.123233995737e-17 2.499998474121e+01
R0_rect: 1.000000000000e+00 0.000000000000e+00 0.000000000000e+00 0.000000000000e+00 1.000000000000e+00 0.000000000000e+00 0.000000000000e+00 0.000000000000e+00 1.000000000000e+00
Tr_velo_to_p2: 0.000000000000e+00 -1.000000000000e+00 0.000000000000e+00 2.784989486728e-06 0.000000000000e+00 0.000000000000e+00 -1.000000000000e+00 -5.000001686322e-01 1.000000000000e+00 0.000000000000e+00 0.000000000000e+00 -2.240216891745e+00
imu_to_world: -1.489277032672e-02 -9.998890964067e-01 -1.670554799109e-05 -5.421903610229e+01 9.998885581822e-01 -1.489277964350e-02 1.037463679503e-03 6.674141693115e+01 -1.037597413098e-03 -1.252977993297e-06 9.999994616949e-01 5.892173573375e-02
p2_to_world: -9.998890964067e-01 1.670554799109e-05 -1.489277032672e-02 -5.425243377686e+01 -1.489277964350e-02 -1.037463679503e-03 9.998885581822e-01 6.898349761963e+01 -1.252977993297e-06 -9.999994616949e-01 -1.037597413098e-03 2.094387054443e+00
