P0: -5.542562584220e+02 0.000000000000e+00 -9.600000000000e+02 -4.301114384883e+03 -4.408728476930e-14 5.542562584220e+02 -3.600000000000e+02 -1.612917894331e+03 -1.224646799147e-16 0.000000000000e+00 -1.000000000000e+00 -4.480327484253e+00
P1: -9.600000000000e+02 0.000000000000e+00 5.542562584220e+02 2.483549543622e+02 -3.600000000000e+02 5.542562584220e+02 2.204364238465e-14 -3.724754205978e+02 -1.000000000000e+00 0.000000000000e+00 6.123233995737e-17 -1.034653946105e+00
P2: 5.542562584220e+02 0.000000000000e+00 9.600000000000e+02 0.000000000000e+00 0.000000000000e+00 5.542562584220e+02 3.600000000000e+02 0.000000000000e+00 0.000000000000e+00 0.000000000000e+00 1.000000000000e+00 0.000000000000e+00
P3: 5.542562584220e+02 0.000000000000e+00 9.600000000000e+02 -4.434064296527e+02 0.000000000000e+00 5.542562584220e+02 3.600000000000e+02 0.000000000000e+00 0.000000000000e+00 0.000000000000e+00 1.000000000000e+00 0.000000000000e+00
P4: 9.600000000000e+02 0.000000000000e+00 -5.542562584220e+02 -2.234896384595e+03 3.600000000000e+02 5.542562584220e+02 2.204364238465e-14 -3.724760922339e+02 1.000000000000e+00 0.000000000000e+00 6.123233995737e-17 -1.034655811761e+00
P5: 5.542562584220e+02 9.600000000000e+02 5.878304635907e-14 2.399940765381e+04 0.000000000000e+00 9.600000000000e+02 -5.542562584220e+02 2.399940765381e+04 0.000000000000e+00 1.000000000000e+00 6.123233995737e-17 2.499938297272e+01
R0_rect: 1.000000000000e+00 0.000000000000e+00 0.000000000000e+00 0.000000000000e+00 1.000000000000e+00 0.000000000000e+00 0.000000000000e+00 0.000000000000e+00 1.000000000000e+00
Tr_velo_to_p2: 0.000000000000e+00 -1.000000000000e+00 0.000000000000e+00 8.147635459349e-07 0.000000000000e+00 0.000000000000e+00 -1.000000000000e+00 -4.999998020032e-01 1.000000000000e+00 0.000000000000e+00 0.000000000000e+00 -2.240219069084e+00
imu_to_world: 1.018842962884e-02 -9.999480102468e-01 4.155781082378e-04 -5.392669677734e+01 9.999236623640e-01 1.018527444100e-02 -6.994971708457e-03 2.472676467896e+01 6.990375264520e-03 4.868141609947e-04 9.999754485314e-01 5.560111999512e-02
p2_to_world: -9.999480102468e-01 -4.155781082378e-04 1.018842962884e-02 -5.390302658081e+01 1.018527444100e-02 6.994971708457e-03 9.999236623640e-01 2.695255851746e+01 4.868141609947e-04 -9.999754485314e-01 6.990375264520e-03 2.109002113342e+00
