P0: -5.542562584220e+02 0.000000000000e+00 -9.600000000000e+02 -4.301168179930e+03 -4.408728476930e-14 5.542562584220e+02 -3.600000000000e+02 -1.612938067474e+03 -1.224646799147e-16 0.000000000000e+00 -1.000000000000e+00 -4.480383520760e+00
P1: -9.600000000000e+02 0.000000000000e+00 5.542562584220e+02 2.483679703176e+02 -3.600000000000e+02 5.542562584220e+02 2.204364238465e-14 -3.724773075546e+02 -1.000000000000e+00 0.000000000000e+00 6.123233995737e-17 -1.034659187652e+00
P2: 5.542562584220e+02 0.000000000000e+00 9.600000000000e+02 0.000000000000e+00 0.000000000000e+00 5.542562584220e+02 3.600000000000e+02 0.000000000000e+00 0.000000000000e+00 0.000000000000e+00 1.000000000000e+00 0.000000000000e+00
P3: 5.542562584220e+02 0.000000000000e+00 9.600000000000e+02 -4.434064625166e+02 0.000000000000e+00 5.542562584220e+02 3.600000000000e+02 0.000000000000e+00 0.000000000000e+00 0.000000000000e+00 1.000000000000e+00 0.000000000000e+00
P4: 9.600000000000e+02 0.000000000000e+00 -5.542562584220e+02 -2.234910415808e+03 3.600000000000e+02 5.542562584220e+02 2.204364238465e-14 -3.724764664621e+02 1.000000000000e+00 0.000000000000e+00 6.123233995737e-17 -1.034656851283e+00
P5: 5.542562584220e+02 9.600000000000e+02 5.878304635907e-14 2.399973930359e+04 0.000000000000e+00 9.600000000000e+02 -5.542562584220e+02 2.399973930359e+04 0.000000000000e+00 1.000000000000e+00 6.123233995737e-17 2.499972844124e+01
R0_rect: 1.000000000000e+00 0.000000000000e+00 0.000000000000e+00 0.000000000000e+00 1.000000000000e+00 0.000000000000e+00 0.000000000000e+00 0.000000000000e+00 1.000000000000e+00
Tr_velo_to_p2: 0.000000000000e+00 -1.000000000000e+00 0.000000000000e+00 3.838705851762e-06 0.000000000000e+00 0.000000000000e+00 -1.000000000000e+00 -5.000000798443e-01 1.000000000000e+00 0.000000000000e+00 0.000000000000e+00 -2.240213405649e+00
imu_to_world: -1.065405853439e-02 -9.999432438256e-01 -1.281913016541e-05 -5.402417373657e+01 9.999324204359e-01 -1.065400286062e-02 4.652610477042e-03 5.180937194824e+01 -4.652482987720e-03 3.675092050594e-05 9.999891764671e-01 6.064441427588e-02
p2_to_world: -9.999432438256e-01 1.281913016541e-05 -1.065405853439e-02 -5.404806518555e+01 -1.065400286062e-02 -4.652610477042e-03 9.999324204359e-01 5.405891799927e+01 3.675092050594e-05 -9.999891764671e-01 -4.652482987720e-03 2.087990522385e+00
