P0: -5.542562584220e+02 0.000000000000e+00 -9.600000000000e+02 -4.301020348357e+03 -4.408728476930e-14 5.542562584220e+02 -3.600000000000e+02 -1.612882630634e+03 -1.224646799147e-16 0.000000000000e+00 -1.000000000000e+00 -4.480229529539e+00
P1: -9.600000000000e+02 0.000000000000e+00 5.542562584220e+02 2.483281934286e+02 -3.600000000000e+02 5.542562584220e+02 2.204364238465e-14 -3.724761680707e+02 -1.000000000000e+00 0.000000000000e+00 6.123233995737e-17 -1.034656022418e+00
P2: 5.542562584220e+02 0.000000000000e+00 9.600000000000e+02 0.000000000000e+00 0.000000000000e+00 5.542562584220e+02 3.600000000000e+02 0.000000000000e+00 0.000000000000e+00 0.000000000000e+00 1.000000000000e+00 0.000000000000e+00
P3: 5.542562584220e+02 0.000000000000e+00 9.600000000000e+02 -4.434040262589e+02 0.000000000000e+00 5.542562584220e+02 3.600000000000e+02 0.000000000000e+00 0.000000000000e+00 0.000000000000e+00 1.000000000000e+00 0.000000000000e+00
P4: 9.600000000000e+02 0.000000000000e+00 -5.542562584220e+02 -2.234870879771e+03 3.600000000000e+02 5.542562584220e+02 2.204364238465e-14 -3.724776112258e+02 1.000000000000e+00 0.000000000000e+00 6.123233995737e-17 -1.034660031183e+00
P5: 5.542562584220e+02 9.600000000000e+02 5.878304635907e-14 2.399888854980e+04 0.000000000000e+00 9.600000000000e+02 -5.542562584220e+02 2.399888854980e+04 0.000000000000e+00 1.000000000000e+00 6.123233995737e-17 2.499884223938e+01
R0_rect: 1.000000000000e+00 0.000000000000e+00 0.000000000000e+00 0.000000000000e+00 1.000000000000e+00 0.000000000000e+00 0.000000000000e+00 0.000000000000e+00 1.000000000000e+00
Tr_velo_to_p2: 0.000000000000e+00 -1.000000000000e+00 0.000000000000e+00 1.279028518755e-06 0.000000000000e+00 0.000000000000e+00 -1.000000000000e+00 -4.999999729920e-01 1.000000000000e+00 0.000000000000e+00 0.000000000000e+00 -2.240218024088e+00
imu_to_world: -1.472180634790e-02 -9.998916068204e-01 -2.074320165229e-04 -5.418960952759e+01 9.998453324549e-01 -1.472312070622e-02 9.619817297248e-03 6.488526153564e+01 -9.621828621281e-03 -6.577884616986e-05 9.999537069720e-01 6.265480071306e-02
p2_to_world: -9.998916068204e-01 2.074320165229e-04 -1.472180634790e-02 -5.422301101685e+01 -1.472312070622e-02 -9.619817297248e-03 9.998453324549e-01 6.714473724365e+01 -6.577884616986e-05 -9.999537069720e-01 -9.621828621281e-03 2.078796386719e+00
