P0: -5.542562584220e+02 0.000000000000e+00 -9.600000000000e+02 -4.301216949352e+03 -4.408728476930e-14 5.542562584220e+02 -3.600000000000e+02 -1.612956356007e+03 -1.224646799147e-16 0.000000000000e+00 -1.000000000000e+00 -4.480434322242e+00
P1: -9.600000000000e+02 0.000000000000e+00 5.542562584220e+02 2.483834556976e+02 -3.600000000000e+02 5.542562584220e+02 2.204364238465e-14 -3.724767168123e+02 -1.000000000000e+00 0.000000000000e+00 6.123233995737e-17 -1.034657546701e+00
P2: 5.542562584220e+02 0.000000000000e+00 9.600000000000e+02 0.000000000000e+00 0.000000000000e+00 5.542562584220e+02 3.600000000000e+02 0.000000000000e+00 0.000000000000e+00 0.000000000000e+00 1.000000000000e+00 0.000000000000e+00
P3: 5.542562584220e+02 0.000000000000e+00 9.600000000000e+02 -4.434039018086e+02 0.000000000000e+00 5.542562584220e+02 3.600000000000e+02 0.000000000000e+00 0.000000000000e+00 0.000000000000e+00 1.000000000000e+00 0.000000000000e+00
P4: 9.600000000000e+02 0.000000000000e+00 -5.542562584220e+02 -2.234925690853e+03 3.600000000000e+02 5.542562584220e+02 2.204364238465e-14 -3.724768604368e+02 1.000000000000e+00 0.000000000000e+00 6.123233995737e-17 -1.034657945658e+00
P5: 5.542562584220e+02 9.600000000000e+02 5.878304635907e-14 2.399999496460e+04 0.000000000000e+00 9.600000000000e+02 -5.542562584220e+02 2.399999496460e+04 0.000000000000e+00 1.000000000000e+00 6.123233995737e-17 2.499999475479e+01
R0_rect: 1.000000000000e+00 0.000000000000e+00 0.000000000000e+00 0.000000000000e+00 1.000000000000e+00 0.000000000000e+00 0.000000000000e+00 0.000000000000e+00 1.000000000000e+00
Tr_velo_to_p2: 0.000000000000e+00 -1.000000000000e+00 0.000000000000e+00 -1.671174597943e-06 0.000000000000e+00 0.000000000000e+00 -1.000000000000e+00 -4.999997818118e-01 1.000000000000e+00 0.000000000000e+00 0.000000000000e+00 -2.240222942541e+00
imu_to_world: -1.470397798143e-02 -9.998918904884e-01 -1.915664917037e-05 -5.422059631348e+01 9.998916922623e-01 -1.470396299159e-02 -6.302516093611e-04 6.683472442627e+01 6.299017945070e-04 -2.842178014385e-05 9.999998012079e-01 5.819461867213e-02
p2_to_world: -9.998918904884e-01 1.915664917037e-05 -1.470397798143e-02 -5.425357437134e+01 -1.470396299159e-02 6.302516093611e-04 9.998916922623e-01 6.907341766357e+01 -2.842178014385e-05 -9.999998012079e-01 6.299017945070e-04 2.097396373749e+00
