P0: -5.542562584220e+02 0.000000000000e+00 -9.600000000000e+02 -4.300328520133e+03 -4.408728476930e-14 5.542562584220e+02 -3.600000000000e+02 -1.612623195050e+03 -1.224646799147e-16 0.000000000000e+00 -1.000000000000e+00 -4.479508875139e+00
P1: -9.600000000000e+02 0.000000000000e+00 5.542562584220e+02 2.481289341587e+02 -3.600000000000e+02 5.542562584220e+02 2.204364238465e-14 -3.724771272171e+02 -1.000000000000e+00 0.000000000000e+00 6.123233995737e-17 -1.034658686714e+00
P2: 5.542562584220e+02 0.000000000000e+00 9.600000000000e+02 0.000000000000e+00 0.000000000000e+00 5.542562584220e+02 3.600000000000e+02 0.000000000000e+00 0.000000000000e+00 0.000000000000e+00 1.000000000000e+00 0.000000000000e+00
P3: 5.542562584220e+02 0.000000000000e+00 9.600000000000e+02 -4.434053273957e+02 0.000000000000e+00 5.542562584220e+02 3.600000000000e+02 0.000000000000e+00 0.000000000000e+00 0.000000000000e+00 1.000000000000e+00 0.000000000000e+00
P4: 9.600000000000e+02 0.000000000000e+00 -5.542562584220e+02 -2.234669421259e+03 3.600000000000e+02 5.542562584220e+02 2.204364238465e-14 -3.724772818819e+02 1.000000000000e+00 0.000000000000e+00 6.123233995737e-17 -1.034659116339e+00
P5: 5.542562584220e+02 9.600000000000e+02 5.878304635907e-14 2.399500671387e+04 0.000000000000e+00 9.600000000000e+02 -5.542562584220e+02 2.399500671387e+04 0.000000000000e+00 1.000000000000e+00 6.123233995737e-17 2.499479866028e+01
R0_rect: 1.000000000000e+00 0.000000000000e+00 0.000000000000e+00 0.000000000000e+00 1.000000000000e+00 0.000000000000e+00 0.000000000000e+00 0.000000000000e+00 1.000000000000e+00
Tr_velo_to_p2: 0.000000000000e+00 -1.000000000000e+00 0.000000000000e+00 -1.942588374519e-06 0.000000000000e+00 0.000000000000e+00 -1.000000000000e+00 -4.999999262514e-01 1.000000000000e+00 0.000000000000e+00 0.000000000000e+00 -2.240220221424e+00
imu_to_world: -6.441866587039e-03 -9.999792497557e-01 4.912060054893e-05 -5.392936325073e+01 9.997711558821e-01 -6.439523955095e-03 2.040020581964e-02 4.176407623291e+01 -2.039946619710e-02 1.805247638266e-04 9.997918929406e-01 6.749644875526e-02
p2_to_world: -9.999792497557e-01 -4.912060054893e-05 -6.441866587039e-03 -5.394369506836e+01 -6.439523955095e-03 -2.040020581964e-02 9.997711558821e-01 4.404535675049e+01 1.805247638266e-04 -9.997918929406e-01 -2.039946619710e-02 2.059164047241e+00
