P0: -5.542562584220e+02 0.000000000000e+00 -9.600000000000e+02 -4.300992433625e+03 -4.408728476930e-14 5.542562584220e+02 -3.600000000000e+02 -1.612872162609e+03 -1.224646799147e-16 0.000000000000e+00 -1.000000000000e+00 -4.480200451693e+00
P1: -9.600000000000e+02 0.000000000000e+00 5.542562584220e+02 2.483115122816e+02 -3.600000000000e+02 5.542562584220e+02 2.204364238465e-14 -3.724779329683e+02 -1.000000000000e+00 0.000000000000e+00 6.123233995737e-17 -1.034660924912e+00
P2: 5.542562584220e+02 0.000000000000e+00 9.600000000000e+02 0.000000000000e+00 0.000000000000e+00 5.542562584220e+02 3.600000000000e+02 0.000000000000e+00 0.000000000000e+00 0.000000000000e+00 1.000000000000e+00 0.000000000000e+00
P3: 5.542562584220e+02 0.000000000000e+00 9.600000000000e+02 -4.434043129325e+02 0.000000000000e+00 5.542562584220e+02 3.600000000000e+02 0.000000000000e+00 0.000000000000e+00 0.000000000000e+00 1.000000000000e+00 0.000000000000e+00
P4: 9.600000000000e+02 0.000000000000e+00 -5.542562584220e+02 -2.234856959889e+03 3.600000000000e+02 5.542562584220e+02 2.204364238465e-14 -3.724747110348e+02 1.000000000000e+00 0.000000000000e+00 6.123233995737e-17 -1.034651975097e+00
P5: 5.542562584220e+02 9.600000000000e+02 5.878304635907e-14 2.399872100830e+04 0.000000000000e+00 9.600000000000e+02 -5.542562584220e+02 2.399872100830e+04 0.000000000000e+00 1.000000000000e+00 6.123233995737e-17 2.499866771698e+01
R0_rect: 1.000000000000e+00 0.000000000000e+00 0.000000000000e+00 0.000000000000e+00 1.000000000000e+00 0.000000000000e+00 0.000000000000e+00 0.000000000000e+00 1.000000000000e+00
Tr_velo_to_p2: 0.000000000000e+00 -1.000000000000e+00 0.000000000000e+00 -1.403839487889e-07 0.000000000000e+00 0.000000000000e+00 -1.000000000000e+00 -5.000001573976e-01 1.000000000000e+00 0.000000000000e+00 0.000000000000e+00 -2.240219705081e+00
imu_to_world: -9.195808666450e-03 -9.999576034882e-01 4.778378603293e-04 -5.396692276001e+01 9.999044787532e-01 -9.200248985580e-03 -1.031449406669e-02 4.619729232788e+01 1.031845299541e-02 3.829421027326e-04 9.999466900206e-01 5.415511876345e-02
p2_to_world: -9.999576034882e-01 -4.778378603293e-04 -9.195808666450e-03 -5.398655319214e+01 -9.200248985580e-03 1.031449406669e-02 9.999044787532e-01 4.841627883911e+01 3.829421027326e-04 -9.999466900206e-01 1.031845299541e-02 2.114953041077e+00
