P0: -5.542562584220e+02 0.000000000000e+00 -9.600000000000e+02 -4.301112986958e+03 -4.408728476930e-14 5.542562584220e+02 -3.600000000000e+02 -1.612917370109e+03 -1.224646799147e-16 0.000000000000e+00 -1.000000000000e+00 -4.480326028082e+00
P1: -9.600000000000e+02 0.000000000000e+00 5.542562584220e+02 2.483507859086e+02 -3.600000000000e+02 5.542562584220e+02 2.204364238465e-14 -3.724771950157e+02 -1.000000000000e+00 0.000000000000e+00 6.123233995737e-17 -1.034658875044e+00
P2: 5.542562584220e+02 0.000000000000e+00 9.600000000000e+02 0.000000000000e+00 0.000000000000e+00 5.542562584220e+02 3.600000000000e+02 0.000000000000e+00 0.000000000000e+00 0.000000000000e+00 1.000000000000e+00 0.000000000000e+00
P3: 5.542562584220e+02 0.000000000000e+00 9.600000000000e+02 -4.434044815681e+02 0.000000000000e+00 5.542562584220e+02 3.600000000000e+02 0.000000000000e+00 0.000000000000e+00 0.000000000000e+00 1.000000000000e+00 0.000000000000e+00
P4: 9.600000000000e+02 0.000000000000e+00 -5.542562584220e+02 -2.234894271593e+03 3.600000000000e+02 5.542562584220e+02 2.204364238465e-14 -3.724758278219e+02 1.000000000000e+00 0.000000000000e+00 6.123233995737e-17 -1.034655077283e+00
P5: 5.542562584220e+02 9.600000000000e+02 5.878304635907e-14 2.399939987183e+04 0.000000000000e+00 9.600000000000e+02 -5.542562584220e+02 2.399939987183e+04 0.000000000000e+00 1.000000000000e+00 6.123233995737e-17 2.499937486649e+01
R0_rect: 1.000000000000e+00 0.000000000000e+00 0.000000000000e+00 0.000000000000e+00 1.000000000000e+00 0.000000000000e+00 0.000000000000e+00 0.000000000000e+00 1.000000000000e+00
Tr_velo_to_p2: 0.000000000000e+00 -1.000000000000e+00 0.000000000000e+00 -4.917285204073e-06 0.000000000000e+00 0.000000000000e+00 -1.000000000000e+00 -4.999999945212e-01 1.000000000000e+00 0.000000000000e+00 0.000000000000e+00 -2.240217720867e+00
imu_to_world: 1.772809058991e-02 -9.998428428484e-01 6.639984965230e-05 -5.402075576782e+01 9.998178575953e-01 1.772717799348e-02 -7.070982529702e-03 1.776653099060e+01 7.068694192275e-03 1.917427742702e-04 9.999749980860e-01 5.564269796014e-02
p2_to_world: -9.998428428484e-01 -6.639984965230e-05 1.772809058991e-02 -5.398090744019e+01 1.772717799348e-02 7.070982529702e-03 9.998178575953e-01 1.999193191528e+01 1.917427742702e-04 -9.999749980860e-01 7.068694192275e-03 2.109218120575e+00
