P0: -5.542562584220e+02 0.000000000000e+00 -9.600000000000e+02 -4.300837408706e+03 -4.408728476930e-14 5.542562584220e+02 -3.600000000000e+02 -1.612814028265e+03 -1.224646799147e-16 0.000000000000e+00 -1.000000000000e+00 -4.480038967402e+00
P1: -9.600000000000e+02 0.000000000000e+00 5.542562584220e+02 2.482701666334e+02 -3.600000000000e+02 5.542562584220e+02 2.204364238465e-14 -3.724761985261e+02 -1.000000000000e+00 0.000000000000e+00 6.123233995737e-17 -1.034656107017e+00
P2: 5.542562584220e+02 0.000000000000e+00 9.600000000000e+02 0.000000000000e+00 0.000000000000e+00 5.542562584220e+02 3.600000000000e+02 0.000000000000e+00 0.000000000000e+00 0.000000000000e+00 1.000000000000e+00 0.000000000000e+00
P3: 5.542562584220e+02 0.000000000000e+00 9.600000000000e+02 -4.434063296206e+02 0.000000000000e+00 5.542562584220e+02 3.600000000000e+02 0.000000000000e+00 0.000000000000e+00 0.000000000000e+00 1.000000000000e+00 0.000000000000e+00
P4: 9.600000000000e+02 0.000000000000e+00 -5.542562584220e+02 -2.234820076584e+03 3.600000000000e+02 5.542562584220e+02 2.204364238465e-14 -3.724760363447e+02 1.000000000000e+00 0.000000000000e+00 6.123233995737e-17 -1.034655656513e+00
P5: 5.542562584220e+02 9.600000000000e+02 5.878304635907e-14 2.399786155701e+04 0.000000000000e+00 9.600000000000e+02 -5.542562584220e+02 2.399786155701e+04 0.000000000000e+00 1.000000000000e+00 6.123233995737e-17 2.499777245522e+01
R0_rect: 1.000000000000e+00 0.000000000000e+00 0.000000000000e+00 0.000000000000e+00 1.000000000000e+00 0.000000000000e+00 0.000000000000e+00 0.000000000000e+00 1.000000000000e+00
Tr_velo_to_p2: 0.000000000000e+00 -1.000000000000e+00 0.000000000000e+00 4.603108865823e-06 0.000000000000e+00 0.000000000000e+00 -1.000000000000e+00 -5.000002019890e-01 1.000000000000e+00 0.000000000000e+00 0.000000000000e+00 -2.240219268391e+00
imu_to_world: 8.078292976069e-03 -9.999672095365e-01 5.665989928922e-04 -5.391467666626e+01 9.998785226760e-01 8.070020829631e-03 -1.333471616211e-02 2.624003601074e+01 1.332970644491e-02 6.742519078730e-04 9.999109281883e-01 5.283874273300e-02
p2_to_world: -9.999672095365e-01 -5.665989928922e-04 8.078292976069e-03 -5.389542388916e+01 8.070020829631e-03 1.333471616211e-02 9.998785226760e-01 2.845281028748e+01 6.742519078730e-04 -9.999109281883e-01 1.332970644491e-02 2.120309591293e+00
