P0: -5.542562584220e+02 0.000000000000e+00 -9.600000000000e+02 -4.301201124336e+03 -4.408728476930e-14 5.542562584220e+02 -3.600000000000e+02 -1.612950421626e+03 -1.224646799147e-16 0.000000000000e+00 -1.000000000000e+00 -4.480417837850e+00
P1: -9.600000000000e+02 0.000000000000e+00 5.542562584220e+02 2.483806682129e+02 -3.600000000000e+02 5.542562584220e+02 2.204364238465e-14 -3.724763413736e+02 -1.000000000000e+00 0.000000000000e+00 6.123233995737e-17 -1.034656503816e+00
P2: 5.542562584220e+02 0.000000000000e+00 9.600000000000e+02 0.000000000000e+00 0.000000000000e+00 5.542562584220e+02 3.600000000000e+02 0.000000000000e+00 0.000000000000e+00 0.000000000000e+00 1.000000000000e+00 0.000000000000e+00
P3: 5.542562584220e+02 0.000000000000e+00 9.600000000000e+02 -4.434052216702e+02 0.000000000000e+00 5.542562584220e+02 3.600000000000e+02 0.000000000000e+00 0.000000000000e+00 0.000000000000e+00 1.000000000000e+00 0.000000000000e+00
P4: 9.600000000000e+02 0.000000000000e+00 -5.542562584220e+02 -2.234920704685e+03 3.600000000000e+02 5.542562584220e+02 2.204364238465e-14 -3.724770071246e+02 1.000000000000e+00 0.000000000000e+00 6.123233995737e-17 -1.034658353124e+00
P5: 5.542562584220e+02 9.600000000000e+02 5.878304635907e-14 2.399989952087e+04 0.000000000000e+00 9.600000000000e+02 -5.542562584220e+02 2.399989952087e+04 0.000000000000e+00 1.000000000000e+00 6.123233995737e-17 2.499989533424e+01
R0_rect: 1.000000000000e+00 0.000000000000e+00 0.000000000000e+00 0.000000000000e+00 1.000000000000e+00 0.000000000000e+00 0.000000000000e+00 0.000000000000e+00 1.000000000000e+00
Tr_velo_to_p2: 0.000000000000e+00 -1.000000000000e+00 0.000000000000e+00 -2.107339958491e-07 0.000000000000e+00 0.000000000000e+00 -1.000000000000e+00 -4.999998706055e-01 1.000000000000e+00 0.000000000000e+00 0.000000000000e+00 -2.240219612873e+00
imu_to_world: -1.391078118566e-02 -9.999032403183e-01 1.295160598082e-05 -5.416934967041e+01 9.998990422435e-01 -1.391068524468e-02 2.897957317539e-03 6.356142807007e+01 -2.897496746398e-03 5.326314854542e-05 9.999958008290e-01 5.974037200212e-02
p2_to_world: -9.999032403183e-01 -1.295160598082e-05 -1.391078118566e-02 -5.420048522949e+01 -1.391068524468e-02 -2.897957317539e-03 9.998990422435e-01 6.580732727051e+01 5.326314854542e-05 -9.999958008290e-01 -2.897496746398e-03 2.091031789780e+00
