P0: -5.542562584220e+02 0.000000000000e+00 -9.600000000000e+02 -4.301212721160e+03 -4.408728476930e-14 5.542562584220e+02 -3.600000000000e+02 -1.612954770435e+03 -1.224646799147e-16 0.000000000000e+00 -1.000000000000e+00 -4.480429917875e+00
P1: -9.600000000000e+02 0.000000000000e+00 5.542562584220e+02 2.483824078723e+02 -3.600000000000e+02 5.542562584220e+02 2.204364238465e-14 -3.724761795048e+02 -1.000000000000e+00 0.000000000000e+00 6.123233995737e-17 -1.034656054180e+00
P2: 5.542562584220e+02 0.000000000000e+00 9.600000000000e+02 0.000000000000e+00 0.000000000000e+00 5.542562584220e+02 3.600000000000e+02 0.000000000000e+00 0.000000000000e+00 0.000000000000e+00 1.000000000000e+00 0.000000000000e+00
P3: 5.542562584220e+02 0.000000000000e+00 9.600000000000e+02 -4.434052805296e+02 0.000000000000e+00 5.542562584220e+02 3.600000000000e+02 0.000000000000e+00 0.000000000000e+00 0.000000000000e+00 1.000000000000e+00 0.000000000000e+00
P4: 9.600000000000e+02 0.000000000000e+00 -5.542562584220e+02 -2.234921134019e+03 3.600000000000e+02 5.542562584220e+02 2.204364238465e-14 -3.724759296057e+02 1.000000000000e+00 0.000000000000e+00 6.123233995737e-17 -1.034655360016e+00
P5: 5.542562584220e+02 9.600000000000e+02 5.878304635907e-14 2.399996452332e+04 0.000000000000e+00 9.600000000000e+02 -5.542562584220e+02 2.399996452332e+04 0.000000000000e+00 1.000000000000e+00 6.123233995737e-17 2.499996304512e+01
R0_rect: 1.000000000000e+00 0.000000000000e+00 0.000000000000e+00 0.000000000000e+00 1.000000000000e+00 0.000000000000e+00 0.000000000000e+00 0.000000000000e+00 1.000000000000e+00
Tr_velo_to_p2: 0.000000000000e+00 -1.000000000000e+00 0.000000000000e+00 1.704138695710e-06 0.000000000000e+00 0.000000000000e+00 -1.000000000000e+00 -5.000001352622e-01 1.000000000000e+00 0.000000000000e+00 0.000000000000e+00 -2.240214997502e+00
imu_to_world: 1.392160645915e-02 -9.999030225835e-01 3.664722559173e-04 -5.395469284058e+01 9.999018053739e-01 1.392100020170e-02 -1.607906547285e-03 2.210977172852e+01 1.602648956314e-03 3.888209124855e-04 9.999986401664e-01 5.792839080095e-02
p2_to_world: -9.999030225835e-01 -3.664722559173e-04 1.392160645915e-02 -5.392275619507e+01 1.392100020170e-02 1.607906547285e-03 9.999018053739e-01 2.434649276733e+01 3.888209124855e-04 -9.999986401664e-01 1.602648956314e-03 2.099306821823e+00
