P0: -5.542562584220e+02 0.000000000000e+00 -9.600000000000e+02 -4.301216183505e+03 -4.408728476930e-14 5.542562584220e+02 -3.600000000000e+02 -1.612956068814e+03 -1.224646799147e-16 0.000000000000e+00 -1.000000000000e+00 -4.480433524484e+00
P1: -9.600000000000e+02 0.000000000000e+00 5.542562584220e+02 2.483809120914e+02 -3.600000000000e+02 5.542562584220e+02 2.204364238465e-14 -3.724767301767e+02 -1.000000000000e+00 0.000000000000e+00 6.123233995737e-17 -1.034657583824e+00
P2: 5.542562584220e+02 0.000000000000e+00 9.600000000000e+02 0.000000000000e+00 0.000000000000e+00 5.542562584220e+02 3.600000000000e+02 0.000000000000e+00 0.000000000000e+00 0.000000000000e+00 1.000000000000e+00 0.000000000000e+00
P3: 5.542562584220e+02 0.000000000000e+00 9.600000000000e+02 -4.434040604057e+02 0.000000000000e+00 5.542562584220e+02 3.600000000000e+02 0.000000000000e+00 0.000000000000e+00 0.000000000000e+00 1.000000000000e+00 0.000000000000e+00
P4: 9.600000000000e+02 0.000000000000e+00 -5.542562584220e+02 -2.234925797865e+03 3.600000000000e+02 5.542562584220e+02 2.204364238465e-14 -3.724761258895e+02 1.000000000000e+00 0.000000000000e+00 6.123233995737e-17 -1.034655905249e+00
P5: 5.542562584220e+02 9.600000000000e+02 5.878304635907e-14 2.399999816895e+04 0.000000000000e+00 9.600000000000e+02 -5.542562584220e+02 2.399999816895e+04 0.000000000000e+00 1.000000000000e+00 6.123233995737e-17 2.499999809265e+01
R0_rect: 1.000000000000e+00 0.000000000000e+00 0.000000000000e+00 0.000000000000e+00 1.000000000000e+00 0.000000000000e+00 0.000000000000e+00 0.000000000000e+00 1.000000000000e+00
Tr_velo_to_p2: 0.000000000000e+00 -1.000000000000e+00 0.000000000000e+00 -2.588541311752e-06 0.000000000000e+00 0.000000000000e+00 -1.000000000000e+00 -4.999999473216e-01 1.000000000000e+00 0.000000000000e+00 0.000000000000e+00 -2.240210665473e+00
imu_to_world: -1.537102634652e-02 -9.998818587904e-01 -3.306359238627e-06 -5.421754837036e+01 9.998817962388e-01 -1.537102655447e-02 3.536848854823e-04 6.665593719482e+01 -3.536939228577e-04 2.130531278586e-06 9.999999374480e-01 5.862052738667e-02
p2_to_world: -9.998818587904e-01 3.306359238627e-06 -1.537102634652e-02 -5.425199127197e+01 -1.537102655447e-02 -3.536848854823e-04 9.998817962388e-01 6.889660644531e+01 2.130531278586e-06 -9.999999374480e-01 -3.536939228577e-04 2.095619201660e+00
