P0: -5.542562584220e+02 0.000000000000e+00 -9.600000000000e+02 -4.301214034922e+03 -4.408728476930e-14 5.542562584220e+02 -3.600000000000e+02 -1.612955263096e+03 -1.224646799147e-16 0.000000000000e+00 -1.000000000000e+00 -4.480431286377e+00
P1: -9.600000000000e+02 0.000000000000e+00 5.542562584220e+02 2.483791064996e+02 -3.600000000000e+02 5.542562584220e+02 2.204364238465e-14 -3.724775027439e+02 -1.000000000000e+00 0.000000000000e+00 6.123233995737e-17 -1.034659729844e+00
P2: 5.542562584220e+02 0.000000000000e+00 9.600000000000e+02 0.000000000000e+00 0.000000000000e+00 5.542562584220e+02 3.600000000000e+02 0.000000000000e+00 0.000000000000e+00 0.000000000000e+00 1.000000000000e+00 0.000000000000e+00
P3: 5.542562584220e+02 0.000000000000e+00 9.600000000000e+02 -4.434032115659e+02 0.000000000000e+00 5.542562584220e+02 3.600000000000e+02 0.000000000000e+00 0.000000000000e+00 0.000000000000e+00 1.000000000000e+00 0.000000000000e+00
P4: 9.600000000000e+02 0.000000000000e+00 -5.542562584220e+02 -2.234923700392e+03 3.600000000000e+02 5.542562584220e+02 2.204364238465e-14 -3.724766890940e+02 1.000000000000e+00 0.000000000000e+00 6.123233995737e-17 -1.034657469705e+00
P5: 5.542562584220e+02 9.600000000000e+02 5.878304635907e-14 2.399998329163e+04 0.000000000000e+00 9.600000000000e+02 -5.542562584220e+02 2.399998329163e+04 0.000000000000e+00 1.000000000000e+00 6.123233995737e-17 2.499998259544e+01
R0_rect: 1.000000000000e+00 0.000000000000e+00 0.000000000000e+00 0.000000000000e+00 1.000000000000e+00 0.000000000000e+00 0.000000000000e+00 0.000000000000e+00 1.000000000000e+00
Tr_velo_to_p2: 0.000000000000e+00 -1.000000000000e+00 0.000000000000e+00 -3.146458166222e-06 0.000000000000e+00 0.000000000000e+00 -1.000000000000e+00 -4.999994985490e-01 1.000000000000e+00 0.000000000000e+00 0.000000000000e+00 -2.240216702021e+00
imu_to_world: -4.737610432726e-03 -9.999886583650e-01 4.880458368502e-04 -5.391298675537e+01 9.999882992203e-01 -4.737130286706e-03 9.803158844029e-04 3.921854782104e+01 -9.779928293029e-04 4.926844810947e-04 9.999994003958e-01 5.904563888907e-02
p2_to_world: -9.999886583650e-01 -4.880458368502e-04 -4.737610432726e-03 -5.392260742188e+01 -4.737130286706e-03 -9.803158844029e-04 9.999882992203e-01 4.146073532104e+01 4.926844810947e-04 -9.999994003958e-01 -9.779928293029e-04 2.094644784927e+00
