P0: -5.542562584220e+02 0.000000000000e+00 -9.600000000000e+02 -4.301220869942e+03 -4.408728476930e-14 5.542562584220e+02 -3.600000000000e+02 -1.612957826228e+03 -1.224646799147e-16 0.000000000000e+00 -1.000000000000e+00 -4.480438406190e+00
P1: -9.600000000000e+02 0.000000000000e+00 5.542562584220e+02 2.483796146255e+02 -3.600000000000e+02 5.542562584220e+02 2.204364238465e-14 -3.724782688098e+02 -1.000000000000e+00 0.000000000000e+00 6.123233995737e-17 -1.034661857805e+00
P2: 5.542562584220e+02 0.000000000000e+00 9.600000000000e+02 0.000000000000e+00 0.000000000000e+00 5.542562584220e+02 3.600000000000e+02 0.000000000000e+00 0.000000000000e+00 0.000000000000e+00 1.000000000000e+00 0.000000000000e+00
P3: 5.542562584220e+02 0.000000000000e+00 9.600000000000e+02 -4.434023556883e+02 0.000000000000e+00 5.542562584220e+02 3.600000000000e+02 0.000000000000e+00 0.000000000000e+00 0.000000000000e+00 1.000000000000e+00 0.000000000000e+00
P4: 9.600000000000e+02 0.000000000000e+00 -5.542562584220e+02 -2.234922705621e+03 3.600000000000e+02 5.542562584220e+02 2.204364238465e-14 -3.724750244870e+02 1.000000000000e+00 0.000000000000e+00 6.123233995737e-17 -1.034652845797e+00
P5: 5.542562584220e+02 9.600000000000e+02 5.878304635907e-14 2.399999633789e+04 0.000000000000e+00 9.600000000000e+02 -5.542562584220e+02 2.399999633789e+04 0.000000000000e+00 1.000000000000e+00 6.123233995737e-17 2.499999618530e+01
R0_rect: 1.000000000000e+00 0.000000000000e+00 0.000000000000e+00 0.000000000000e+00 1.000000000000e+00 0.000000000000e+00 0.000000000000e+00 0.000000000000e+00 1.000000000000e+00
Tr_velo_to_p2: 0.000000000000e+00 -1.000000000000e+00 0.000000000000e+00 -2.040049519453e-06 0.000000000000e+00 0.000000000000e+00 -1.000000000000e+00 -5.000000631527e-01 1.000000000000e+00 0.000000000000e+00 0.000000000000e+00 -2.240218476542e+00
imu_to_world: 1.308480059039e-02 -9.999143156827e-01 3.863758336514e-04 -5.394697189331e+01 9.999142602827e-01 1.308460083508e-02 -5.150769915643e-04 2.274615478516e+01 5.099772839883e-04 3.930823856199e-04 9.999997927047e-01 5.840480700135e-02
p2_to_world: -9.999143156827e-01 -3.863758336514e-04 1.308480059039e-02 -5.391687393188e+01 1.308460083508e-02 5.150769915643e-04 9.999142602827e-01 2.498513221741e+01 3.930823856199e-04 -9.999997927047e-01 5.099772839883e-04 2.097337722778e+00
