P0: -5.542562584220e+02 0.000000000000e+00 -9.600000000000e+02 -4.301198210105e+03 -4.408728476930e-14 5.542562584220e+02 -3.600000000000e+02 -1.612949328789e+03 -1.224646799147e-16 0.000000000000e+00 -1.000000000000e+00 -4.480414802192e+00
P1: -9.600000000000e+02 0.000000000000e+00 5.542562584220e+02 2.483765294391e+02 -3.600000000000e+02 5.542562584220e+02 2.204364238465e-14 -3.724768927208e+02 -1.000000000000e+00 0.000000000000e+00 6.123233995737e-17 -1.034658035335e+00
P2: 5.542562584220e+02 0.000000000000e+00 9.600000000000e+02 0.000000000000e+00 0.000000000000e+00 5.542562584220e+02 3.600000000000e+02 0.000000000000e+00 0.000000000000e+00 0.000000000000e+00 1.000000000000e+00 0.000000000000e+00
P3: 5.542562584220e+02 0.000000000000e+00 9.600000000000e+02 -4.434038241066e+02 0.000000000000e+00 5.542562584220e+02 3.600000000000e+02 0.000000000000e+00 0.000000000000e+00 0.000000000000e+00 1.000000000000e+00 0.000000000000e+00
P4: 9.600000000000e+02 0.000000000000e+00 -5.542562584220e+02 -2.234921674627e+03 3.600000000000e+02 5.542562584220e+02 2.204364238465e-14 -3.724765936879e+02 1.000000000000e+00 0.000000000000e+00 6.123233995737e-17 -1.034657204689e+00
P5: 5.542562584220e+02 9.600000000000e+02 5.878304635907e-14 2.399987297058e+04 0.000000000000e+00 9.600000000000e+02 -5.542562584220e+02 2.399987297058e+04 0.000000000000e+00 1.000000000000e+00 6.123233995737e-17 2.499986767769e+01
R0_rect: 1.000000000000e+00 0.000000000000e+00 0.000000000000e+00 0.000000000000e+00 1.000000000000e+00 0.000000000000e+00 0.000000000000e+00 0.000000000000e+00 1.000000000000e+00
Tr_velo_to_p2: 0.000000000000e+00 -1.000000000000e+00 0.000000000000e+00 -4.096633774709e-06 0.000000000000e+00 0.000000000000e+00 -1.000000000000e+00 -5.000000283635e-01 1.000000000000e+00 0.000000000000e+00 0.000000000000e+00 -2.240219920671e+00
imu_to_world: 1.469724696938e-02 -9.998919331930e-01 3.359570331549e-04 -5.396299743652e+01 9.998867673099e-01 1.469608345133e-02 -3.236925985717e-03 2.147255325317e+01 3.231638928866e-03 3.834928924700e-04 9.999947047075e-01 5.721885710955e-02
p2_to_world: -9.998919331930e-01 -3.359570331549e-04 1.469724696938e-02 -5.392938995361e+01 1.469608345133e-02 3.236925985717e-03 9.998867673099e-01 2.370592308044e+01 3.834928924700e-04 -9.999947047075e-01 3.231638928866e-03 2.102238416672e+00
