P0: -5.542562584220e+02 0.000000000000e+00 -9.600000000000e+02 -4.299299445510e+03 -4.408728476930e-14 5.542562584220e+02 -3.600000000000e+02 -1.612237292066e+03 -1.224646799147e-16 0.000000000000e+00 -1.000000000000e+00 -4.478436922406e+00
P1: -9.600000000000e+02 0.000000000000e+00 5.542562584220e+02 2.478226481832e+02 -3.600000000000e+02 5.542562584220e+02 2.204364238465e-14 -3.724763058834e+02 -1.000000000000e+00 0.000000000000e+00 6.123233995737e-17 -1.034656405232e+00
P2: 5.542562584220e+02 0.000000000000e+00 9.600000000000e+02 0.000000000000e+00 0.000000000000e+00 5.542562584220e+02 3.600000000000e+02 0.000000000000e+00 0.000000000000e+00 0.000000000000e+00 1.000000000000e+00 0.000000000000e+00
P3: 5.542562584220e+02 0.000000000000e+00 9.600000000000e+02 -4.434072811092e+02 0.000000000000e+00 5.542562584220e+02 3.600000000000e+02 0.000000000000e+00 0.000000000000e+00 0.000000000000e+00 1.000000000000e+00 0.000000000000e+00
P4: 9.600000000000e+02 0.000000000000e+00 -5.542562584220e+02 -2.234382274899e+03 3.600000000000e+02 5.542562584220e+02 2.204364238465e-14 -3.724775174672e+02 1.000000000000e+00 0.000000000000e+00 6.123233995737e-17 -1.034659770742e+00
P5: 5.542562584220e+02 9.600000000000e+02 5.878304635907e-14 2.398929405212e+04 0.000000000000e+00 9.600000000000e+02 -5.542562584220e+02 2.398929405212e+04 0.000000000000e+00 1.000000000000e+00 6.123233995737e-17 2.498884797096e+01
R0_rect: 1.000000000000e+00 0.000000000000e+00 0.000000000000e+00 0.000000000000e+00 1.000000000000e+00 0.000000000000e+00 0.000000000000e+00 0.000000000000e+00 1.000000000000e+00
Tr_velo_to_p2: 0.000000000000e+00 -1.000000000000e+00 0.000000000000e+00 1.963068301666e-06 0.000000000000e+00 0.000000000000e+00 -1.000000000000e+00 -5.000000936498e-01 1.000000000000e+00 0.000000000000e+00 0.000000000000e+00 -2.240218027353e+00
imu_to_world: 1.860345750718e-02 -9.998269369105e-01 -8.716075747500e-05 -5.407601928711e+01 9.993808726940e-01 1.859776135211e-02 -2.986627807591e-02 1.469778060913e+01 2.986273032052e-02 4.685092412128e-04 9.995538994156e-01 4.542682692409e-02
p2_to_world: -9.998269369105e-01 8.716075747500e-05 1.860345750718e-02 -5.403451919556e+01 1.859776135211e-02 2.986627807591e-02 9.993808726940e-01 1.687574958801e+01 4.685092412128e-04 -9.995538994156e-01 2.986273032052e-02 2.149207830429e+00
