P0: -5.542562584220e+02 0.000000000000e+00 -9.600000000000e+02 -4.301216555546e+03 -4.408728476930e-14 5.542562584220e+02 -3.600000000000e+02 -1.612956208330e+03 -1.224646799147e-16 0.000000000000e+00 -1.000000000000e+00 -4.480433912028e+00
P1: -9.600000000000e+02 0.000000000000e+00 5.542562584220e+02 2.483867972134e+02 -3.600000000000e+02 5.542562584220e+02 2.204364238465e-14 -3.724760112183e+02 -1.000000000000e+00 0.000000000000e+00 6.123233995737e-17 -1.034655586718e+00
P2: 5.542562584220e+02 0.000000000000e+00 9.600000000000e+02 0.000000000000e+00 0.000000000000e+00 5.542562584220e+02 3.600000000000e+02 0.000000000000e+00 0.000000000000e+00 0.000000000000e+00 1.000000000000e+00 0.000000000000e+00
P3: 5.542562584220e+02 0.000000000000e+00 9.600000000000e+02 -4.434058224289e+02 0.000000000000e+00 5.542562584220e+02 3.600000000000e+02 0.000000000000e+00 0.000000000000e+00 0.000000000000e+00 1.000000000000e+00 0.000000000000e+00
P4: 9.600000000000e+02 0.000000000000e+00 -5.542562584220e+02 -2.234925707956e+03 3.600000000000e+02 5.542562584220e+02 2.204364238465e-14 -3.724767130230e+02 1.000000000000e+00 0.000000000000e+00 6.123233995737e-17 -1.034657536175e+00
P5: 5.542562584220e+02 9.600000000000e+02 5.878304635907e-14 2.399998191833e+04 0.000000000000e+00 9.600000000000e+02 -5.542562584220e+02 2.399998191833e+04 0.000000000000e+00 1.000000000000e+00 6.123233995737e-17 2.499998116493e+01
R0_rect: 1.000000000000e+00 0.000000000000e+00 0.000000000000e+00 0.000000000000e+00 1.000000000000e+00 0.000000000000e+00 0.000000000000e+00 0.000000000000e+00 1.000000000000e+00
Tr_velo_to_p2: 0.000000000000e+00 -1.000000000000e+00 0.000000000000e+00 1.965743837931e-06 0.000000000000e+00 0.000000000000e+00 -1.000000000000e+00 -4.999998974617e-01 1.000000000000e+00 0.000000000000e+00 0.000000000000e+00 -2.240219864161e+00
imu_to_world: -7.922815800078e-03 -9.999686014577e-01 1.583933704077e-04 -5.394274902344e+01 9.999679130684e-01 -7.922622599793e-03 1.185278375252e-03 4.345571136475e+01 -1.183986268343e-03 1.677790302894e-04 9.999992850131e-01 5.911430343986e-02
p2_to_world: -9.999686014577e-01 -1.583933704077e-04 -7.922815800078e-03 -5.396017456055e+01 -7.922622599793e-03 -1.185278375252e-03 9.999679130684e-01 4.569827651978e+01 1.677790302894e-04 -9.999992850131e-01 -1.183986268343e-03 2.094251394272e+00
