P0: -5.542562584220e+02 0.000000000000e+00 -9.600000000000e+02 -4.298717405335e+03 -4.408728476930e-14 5.542562584220e+02 -3.600000000000e+02 -1.612019027001e+03 -1.224646799147e-16 0.000000000000e+00 -1.000000000000e+00 -4.477830630557e+00
P1: -9.600000000000e+02 0.000000000000e+00 5.542562584220e+02 2.476530171003e+02 -3.600000000000e+02 5.542562584220e+02 2.204364238465e-14 -3.724764131287e+02 -1.000000000000e+00 0.000000000000e+00 6.123233995737e-17 -1.034656703135e+00
P2: 5.542562584220e+02 0.000000000000e+00 9.600000000000e+02 0.000000000000e+00 0.000000000000e+00 5.542562584220e+02 3.600000000000e+02 0.000000000000e+00 0.000000000000e+00 0.000000000000e+00 1.000000000000e+00 0.000000000000e+00
P3: 5.542562584220e+02 0.000000000000e+00 9.600000000000e+02 -4.434077734343e+02 0.000000000000e+00 5.542562584220e+02 3.600000000000e+02 0.000000000000e+00 0.000000000000e+00 0.000000000000e+00 1.000000000000e+00 0.000000000000e+00
P4: 9.600000000000e+02 0.000000000000e+00 -5.542562584220e+02 -2.234212808587e+03 3.600000000000e+02 5.542562584220e+02 2.204364238465e-14 -3.724768749498e+02 1.000000000000e+00 0.000000000000e+00 6.123233995737e-17 -1.034657985972e+00
P5: 5.542562584220e+02 9.600000000000e+02 5.878304635907e-14 2.398603752136e+04 0.000000000000e+00 9.600000000000e+02 -5.542562584220e+02 2.398603752136e+04 0.000000000000e+00 1.000000000000e+00 6.123233995737e-17 2.498545575142e+01
R0_rect: 1.000000000000e+00 0.000000000000e+00 0.000000000000e+00 0.000000000000e+00 1.000000000000e+00 0.000000000000e+00 0.000000000000e+00 0.000000000000e+00 1.000000000000e+00
Tr_velo_to_p2: 0.000000000000e+00 -1.000000000000e+00 0.000000000000e+00 2.053917377411e-06 0.000000000000e+00 0.000000000000e+00 -1.000000000000e+00 -4.999999035401e-01 1.000000000000e+00 0.000000000000e+00 0.000000000000e+00 -2.240218448576e+00
imu_to_world: 1.866267167434e-02 -9.998258195262e-01 -1.878690736090e-04 -5.408375930786e+01 9.992441048235e-01 1.865822165469e-02 -3.410410151521e-02 1.428336906433e+01 3.410166654947e-02 4.487465850443e-04 9.994182682766e-01 4.368858411908e-02
p2_to_world: -9.998258195262e-01 1.878690736090e-04 1.866267167434e-02 -5.404233169556e+01 1.865822165469e-02 3.410410151521e-02 9.992441048235e-01 1.645239639282e+01 4.487465850443e-04 -9.994182682766e-01 3.410166654947e-02 2.156689405441e+00
