P0: -5.542562584220e+02 0.000000000000e+00 -9.600000000000e+02 -4.300864447016e+03 -4.408728476930e-14 5.542562584220e+02 -3.600000000000e+02 -1.612824167631e+03 -1.224646799147e-16 0.000000000000e+00 -1.000000000000e+00 -4.480067132308e+00
P1: -9.600000000000e+02 0.000000000000e+00 5.542562584220e+02 2.482839475235e+02 -3.600000000000e+02 5.542562584220e+02 2.204364238465e-14 -3.724753212868e+02 -1.000000000000e+00 0.000000000000e+00 6.123233995737e-17 -1.034653670241e+00
P2: 5.542562584220e+02 0.000000000000e+00 9.600000000000e+02 0.000000000000e+00 0.000000000000e+00 5.542562584220e+02 3.600000000000e+02 0.000000000000e+00 0.000000000000e+00 0.000000000000e+00 1.000000000000e+00 0.000000000000e+00
P3: 5.542562584220e+02 0.000000000000e+00 9.600000000000e+02 -4.434071312627e+02 0.000000000000e+00 5.542562584220e+02 3.600000000000e+02 0.000000000000e+00 0.000000000000e+00 0.000000000000e+00 1.000000000000e+00 0.000000000000e+00
P4: 9.600000000000e+02 0.000000000000e+00 -5.542562584220e+02 -2.234831793359e+03 3.600000000000e+02 5.542562584220e+02 2.204364238465e-14 -3.724788313534e+02 1.000000000000e+00 0.000000000000e+00 6.123233995737e-17 -1.034663420426e+00
P5: 5.542562584220e+02 9.600000000000e+02 5.878304635907e-14 2.399802085876e+04 0.000000000000e+00 9.600000000000e+02 -5.542562584220e+02 2.399802085876e+04 0.000000000000e+00 1.000000000000e+00 6.123233995737e-17 2.499793839455e+01
R0_rect: 1.000000000000e+00 0.000000000000e+00 0.000000000000e+00 0.000000000000e+00 1.000000000000e+00 0.000000000000e+00 0.000000000000e+00 0.000000000000e+00 1.000000000000e+00
Tr_velo_to_p2: 0.000000000000e+00 -1.000000000000e+00 0.000000000000e+00 4.198114272748e-06 0.000000000000e+00 0.000000000000e+00 -1.000000000000e+00 -4.999996849372e-01 1.000000000000e+00 0.000000000000e+00 0.000000000000e+00 -2.240218840527e+00
imu_to_world: 1.832360650725e-02 -9.998321085321e-01 1.388671927306e-05 -5.404977035522e+01 9.997496244317e-01 1.832191644142e-02 -1.284507012458e-02 1.612711715698e+01 1.284265911559e-02 2.492512528986e-04 9.999174985871e-01 5.311683565378e-02
p2_to_world: -9.998321085321e-01 -1.388671927306e-05 1.832360650725e-02 -5.400868988037e+01 1.832191644142e-02 1.284507012458e-02 9.997496244317e-01 1.834059906006e+01 2.492512528986e-04 -9.999174985871e-01 1.284265911559e-02 2.119510412216e+00
