P0: -5.542562584220e+02 0.000000000000e+00 -9.600000000000e+02 -4.300943742857e+03 -4.408728476930e-14 5.542562584220e+02 -3.600000000000e+02 -1.612853903571e+03 -1.224646799147e-16 0.000000000000e+00 -1.000000000000e+00 -4.480149732143e+00
P1: -9.600000000000e+02 0.000000000000e+00 5.542562584220e+02 2.483030899626e+02 -3.600000000000e+02 5.542562584220e+02 2.204364238465e-14 -3.724764745770e+02 -1.000000000000e+00 0.000000000000e+00 6.123233995737e-17 -1.034656873825e+00
P2: 5.542562584220e+02 0.000000000000e+00 9.600000000000e+02 0.000000000000e+00 0.000000000000e+00 5.542562584220e+02 3.600000000000e+02 0.000000000000e+00 0.000000000000e+00 0.000000000000e+00 1.000000000000e+00 0.000000000000e+00
P3: 5.542562584220e+02 0.000000000000e+00 9.600000000000e+02 -4.434053333188e+02 0.000000000000e+00 5.542562584220e+02 3.600000000000e+02 0.000000000000e+00 0.000000000000e+00 0.000000000000e+00 1.000000000000e+00 0.000000000000e+00
P4: 9.600000000000e+02 0.000000000000e+00 -5.542562584220e+02 -2.234847314879e+03 3.600000000000e+02 5.542562584220e+02 2.204364238465e-14 -3.724762410020e+02 1.000000000000e+00 0.000000000000e+00 6.123233995737e-17 -1.034656225005e+00
P5: 5.542562584220e+02 9.600000000000e+02 5.878304635907e-14 2.399844703674e+04 0.000000000000e+00 9.600000000000e+02 -5.542562584220e+02 2.399844703674e+04 0.000000000000e+00 1.000000000000e+00 6.123233995737e-17 2.499838232994e+01
R0_rect: 1.000000000000e+00 0.000000000000e+00 0.000000000000e+00 0.000000000000e+00 1.000000000000e+00 0.000000000000e+00 0.000000000000e+00 0.000000000000e+00 1.000000000000e+00
Tr_velo_to_p2: 0.000000000000e+00 -1.000000000000e+00 0.000000000000e+00 3.420627656183e-06 0.000000000000e+00 0.000000000000e+00 -1.000000000000e+00 -5.000000017311e-01 1.000000000000e+00 0.000000000000e+00 0.000000000000e+00 -2.240222887604e+00
imu_to_world: -1.523756665999e-02 -9.998838385184e-01 -3.550099817116e-04 -5.420675659180e+01 9.998193274032e-01 -1.524061672514e-02 1.135940812212e-02 6.597382354736e+01 -1.136349916750e-02 -1.818561026575e-04 9.999354168220e-01 6.338965892792e-02
p2_to_world: -9.998838385184e-01 3.550099817116e-04 -1.523756665999e-02 -5.424161529541e+01 -1.524061672514e-02 -1.135940812212e-02 9.998193274032e-01 6.823678588867e+01 -1.818561026575e-04 -9.999354168220e-01 -1.136349916750e-02 2.075592279434e+00
