P0: -5.542562584220e+02 0.000000000000e+00 -9.600000000000e+02 -4.301206792726e+03 -4.408728476930e-14 5.542562584220e+02 -3.600000000000e+02 -1.612952547272e+03 -1.224646799147e-16 0.000000000000e+00 -1.000000000000e+00 -4.480423742422e+00
P1: -9.600000000000e+02 0.000000000000e+00 5.542562584220e+02 2.483806667652e+02 -3.600000000000e+02 5.542562584220e+02 2.204364238465e-14 -3.724767899229e+02 -1.000000000000e+00 0.000000000000e+00 6.123233995737e-17 -1.034657749786e+00
P2: 5.542562584220e+02 0.000000000000e+00 9.600000000000e+02 0.000000000000e+00 0.000000000000e+00 5.542562584220e+02 3.600000000000e+02 0.000000000000e+00 0.000000000000e+00 0.000000000000e+00 1.000000000000e+00 0.000000000000e+00
P3: 5.542562584220e+02 0.000000000000e+00 9.600000000000e+02 -4.434043714206e+02 0.000000000000e+00 5.542562584220e+02 3.600000000000e+02 0.000000000000e+00 0.000000000000e+00 0.000000000000e+00 1.000000000000e+00 0.000000000000e+00
P4: 9.600000000000e+02 0.000000000000e+00 -5.542562584220e+02 -2.234926912837e+03 3.600000000000e+02 5.542562584220e+02 2.204364238465e-14 -3.724777608859e+02 1.000000000000e+00 0.000000000000e+00 6.123233995737e-17 -1.034660446905e+00
P5: 5.542562584220e+02 9.600000000000e+02 5.878304635907e-14 2.399992218018e+04 0.000000000000e+00 9.600000000000e+02 -5.542562584220e+02 2.399992218018e+04 0.000000000000e+00 1.000000000000e+00 6.123233995737e-17 2.499991893768e+01
R0_rect: 1.000000000000e+00 0.000000000000e+00 0.000000000000e+00 0.000000000000e+00 1.000000000000e+00 0.000000000000e+00 0.000000000000e+00 0.000000000000e+00 1.000000000000e+00
Tr_velo_to_p2: 0.000000000000e+00 -1.000000000000e+00 0.000000000000e+00 3.339034713211e-06 0.000000000000e+00 0.000000000000e+00 -1.000000000000e+00 -4.999999095061e-01 1.000000000000e+00 0.000000000000e+00 0.000000000000e+00 -2.240219589054e+00
imu_to_world: -1.108767483703e-02 -9.999385209040e-01 1.337124491204e-04 -5.404467010498e+01 9.999352820284e-01 -1.108797954272e-02 -2.547246445789e-03 5.367157745361e+01 2.548572444281e-03 1.054607552013e-04 9.999967468230e-01 5.752418562770e-02
p2_to_world: -9.999385209040e-01 -1.337124491204e-04 -1.108767483703e-02 -5.406923675537e+01 -1.108797954272e-02 2.547246445789e-03 9.999352820284e-01 5.590645980835e+01 1.054607552013e-04 -9.999967468230e-01 2.548572444281e-03 2.101017951965e+00
