P0: -5.542562584220e+02 0.000000000000e+00 -9.600000000000e+02 -4.301198326580e+03 -4.408728476930e-14 5.542562584220e+02 -3.600000000000e+02 -1.612949372467e+03 -1.224646799147e-16 0.000000000000e+00 -1.000000000000e+00 -4.480414923520e+00
P1: -9.600000000000e+02 0.000000000000e+00 5.542562584220e+02 2.483788988067e+02 -3.600000000000e+02 5.542562584220e+02 2.204364238465e-14 -3.724760265191e+02 -1.000000000000e+00 0.000000000000e+00 6.123233995737e-17 -1.034655629220e+00
P2: 5.542562584220e+02 0.000000000000e+00 9.600000000000e+02 0.000000000000e+00 0.000000000000e+00 5.542562584220e+02 3.600000000000e+02 0.000000000000e+00 0.000000000000e+00 0.000000000000e+00 1.000000000000e+00 0.000000000000e+00
P3: 5.542562584220e+02 0.000000000000e+00 9.600000000000e+02 -4.434057221273e+02 0.000000000000e+00 5.542562584220e+02 3.600000000000e+02 0.000000000000e+00 0.000000000000e+00 0.000000000000e+00 1.000000000000e+00 0.000000000000e+00
P4: 9.600000000000e+02 0.000000000000e+00 -5.542562584220e+02 -2.234924194611e+03 3.600000000000e+02 5.542562584220e+02 2.204364238465e-14 -3.724779440497e+02 1.000000000000e+00 0.000000000000e+00 6.123233995737e-17 -1.034660955694e+00
P5: 5.542562584220e+02 9.600000000000e+02 5.878304635907e-14 2.399988029480e+04 0.000000000000e+00 9.600000000000e+02 -5.542562584220e+02 2.399988029480e+04 0.000000000000e+00 1.000000000000e+00 6.123233995737e-17 2.499987530708e+01
R0_rect: 1.000000000000e+00 0.000000000000e+00 0.000000000000e+00 0.000000000000e+00 1.000000000000e+00 0.000000000000e+00 0.000000000000e+00 0.000000000000e+00 1.000000000000e+00
Tr_velo_to_p2: 0.000000000000e+00 -1.000000000000e+00 0.000000000000e+00 2.577945282515e-06 0.000000000000e+00 0.000000000000e+00 -1.000000000000e+00 -5.000002624192e-01 1.000000000000e+00 0.000000000000e+00 0.000000000000e+00 -2.240214483137e+00
imu_to_world: -1.498603837736e-02 -9.998877001068e-01 -7.634715432519e-05 -5.421906661987e+01 9.998828082581e-01 -1.498620388893e-02 3.127849577949e-03 6.674540710449e+01 -3.128642474797e-03 -2.946413325542e-05 9.999951053521e-01 5.982971191406e-02
p2_to_world: -9.998877001068e-01 7.634715432519e-05 -1.498603837736e-02 -5.425279235840e+01 -1.498620388893e-02 -3.127849577949e-03 9.998828082581e-01 6.899173736572e+01 -2.946413325542e-05 -9.999951053521e-01 -3.128642474797e-03 2.090601682663e+00
