P0: -5.542562584220e+02 0.000000000000e+00 -9.600000000000e+02 -4.301193381737e+03 -4.408728476930e-14 5.542562584220e+02 -3.600000000000e+02 -1.612947518151e+03 -1.224646799147e-16 0.000000000000e+00 -1.000000000000e+00 -4.480409772643e+00
P1: -9.600000000000e+02 0.000000000000e+00 5.542562584220e+02 2.483758130781e+02 -3.600000000000e+02 5.542562584220e+02 2.204364238465e-14 -3.724762361859e+02 -1.000000000000e+00 0.000000000000e+00 6.123233995737e-17 -1.034656211628e+00
P2: 5.542562584220e+02 0.000000000000e+00 9.600000000000e+02 0.000000000000e+00 0.000000000000e+00 5.542562584220e+02 3.600000000000e+02 0.000000000000e+00 0.000000000000e+00 0.000000000000e+00 1.000000000000e+00 0.000000000000e+00
P3: 5.542562584220e+02 0.000000000000e+00 9.600000000000e+02 -4.434036066233e+02 0.000000000000e+00 5.542562584220e+02 3.600000000000e+02 0.000000000000e+00 0.000000000000e+00 0.000000000000e+00 1.000000000000e+00 0.000000000000e+00
P4: 9.600000000000e+02 0.000000000000e+00 -5.542562584220e+02 -2.234919747513e+03 3.600000000000e+02 5.542562584220e+02 2.204364238465e-14 -3.724771925245e+02 1.000000000000e+00 0.000000000000e+00 6.123233995737e-17 -1.034658868124e+00
P5: 5.542562584220e+02 9.600000000000e+02 5.878304635907e-14 2.399986221313e+04 0.000000000000e+00 9.600000000000e+02 -5.542562584220e+02 2.399986221313e+04 0.000000000000e+00 1.000000000000e+00 6.123233995737e-17 2.499985647202e+01
R0_rect: 1.000000000000e+00 0.000000000000e+00 0.000000000000e+00 0.000000000000e+00 1.000000000000e+00 0.000000000000e+00 0.000000000000e+00 0.000000000000e+00 1.000000000000e+00
Tr_velo_to_p2: 0.000000000000e+00 -1.000000000000e+00 0.000000000000e+00 -7.594758707489e-09 0.000000000000e+00 0.000000000000e+00 -1.000000000000e+00 -4.999998156724e-01 1.000000000000e+00 0.000000000000e+00 0.000000000000e+00 -2.240220013349e+00
imu_to_world: -1.530303751677e-02 -9.998828877468e-01 -1.668350967671e-04 -5.420868682861e+01 9.998772047068e-01 -1.530351336071e-02 3.373127128440e-03 6.609593963623e+01 -3.375285257054e-03 -1.151955192072e-04 9.999942970735e-01 5.990840867162e-02
p2_to_world: -9.998828877468e-01 1.668350967671e-04 -1.530303751677e-02 -5.424330902100e+01 -1.530351336071e-02 -3.373127128440e-03 9.998772047068e-01 6.834275054932e+01 -1.151955192072e-04 -9.999942970735e-01 -3.375285257054e-03 2.090126514435e+00
