P0: -5.542562584220e+02 0.000000000000e+00 -9.600000000000e+02 -4.300846699956e+03 -4.408728476930e-14 5.542562584220e+02 -3.600000000000e+02 -1.612817512484e+03 -1.224646799147e-16 0.000000000000e+00 -1.000000000000e+00 -4.480048645788e+00
P1: -9.600000000000e+02 0.000000000000e+00 5.542562584220e+02 2.482758950562e+02 -3.600000000000e+02 5.542562584220e+02 2.204364238465e-14 -3.724753450957e+02 -1.000000000000e+00 0.000000000000e+00 6.123233995737e-17 -1.034653736377e+00
P2: 5.542562584220e+02 0.000000000000e+00 9.600000000000e+02 0.000000000000e+00 0.000000000000e+00 5.542562584220e+02 3.600000000000e+02 0.000000000000e+00 0.000000000000e+00 0.000000000000e+00 1.000000000000e+00 0.000000000000e+00
P3: 5.542562584220e+02 0.000000000000e+00 9.600000000000e+02 -4.434048757057e+02 0.000000000000e+00 5.542562584220e+02 3.600000000000e+02 0.000000000000e+00 0.000000000000e+00 0.000000000000e+00 1.000000000000e+00 0.000000000000e+00
P4: 9.600000000000e+02 0.000000000000e+00 -5.542562584220e+02 -2.234827711639e+03 3.600000000000e+02 5.542562584220e+02 2.204364238465e-14 -3.724777686504e+02 1.000000000000e+00 0.000000000000e+00 6.123233995737e-17 -1.034660468473e+00
P5: 5.542562584220e+02 9.600000000000e+02 5.878304635907e-14 2.399791992188e+04 0.000000000000e+00 9.600000000000e+02 -5.542562584220e+02 2.399791992188e+04 0.000000000000e+00 1.000000000000e+00 6.123233995737e-17 2.499783325195e+01
R0_rect: 1.000000000000e+00 0.000000000000e+00 0.000000000000e+00 0.000000000000e+00 1.000000000000e+00 0.000000000000e+00 0.000000000000e+00 0.000000000000e+00 1.000000000000e+00
Tr_velo_to_p2: 0.000000000000e+00 -1.000000000000e+00 0.000000000000e+00 2.351667110178e-06 0.000000000000e+00 0.000000000000e+00 -1.000000000000e+00 -5.000000761209e-01 1.000000000000e+00 0.000000000000e+00 0.000000000000e+00 -2.240218419332e+00
imu_to_world: 7.011572768389e-03 -9.999752218165e-01 6.273757225013e-04 -5.390951538086e+01 9.998889850154e-01 7.002716540464e-03 -1.315217114941e-02 2.703936004639e+01 1.314745192815e-02 7.195234794715e-04 9.999133096393e-01 5.290473997593e-02
p2_to_world: -9.999752218165e-01 -6.273757225013e-04 7.011572768389e-03 -5.389252853394e+01 7.002716540464e-03 1.315217114941e-02 9.998889850154e-01 2.925252914429e+01 7.195234794715e-04 -9.999133096393e-01 1.314745192815e-02 2.119972229004e+00
