P0: -5.542562584220e+02 0.000000000000e+00 -9.600000000000e+02 -4.301189460598e+03 -4.408728476930e-14 5.542562584220e+02 -3.600000000000e+02 -1.612946047724e+03 -1.224646799147e-16 0.000000000000e+00 -1.000000000000e+00 -4.480405688123e+00
P1: -9.600000000000e+02 0.000000000000e+00 5.542562584220e+02 2.483784064546e+02 -3.600000000000e+02 5.542562584220e+02 2.204364238465e-14 -3.724761248902e+02 -1.000000000000e+00 0.000000000000e+00 6.123233995737e-17 -1.034655902473e+00
P2: 5.542562584220e+02 0.000000000000e+00 9.600000000000e+02 0.000000000000e+00 0.000000000000e+00 5.542562584220e+02 3.600000000000e+02 0.000000000000e+00 0.000000000000e+00 0.000000000000e+00 1.000000000000e+00 0.000000000000e+00
P3: 5.542562584220e+02 0.000000000000e+00 9.600000000000e+02 -4.434062684706e+02 0.000000000000e+00 5.542562584220e+02 3.600000000000e+02 0.000000000000e+00 0.000000000000e+00 0.000000000000e+00 1.000000000000e+00 0.000000000000e+00
P4: 9.600000000000e+02 0.000000000000e+00 -5.542562584220e+02 -2.234921156078e+03 3.600000000000e+02 5.542562584220e+02 2.204364238465e-14 -3.724778412143e+02 1.000000000000e+00 0.000000000000e+00 6.123233995737e-17 -1.034660670040e+00
P5: 5.542562584220e+02 9.600000000000e+02 5.878304635907e-14 2.399984115601e+04 0.000000000000e+00 9.600000000000e+02 -5.542562584220e+02 2.399984115601e+04 0.000000000000e+00 1.000000000000e+00 6.123233995737e-17 2.499983453751e+01
R0_rect: 1.000000000000e+00 0.000000000000e+00 0.000000000000e+00 0.000000000000e+00 1.000000000000e+00 0.000000000000e+00 0.000000000000e+00 0.000000000000e+00 1.000000000000e+00
Tr_velo_to_p2: 0.000000000000e+00 -1.000000000000e+00 0.000000000000e+00 -7.937614184555e-08 0.000000000000e+00 0.000000000000e+00 -1.000000000000e+00 -5.000000059849e-01 1.000000000000e+00 0.000000000000e+00 0.000000000000e+00 -2.240217545679e+00
imu_to_world: -1.014733416612e-02 -9.999485029997e-01 1.515190748028e-04 -5.400482177734e+01 9.999418582976e-01 -1.014671362769e-02 3.650236552377e-03 5.000261688232e+01 -3.648511155482e-03 1.885504353082e-04 9.999933263853e-01 6.020687147975e-02
p2_to_world: -9.999485029997e-01 -1.515190748028e-04 -1.014733416612e-02 -5.402724456787e+01 -1.014671362769e-02 -3.650236552377e-03 9.999418582976e-01 5.225014114380e+01 1.885504353082e-04 -9.999933263853e-01 -3.648511155482e-03 2.089810848236e+00
