P0: -5.542562584220e+02 0.000000000000e+00 -9.600000000000e+02 -4.301208107900e+03 -4.408728476930e-14 5.542562584220e+02 -3.600000000000e+02 -1.612953040463e+03 -1.224646799147e-16 0.000000000000e+00 -1.000000000000e+00 -4.480425112396e+00
P1: -9.600000000000e+02 0.000000000000e+00 5.542562584220e+02 2.483820989952e+02 -3.600000000000e+02 5.542562584220e+02 2.204364238465e-14 -3.724754484209e+02 -1.000000000000e+00 0.000000000000e+00 6.123233995737e-17 -1.034654023391e+00
P2: 5.542562584220e+02 0.000000000000e+00 9.600000000000e+02 0.000000000000e+00 0.000000000000e+00 5.542562584220e+02 3.600000000000e+02 0.000000000000e+00 0.000000000000e+00 0.000000000000e+00 1.000000000000e+00 0.000000000000e+00
P3: 5.542562584220e+02 0.000000000000e+00 9.600000000000e+02 -4.434069802928e+02 0.000000000000e+00 5.542562584220e+02 3.600000000000e+02 0.000000000000e+00 0.000000000000e+00 0.000000000000e+00 1.000000000000e+00 0.000000000000e+00
P4: 9.600000000000e+02 0.000000000000e+00 -5.542562584220e+02 -2.234926322974e+03 3.600000000000e+02 5.542562584220e+02 2.204364238465e-14 -3.724772434317e+02 1.000000000000e+00 0.000000000000e+00 6.123233995737e-17 -1.034659009533e+00
P5: 5.542562584220e+02 9.600000000000e+02 5.878304635907e-14 2.399992881775e+04 0.000000000000e+00 9.600000000000e+02 -5.542562584220e+02 2.399992881775e+04 0.000000000000e+00 1.000000000000e+00 6.123233995737e-17 2.499992585182e+01
R0_rect: 1.000000000000e+00 0.000000000000e+00 0.000000000000e+00 0.000000000000e+00 1.000000000000e+00 0.000000000000e+00 0.000000000000e+00 0.000000000000e+00 1.000000000000e+00
Tr_velo_to_p2: 0.000000000000e+00 -1.000000000000e+00 0.000000000000e+00 1.245322114477e-06 0.000000000000e+00 0.000000000000e+00 -1.000000000000e+00 -5.000001029595e-01 1.000000000000e+00 0.000000000000e+00 0.000000000000e+00 -2.240220078624e+00
imu_to_world: -1.119206849174e-02 -9.999373544053e-01 1.576954871894e-04 -5.405519485474e+01 9.999345261978e-01 -1.119241246717e-02 -2.381852361723e-03 5.460717773438e+01 2.383468142102e-03 1.310273074967e-04 9.999971509517e-01 5.759277194738e-02
p2_to_world: -9.999373544053e-01 -1.576954871894e-04 -1.119206849174e-02 -5.407994461060e+01 -1.119241246717e-02 2.381852361723e-03 9.999345261978e-01 5.684239578247e+01 1.310273074967e-04 -9.999971509517e-01 2.383468142102e-03 2.100717306137e+00
