P0: -5.542562584220e+02 0.000000000000e+00 -9.600000000000e+02 -4.300025247389e+03 -4.408728476930e-14 5.542562584220e+02 -3.600000000000e+02 -1.612509467771e+03 -1.224646799147e-16 0.000000000000e+00 -1.000000000000e+00 -4.479192966030e+00
P1: -9.600000000000e+02 0.000000000000e+00 5.542562584220e+02 2.480358688981e+02 -3.600000000000e+02 5.542562584220e+02 2.204364238465e-14 -3.724758461134e+02 -1.000000000000e+00 0.000000000000e+00 6.123233995737e-17 -1.034655128093e+00
P2: 5.542562584220e+02 0.000000000000e+00 9.600000000000e+02 0.000000000000e+00 0.000000000000e+00 5.542562584220e+02 3.600000000000e+02 0.000000000000e+00 0.000000000000e+00 0.000000000000e+00 1.000000000000e+00 0.000000000000e+00
P3: 5.542562584220e+02 0.000000000000e+00 9.600000000000e+02 -4.434067119877e+02 0.000000000000e+00 5.542562584220e+02 3.600000000000e+02 0.000000000000e+00 0.000000000000e+00 0.000000000000e+00 1.000000000000e+00 0.000000000000e+00
P4: 9.600000000000e+02 0.000000000000e+00 -5.542562584220e+02 -2.234591716680e+03 3.600000000000e+02 5.542562584220e+02 2.204364238465e-14 -3.724784007179e+02 1.000000000000e+00 0.000000000000e+00 6.123233995737e-17 -1.034662224216e+00
P5: 5.542562584220e+02 9.600000000000e+02 5.878304635907e-14 2.399333450317e+04 0.000000000000e+00 9.600000000000e+02 -5.542562584220e+02 2.399333450317e+04 0.000000000000e+00 1.000000000000e+00 6.123233995737e-17 2.499305677414e+01
R0_rect: 1.000000000000e+00 0.000000000000e+00 0.000000000000e+00 0.000000000000e+00 1.000000000000e+00 0.000000000000e+00 0.000000000000e+00 0.000000000000e+00 1.000000000000e+00
Tr_velo_to_p2: 0.000000000000e+00 -1.000000000000e+00 0.000000000000e+00 1.359377016715e-06 0.000000000000e+00 0.000000000000e+00 -1.000000000000e+00 -5.000000204336e-01 1.000000000000e+00 0.000000000000e+00 0.000000000000e+00 -2.240218167008e+00
imu_to_world: 1.853365371712e-02 -9.998282367167e-01 -2.727385181518e-05 -5.406770324707e+01 9.995505857208e-01 1.852914975745e-02 -2.356474473804e-02 1.514632129669e+01 2.356120254140e-02 4.094792243505e-04 9.997223124756e-01 4.815196990967e-02
p2_to_world: -9.998282367167e-01 2.727385181518e-05 1.853365371712e-02 -5.402623748779e+01 1.852914975745e-02 2.356474473804e-02 9.995505857208e-01 1.733751296997e+01 4.094792243505e-04 -9.997223124756e-01 2.356120254140e-02 2.138159275055e+00
