P0: -5.542562584220e+02 0.000000000000e+00 -9.600000000000e+02 -4.301119093237e+03 -4.408728476930e-14 5.542562584220e+02 -3.600000000000e+02 -1.612919659964e+03 -1.224646799147e-16 0.000000000000e+00 -1.000000000000e+00 -4.480332388788e+00
P1: -9.600000000000e+02 0.000000000000e+00 5.542562584220e+02 2.483490671843e+02 -3.600000000000e+02 5.542562584220e+02 2.204364238465e-14 -3.724778647795e+02 -1.000000000000e+00 0.000000000000e+00 6.123233995737e-17 -1.034660735499e+00
P2: 5.542562584220e+02 0.000000000000e+00 9.600000000000e+02 0.000000000000e+00 0.000000000000e+00 5.542562584220e+02 3.600000000000e+02 0.000000000000e+00 0.000000000000e+00 0.000000000000e+00 1.000000000000e+00 0.000000000000e+00
P3: 5.542562584220e+02 0.000000000000e+00 9.600000000000e+02 -4.434019644360e+02 0.000000000000e+00 5.542562584220e+02 3.600000000000e+02 0.000000000000e+00 0.000000000000e+00 0.000000000000e+00 1.000000000000e+00 0.000000000000e+00
P4: 9.600000000000e+02 0.000000000000e+00 -5.542562584220e+02 -2.234898667061e+03 3.600000000000e+02 5.542562584220e+02 2.204364238465e-14 -3.724761652600e+02 1.000000000000e+00 0.000000000000e+00 6.123233995737e-17 -1.034656014611e+00
P5: 5.542562584220e+02 9.600000000000e+02 5.878304635907e-14 2.399944839478e+04 0.000000000000e+00 9.600000000000e+02 -5.542562584220e+02 2.399944839478e+04 0.000000000000e+00 1.000000000000e+00 6.123233995737e-17 2.499942541122e+01
R0_rect: 1.000000000000e+00 0.000000000000e+00 0.000000000000e+00 0.000000000000e+00 1.000000000000e+00 0.000000000000e+00 0.000000000000e+00 0.000000000000e+00 1.000000000000e+00
Tr_velo_to_p2: 0.000000000000e+00 -1.000000000000e+00 0.000000000000e+00 -1.276931820496e-07 0.000000000000e+00 0.000000000000e+00 -1.000000000000e+00 -5.000001453399e-01 1.000000000000e+00 0.000000000000e+00 0.000000000000e+00 -2.240220084817e+00
imu_to_world: -2.690260836196e-03 -9.999961803424e-01 6.338748185401e-04 -5.390039443970e+01 9.999736137587e-01 -2.694476405932e-03 -6.746227338663e-03 3.620568847656e+01 6.747909531128e-03 6.157089817648e-04 9.999770430462e-01 5.569251999259e-02
p2_to_world: -9.999961803424e-01 -6.338748185401e-04 -2.690260836196e-03 -5.390513229370e+01 -2.694476405932e-03 6.746227338663e-03 9.999736137587e-01 3.843209838867e+01 6.157089817648e-04 -9.999770430462e-01 6.747909531128e-03 2.108553409576e+00
