P0: -5.542562584220e+02 0.000000000000e+00 -9.600000000000e+02 -4.301135913084e+03 -4.408728476930e-14 5.542562584220e+02 -3.600000000000e+02 -1.612925967406e+03 -1.224646799147e-16 0.000000000000e+00 -1.000000000000e+00 -4.480349909462e+00
P1: -9.600000000000e+02 0.000000000000e+00 5.542562584220e+02 2.483593734865e+02 -3.600000000000e+02 5.542562584220e+02 2.204364238465e-14 -3.724765362170e+02 -1.000000000000e+00 0.000000000000e+00 6.123233995737e-17 -1.034657045047e+00
P2: 5.542562584220e+02 0.000000000000e+00 9.600000000000e+02 0.000000000000e+00 0.000000000000e+00 5.542562584220e+02 3.600000000000e+02 0.000000000000e+00 0.000000000000e+00 0.000000000000e+00 1.000000000000e+00 0.000000000000e+00
P3: 5.542562584220e+02 0.000000000000e+00 9.600000000000e+02 -4.434036080475e+02 0.000000000000e+00 5.542562584220e+02 3.600000000000e+02 0.000000000000e+00 0.000000000000e+00 0.000000000000e+00 1.000000000000e+00 0.000000000000e+00
P4: 9.600000000000e+02 0.000000000000e+00 -5.542562584220e+02 -2.234899144925e+03 3.600000000000e+02 5.542562584220e+02 2.204364238465e-14 -3.724760200567e+02 1.000000000000e+00 0.000000000000e+00 6.123233995737e-17 -1.034655611269e+00
P5: 5.542562584220e+02 9.600000000000e+02 5.878304635907e-14 2.399955184937e+04 0.000000000000e+00 9.600000000000e+02 -5.542562584220e+02 2.399955184937e+04 0.000000000000e+00 1.000000000000e+00 6.123233995737e-17 2.499953317642e+01
R0_rect: 1.000000000000e+00 0.000000000000e+00 0.000000000000e+00 0.000000000000e+00 1.000000000000e+00 0.000000000000e+00 0.000000000000e+00 0.000000000000e+00 1.000000000000e+00
Tr_velo_to_p2: 0.000000000000e+00 -1.000000000000e+00 0.000000000000e+00 -2.743274980812e-06 0.000000000000e+00 0.000000000000e+00 -1.000000000000e+00 -4.999997804654e-01 1.000000000000e+00 0.000000000000e+00 0.000000000000e+00 -2.240216611227e+00
imu_to_world: -1.498370180098e-02 -9.998877167600e-01 -2.062831462541e-04 -5.419575500488e+01 9.998690738827e-01 -1.498468232502e-02 6.106913171363e-03 6.527776336670e+01 -6.109318554781e-03 -1.147519725186e-04 9.999813313551e-01 6.111106649041e-02
p2_to_world: -9.998877167600e-01 2.062831462541e-04 -1.498370180098e-02 -5.422974395752e+01 -1.498468232502e-02 -6.106913171363e-03 9.998690738827e-01 6.753012847900e+01 -1.147519725186e-04 -9.999813313551e-01 -6.109318554781e-03 2.085177898407e+00
