P0: -5.542562584220e+02 0.000000000000e+00 -9.600000000000e+02 -4.300938368045e+03 -4.408728476930e-14 5.542562584220e+02 -3.600000000000e+02 -1.612851888017e+03 -1.224646799147e-16 0.000000000000e+00 -1.000000000000e+00 -4.480144133380e+00
P1: -9.600000000000e+02 0.000000000000e+00 5.542562584220e+02 2.483056194019e+02 -3.600000000000e+02 5.542562584220e+02 2.204364238465e-14 -3.724757657201e+02 -1.000000000000e+00 0.000000000000e+00 6.123233995737e-17 -1.034654904778e+00
P2: 5.542562584220e+02 0.000000000000e+00 9.600000000000e+02 0.000000000000e+00 0.000000000000e+00 5.542562584220e+02 3.600000000000e+02 0.000000000000e+00 0.000000000000e+00 0.000000000000e+00 1.000000000000e+00 0.000000000000e+00
P3: 5.542562584220e+02 0.000000000000e+00 9.600000000000e+02 -4.434061051600e+02 0.000000000000e+00 5.542562584220e+02 3.600000000000e+02 0.000000000000e+00 0.000000000000e+00 0.000000000000e+00 1.000000000000e+00 0.000000000000e+00
P4: 9.600000000000e+02 0.000000000000e+00 -5.542562584220e+02 -2.234849200199e+03 3.600000000000e+02 5.542562584220e+02 2.204364238465e-14 -3.724775691590e+02 1.000000000000e+00 0.000000000000e+00 6.123233995737e-17 -1.034659914331e+00
P5: 5.542562584220e+02 9.600000000000e+02 5.878304635907e-14 2.399844680786e+04 0.000000000000e+00 9.600000000000e+02 -5.542562584220e+02 2.399844680786e+04 0.000000000000e+00 1.000000000000e+00 6.123233995737e-17 2.499838209152e+01
R0_rect: 1.000000000000e+00 0.000000000000e+00 0.000000000000e+00 0.000000000000e+00 1.000000000000e+00 0.000000000000e+00 0.000000000000e+00 0.000000000000e+00 1.000000000000e+00
Tr_velo_to_p2: 0.000000000000e+00 -1.000000000000e+00 0.000000000000e+00 4.108380064511e-06 0.000000000000e+00 0.000000000000e+00 -1.000000000000e+00 -5.000000267535e-01 1.000000000000e+00 0.000000000000e+00 0.000000000000e+00 -2.240216119688e+00
imu_to_world: -1.336487727258e-02 -9.999106307841e-01 -3.324160419196e-04 -5.414937210083e+01 9.998460418009e-01 -1.336779267956e-02 1.136638966170e-02 6.215089797974e+01 -1.136981752510e-02 -1.804544608835e-04 9.999353452527e-01 6.328219920397e-02
p2_to_world: -9.999106307841e-01 3.324160419196e-04 -1.336487727258e-02 -5.417998886108e+01 -1.336779267956e-02 -1.136638966170e-02 9.998460418009e-01 6.441393280029e+01 -1.804544608835e-04 -9.999353452527e-01 -1.136981752510e-02 2.075470447540e+00
