P0: -5.542562584220e+02 0.000000000000e+00 -9.600000000000e+02 -4.301130601533e+03 -4.408728476930e-14 5.542562584220e+02 -3.600000000000e+02 -1.612923975575e+03 -1.224646799147e-16 0.000000000000e+00 -1.000000000000e+00 -4.480344376597e+00
P1: -9.600000000000e+02 0.000000000000e+00 5.542562584220e+02 2.483548485734e+02 -3.600000000000e+02 5.542562584220e+02 2.204364238465e-14 -3.724780138551e+02 -1.000000000000e+00 0.000000000000e+00 6.123233995737e-17 -1.034661149598e+00
P2: 5.542562584220e+02 0.000000000000e+00 9.600000000000e+02 0.000000000000e+00 0.000000000000e+00 5.542562584220e+02 3.600000000000e+02 0.000000000000e+00 0.000000000000e+00 0.000000000000e+00 1.000000000000e+00 0.000000000000e+00
P3: 5.542562584220e+02 0.000000000000e+00 9.600000000000e+02 -4.434052835037e+02 0.000000000000e+00 5.542562584220e+02 3.600000000000e+02 0.000000000000e+00 0.000000000000e+00 0.000000000000e+00 1.000000000000e+00 0.000000000000e+00
P4: 9.600000000000e+02 0.000000000000e+00 -5.542562584220e+02 -2.234899888040e+03 3.600000000000e+02 5.542562584220e+02 2.204364238465e-14 -3.724764403668e+02 1.000000000000e+00 0.000000000000e+00 6.123233995737e-17 -1.034656778797e+00
P5: 5.542562584220e+02 9.600000000000e+02 5.878304635907e-14 2.399948341370e+04 0.000000000000e+00 9.600000000000e+02 -5.542562584220e+02 2.399948341370e+04 0.000000000000e+00 1.000000000000e+00 6.123233995737e-17 2.499946188927e+01
R0_rect: 1.000000000000e+00 0.000000000000e+00 0.000000000000e+00 0.000000000000e+00 1.000000000000e+00 0.000000000000e+00 0.000000000000e+00 0.000000000000e+00 1.000000000000e+00
Tr_velo_to_p2: 0.000000000000e+00 -1.000000000000e+00 0.000000000000e+00 -1.289380404326e-06 0.000000000000e+00 0.000000000000e+00 -1.000000000000e+00 -4.999998376162e-01 1.000000000000e+00 0.000000000000e+00 0.000000000000e+00 -2.240221887868e+00
imu_to_world: -1.038964593204e-02 -9.999460260272e-01 1.702115434504e-05 -5.401438522339e+01 9.999244842492e-01 -1.038931037312e-02 6.564147235341e-03 5.090109252930e+01 -6.563616104182e-03 8.521903460076e-05 9.999784556086e-01 6.148117035627e-02
p2_to_world: -9.999460260272e-01 -1.702115434504e-05 -1.038964593204e-02 -5.403762435913e+01 -1.038931037312e-02 -6.564147235341e-03 9.999244842492e-01 5.315452194214e+01 8.521903460076e-05 -9.999784556086e-01 -6.563616104182e-03 2.084524393082e+00
