P0: -5.542562584220e+02 0.000000000000e+00 -9.600000000000e+02 -4.300984689258e+03 -4.408728476930e-14 5.542562584220e+02 -3.600000000000e+02 -1.612869258472e+03 -1.224646799147e-16 0.000000000000e+00 -1.000000000000e+00 -4.480192384644e+00
P1: -9.600000000000e+02 0.000000000000e+00 5.542562584220e+02 2.483110141789e+02 -3.600000000000e+02 5.542562584220e+02 2.204364238465e-14 -3.724776174993e+02 -1.000000000000e+00 0.000000000000e+00 6.123233995737e-17 -1.034660048609e+00
P2: 5.542562584220e+02 0.000000000000e+00 9.600000000000e+02 0.000000000000e+00 0.000000000000e+00 5.542562584220e+02 3.600000000000e+02 0.000000000000e+00 0.000000000000e+00 0.000000000000e+00 1.000000000000e+00 0.000000000000e+00
P3: 5.542562584220e+02 0.000000000000e+00 9.600000000000e+02 -4.434041140780e+02 0.000000000000e+00 5.542562584220e+02 3.600000000000e+02 0.000000000000e+00 0.000000000000e+00 0.000000000000e+00 1.000000000000e+00 0.000000000000e+00
P4: 9.600000000000e+02 0.000000000000e+00 -5.542562584220e+02 -2.234856507130e+03 3.600000000000e+02 5.542562584220e+02 2.204364238465e-14 -3.724765230871e+02 1.000000000000e+00 0.000000000000e+00 6.123233995737e-17 -1.034657008575e+00
P5: 5.542562584220e+02 9.600000000000e+02 5.878304635907e-14 2.399867820740e+04 0.000000000000e+00 9.600000000000e+02 -5.542562584220e+02 2.399867820740e+04 0.000000000000e+00 1.000000000000e+00 6.123233995737e-17 2.499862313271e+01
R0_rect: 1.000000000000e+00 0.000000000000e+00 0.000000000000e+00 0.000000000000e+00 1.000000000000e+00 0.000000000000e+00 0.000000000000e+00 0.000000000000e+00 1.000000000000e+00
Tr_velo_to_p2: 0.000000000000e+00 -1.000000000000e+00 0.000000000000e+00 -4.183657501782e-06 0.000000000000e+00 0.000000000000e+00 -1.000000000000e+00 -4.999997606065e-01 1.000000000000e+00 0.000000000000e+00 0.000000000000e+00 -2.240221628819e+00
imu_to_world: -1.103703862179e-02 -9.999390866924e-01 -8.175071548504e-05 -5.406464385986e+01 9.998840152315e-01 -1.103728874333e-02 1.049449102268e-02 5.543177032471e+01 -1.049475407477e-02 3.408686908608e-05 9.999449279710e-01 6.321075558662e-02
p2_to_world: -9.999390866924e-01 8.175071548504e-05 -1.103703862179e-02 -5.408953475952e+01 -1.103728874333e-02 -1.049449102268e-02 9.998840152315e-01 5.769311523438e+01 3.408686908608e-05 -9.999449279710e-01 -1.049475407477e-02 2.077378988266e+00
