P0: -5.542562584220e+02 0.000000000000e+00 -9.600000000000e+02 -4.300917170978e+03 -4.408728476930e-14 5.542562584220e+02 -3.600000000000e+02 -1.612843939117e+03 -1.224646799147e-16 0.000000000000e+00 -1.000000000000e+00 -4.480122053102e+00
P1: -9.600000000000e+02 0.000000000000e+00 5.542562584220e+02 2.482923622810e+02 -3.600000000000e+02 5.542562584220e+02 2.204364238465e-14 -3.724776823919e+02 -1.000000000000e+00 0.000000000000e+00 6.123233995737e-17 -1.034660228866e+00
P2: 5.542562584220e+02 0.000000000000e+00 9.600000000000e+02 0.000000000000e+00 0.000000000000e+00 5.542562584220e+02 3.600000000000e+02 0.000000000000e+00 0.000000000000e+00 0.000000000000e+00 1.000000000000e+00 0.000000000000e+00
P3: 5.542562584220e+02 0.000000000000e+00 9.600000000000e+02 -4.434036214514e+02 0.000000000000e+00 5.542562584220e+02 3.600000000000e+02 0.000000000000e+00 0.000000000000e+00 0.000000000000e+00 1.000000000000e+00 0.000000000000e+00
P4: 9.600000000000e+02 0.000000000000e+00 -5.542562584220e+02 -2.234836989246e+03 3.600000000000e+02 5.542562584220e+02 2.204364238465e-14 -3.724768925025e+02 1.000000000000e+00 0.000000000000e+00 6.123233995737e-17 -1.034658034729e+00
P5: 5.542562584220e+02 9.600000000000e+02 5.878304635907e-14 2.399832069397e+04 0.000000000000e+00 9.600000000000e+02 -5.542562584220e+02 2.399832069397e+04 0.000000000000e+00 1.000000000000e+00 6.123233995737e-17 2.499825072289e+01
R0_rect: 1.000000000000e+00 0.000000000000e+00 0.000000000000e+00 0.000000000000e+00 1.000000000000e+00 0.000000000000e+00 0.000000000000e+00 0.000000000000e+00 1.000000000000e+00
Tr_velo_to_p2: 0.000000000000e+00 -1.000000000000e+00 0.000000000000e+00 -3.666707288341e-06 0.000000000000e+00 0.000000000000e+00 -1.000000000000e+00 -4.999999994426e-01 1.000000000000e+00 0.000000000000e+00 0.000000000000e+00 -2.240215596500e+00
imu_to_world: -7.278245295597e-03 -9.999735091535e-01 9.020388256272e-05 -5.393582534790e+01 9.999035592229e-01 -7.276669130425e-03 1.182887736835e-02 4.258978271484e+01 -1.182790762757e-02 1.762886542886e-04 9.999300323140e-01 6.370105594397e-02
p2_to_world: -9.999735091535e-01 -9.020388256272e-05 -7.278245295597e-03 -5.395194625854e+01 -7.276669130425e-03 -1.182887736835e-02 9.999035592229e-01 4.485388946533e+01 1.762886542886e-04 -9.999300323140e-01 -1.182790762757e-02 2.074852228165e+00
