P0: -5.542562584220e+02 0.000000000000e+00 -9.600000000000e+02 -4.301113881752e+03 -4.408728476930e-14 5.542562584220e+02 -3.600000000000e+02 -1.612917705657e+03 -1.224646799147e-16 0.000000000000e+00 -1.000000000000e+00 -4.480326960159e+00
P1: -9.600000000000e+02 0.000000000000e+00 5.542562584220e+02 2.483494450643e+02 -3.600000000000e+02 5.542562584220e+02 2.204364238465e-14 -3.724769992479e+02 -1.000000000000e+00 0.000000000000e+00 6.123233995737e-17 -1.034658331244e+00
P2: 5.542562584220e+02 0.000000000000e+00 9.600000000000e+02 0.000000000000e+00 0.000000000000e+00 5.542562584220e+02 3.600000000000e+02 0.000000000000e+00 0.000000000000e+00 0.000000000000e+00 1.000000000000e+00 0.000000000000e+00
P3: 5.542562584220e+02 0.000000000000e+00 9.600000000000e+02 -4.434062394733e+02 0.000000000000e+00 5.542562584220e+02 3.600000000000e+02 0.000000000000e+00 0.000000000000e+00 0.000000000000e+00 1.000000000000e+00 0.000000000000e+00
P4: 9.600000000000e+02 0.000000000000e+00 -5.542562584220e+02 -2.234896344576e+03 3.600000000000e+02 5.542562584220e+02 2.204364238465e-14 -3.724772721822e+02 1.000000000000e+00 0.000000000000e+00 6.123233995737e-17 -1.034659089395e+00
P5: 5.542562584220e+02 9.600000000000e+02 5.878304635907e-14 2.399941062927e+04 0.000000000000e+00 9.600000000000e+02 -5.542562584220e+02 2.399941062927e+04 0.000000000000e+00 1.000000000000e+00 6.123233995737e-17 2.499938607216e+01
R0_rect: 1.000000000000e+00 0.000000000000e+00 0.000000000000e+00 0.000000000000e+00 1.000000000000e+00 0.000000000000e+00 0.000000000000e+00 0.000000000000e+00 1.000000000000e+00
Tr_velo_to_p2: 0.000000000000e+00 -1.000000000000e+00 0.000000000000e+00 1.377869772403e-06 0.000000000000e+00 0.000000000000e+00 -1.000000000000e+00 -4.999998650547e-01 1.000000000000e+00 0.000000000000e+00 0.000000000000e+00 -2.240218634009e+00
imu_to_world: -1.537584422283e-02 -9.998817654276e-01 1.964174639768e-04 -5.421385192871e+01 9.998573521903e-01 -1.537684147385e-02 -6.987704728071e-03 6.642682647705e+01 6.989898819997e-03 8.894758608175e-05 9.999755664029e-01 5.544059723616e-02
p2_to_world: -9.998817654276e-01 -1.964174639768e-04 -1.537584422283e-02 -5.424789428711e+01 -1.537684147385e-02 6.987704728071e-03 9.998573521903e-01 6.865248107910e+01 8.894758608175e-05 -9.999755664029e-01 6.989898819997e-03 2.108840703964e+00
