P0: -5.542562584220e+02 0.000000000000e+00 -9.600000000000e+02 -4.301126431897e+03 -4.408728476930e-14 5.542562584220e+02 -3.600000000000e+02 -1.612922411961e+03 -1.224646799147e-16 0.000000000000e+00 -1.000000000000e+00 -4.480340033226e+00
P1: -9.600000000000e+02 0.000000000000e+00 5.542562584220e+02 2.483582576502e+02 -3.600000000000e+02 5.542562584220e+02 2.204364238465e-14 -3.724760989009e+02 -1.000000000000e+00 0.000000000000e+00 6.123233995737e-17 -1.034655830280e+00
P2: 5.542562584220e+02 0.000000000000e+00 9.600000000000e+02 0.000000000000e+00 0.000000000000e+00 5.542562584220e+02 3.600000000000e+02 0.000000000000e+00 0.000000000000e+00 0.000000000000e+00 1.000000000000e+00 0.000000000000e+00
P3: 5.542562584220e+02 0.000000000000e+00 9.600000000000e+02 -4.434084271105e+02 0.000000000000e+00 5.542562584220e+02 3.600000000000e+02 0.000000000000e+00 0.000000000000e+00 0.000000000000e+00 1.000000000000e+00 0.000000000000e+00
P4: 9.600000000000e+02 0.000000000000e+00 -5.542562584220e+02 -2.234904445510e+03 3.600000000000e+02 5.542562584220e+02 2.204364238465e-14 -3.724784100453e+02 1.000000000000e+00 0.000000000000e+00 6.123233995737e-17 -1.034662250126e+00
P5: 5.542562584220e+02 9.600000000000e+02 5.878304635907e-14 2.399948020935e+04 0.000000000000e+00 9.600000000000e+02 -5.542562584220e+02 2.399948020935e+04 0.000000000000e+00 1.000000000000e+00 6.123233995737e-17 2.499945855141e+01
R0_rect: 1.000000000000e+00 0.000000000000e+00 0.000000000000e+00 0.000000000000e+00 1.000000000000e+00 0.000000000000e+00 0.000000000000e+00 0.000000000000e+00 1.000000000000e+00
Tr_velo_to_p2: 0.000000000000e+00 -1.000000000000e+00 0.000000000000e+00 7.266633224037e-07 0.000000000000e+00 0.000000000000e+00 -1.000000000000e+00 -5.000002189065e-01 1.000000000000e+00 0.000000000000e+00 0.000000000000e+00 -2.240218164879e+00
imu_to_world: 1.742100928033e-02 -9.998482378977e-01 9.802262350945e-05 -5.401081085205e+01 9.998266540453e-01 1.741998879892e-02 -6.573115762358e-03 1.835017585754e+01 6.570410659488e-03 2.125159423809e-04 9.999783920369e-01 5.581588670611e-02
p2_to_world: -9.998482378977e-01 -9.802262350945e-05 1.742100928033e-02 -5.397158050537e+01 1.741998879892e-02 6.573115762358e-03 9.998266540453e-01 2.057661056519e+01 2.125159423809e-04 -9.999783920369e-01 6.570410659488e-03 2.108281850815e+00
