P0: -5.542562584220e+02 0.000000000000e+00 -9.600000000000e+02 -4.300782714994e+03 -4.408728476930e-14 5.542562584220e+02 -3.600000000000e+02 -1.612793518123e+03 -1.224646799147e-16 0.000000000000e+00 -1.000000000000e+00 -4.479981994785e+00
P1: -9.600000000000e+02 0.000000000000e+00 5.542562584220e+02 2.482569227157e+02 -3.600000000000e+02 5.542562584220e+02 2.204364238465e-14 -3.724760176352e+02 -1.000000000000e+00 0.000000000000e+00 6.123233995737e-17 -1.034655604542e+00
P2: 5.542562584220e+02 0.000000000000e+00 9.600000000000e+02 0.000000000000e+00 0.000000000000e+00 5.542562584220e+02 3.600000000000e+02 0.000000000000e+00 0.000000000000e+00 0.000000000000e+00 1.000000000000e+00 0.000000000000e+00
P3: 5.542562584220e+02 0.000000000000e+00 9.600000000000e+02 -4.434042140704e+02 0.000000000000e+00 5.542562584220e+02 3.600000000000e+02 0.000000000000e+00 0.000000000000e+00 0.000000000000e+00 1.000000000000e+00 0.000000000000e+00
P4: 9.600000000000e+02 0.000000000000e+00 -5.542562584220e+02 -2.234805786543e+03 3.600000000000e+02 5.542562584220e+02 2.204364238465e-14 -3.724777617719e+02 1.000000000000e+00 0.000000000000e+00 6.123233995737e-17 -1.034660449366e+00
P5: 5.542562584220e+02 9.600000000000e+02 5.878304635907e-14 2.399757637024e+04 0.000000000000e+00 9.600000000000e+02 -5.542562584220e+02 2.399757637024e+04 0.000000000000e+00 1.000000000000e+00 6.123233995737e-17 2.499747538567e+01
R0_rect: 1.000000000000e+00 0.000000000000e+00 0.000000000000e+00 0.000000000000e+00 1.000000000000e+00 0.000000000000e+00 0.000000000000e+00 0.000000000000e+00 1.000000000000e+00
Tr_velo_to_p2: 0.000000000000e+00 -1.000000000000e+00 0.000000000000e+00 -1.862029075524e-06 0.000000000000e+00 0.000000000000e+00 -1.000000000000e+00 -4.999998777771e-01 1.000000000000e+00 0.000000000000e+00 0.000000000000e+00 -2.240214837874e+00
imu_to_world: -1.148067558501e-02 -9.999339914258e-01 -4.548398599060e-04 -5.409431457520e+01 9.998332330758e-01 -1.148597689995e-02 1.419782982782e-02 5.788500213623e+01 -1.420211692944e-02 -2.917633293971e-04 9.998991022843e-01 6.469111889601e-02
p2_to_world: -9.999339914258e-01 4.548398599060e-04 -1.148067558501e-02 -5.412096023560e+01 -1.148597689995e-02 -1.419782982782e-02 9.998332330758e-01 6.015377807617e+01 -2.917633293971e-04 -9.998991022843e-01 -1.420211692944e-02 2.070460557938e+00
