P0: -5.542562584220e+02 0.000000000000e+00 -9.600000000000e+02 -4.301114944503e+03 -4.408728476930e-14 5.542562584220e+02 -3.600000000000e+02 -1.612918104189e+03 -1.224646799147e-16 0.000000000000e+00 -1.000000000000e+00 -4.480328067190e+00
P1: -9.600000000000e+02 0.000000000000e+00 5.542562584220e+02 2.483543860934e+02 -3.600000000000e+02 5.542562584220e+02 2.204364238465e-14 -3.724756242529e+02 -1.000000000000e+00 0.000000000000e+00 6.123233995737e-17 -1.034654511814e+00
P2: 5.542562584220e+02 0.000000000000e+00 9.600000000000e+02 0.000000000000e+00 0.000000000000e+00 5.542562584220e+02 3.600000000000e+02 0.000000000000e+00 0.000000000000e+00 0.000000000000e+00 1.000000000000e+00 0.000000000000e+00
P3: 5.542562584220e+02 0.000000000000e+00 9.600000000000e+02 -4.434053863940e+02 0.000000000000e+00 5.542562584220e+02 3.600000000000e+02 0.000000000000e+00 0.000000000000e+00 0.000000000000e+00 1.000000000000e+00 0.000000000000e+00
P4: 9.600000000000e+02 0.000000000000e+00 -5.542562584220e+02 -2.234899285388e+03 3.600000000000e+02 5.542562584220e+02 2.204364238465e-14 -3.724770509312e+02 1.000000000000e+00 0.000000000000e+00 6.123233995737e-17 -1.034658474809e+00
P5: 5.542562584220e+02 9.600000000000e+02 5.878304635907e-14 2.399941268921e+04 0.000000000000e+00 9.600000000000e+02 -5.542562584220e+02 2.399941268921e+04 0.000000000000e+00 1.000000000000e+00 6.123233995737e-17 2.499938821793e+01
R0_rect: 1.000000000000e+00 0.000000000000e+00 0.000000000000e+00 0.000000000000e+00 1.000000000000e+00 0.000000000000e+00 0.000000000000e+00 0.000000000000e+00 1.000000000000e+00
Tr_velo_to_p2: 0.000000000000e+00 -1.000000000000e+00 0.000000000000e+00 -2.334587759926e-06 0.000000000000e+00 0.000000000000e+00 -1.000000000000e+00 -4.999999608943e-01 1.000000000000e+00 0.000000000000e+00 0.000000000000e+00 -2.240219080118e+00
imu_to_world: -1.900384663252e-03 -9.999979821665e-01 6.513071470422e-04 -5.389765930176e+01 9.999740172385e-01 -1.904867299199e-03 -6.952433279135e-03 3.520584487915e+01 6.953659903969e-03 6.380779267080e-04 9.999756194380e-01 5.560344457626e-02
p2_to_world: -9.999979821665e-01 -6.513071470422e-04 -1.900384663252e-03 -5.390058898926e+01 -1.904867299199e-03 6.952433279135e-03 9.999740172385e-01 3.743183517456e+01 6.380779267080e-04 -9.999756194380e-01 6.953659903969e-03 2.108922481537e+00
