P0: -5.542562584220e+02 0.000000000000e+00 -9.600000000000e+02 -4.301059487348e+03 -4.408728476930e-14 5.542562584220e+02 -3.600000000000e+02 -1.612897307756e+03 -1.224646799147e-16 0.000000000000e+00 -1.000000000000e+00 -4.480270299321e+00
P1: -9.600000000000e+02 0.000000000000e+00 5.542562584220e+02 2.483319159307e+02 -3.600000000000e+02 5.542562584220e+02 2.204364238465e-14 -3.724774492926e+02 -1.000000000000e+00 0.000000000000e+00 6.123233995737e-17 -1.034659581368e+00
P2: 5.542562584220e+02 0.000000000000e+00 9.600000000000e+02 0.000000000000e+00 0.000000000000e+00 5.542562584220e+02 3.600000000000e+02 0.000000000000e+00 0.000000000000e+00 0.000000000000e+00 1.000000000000e+00 0.000000000000e+00
P3: 5.542562584220e+02 0.000000000000e+00 9.600000000000e+02 -4.434062679597e+02 0.000000000000e+00 5.542562584220e+02 3.600000000000e+02 0.000000000000e+00 0.000000000000e+00 0.000000000000e+00 1.000000000000e+00 0.000000000000e+00
P4: 9.600000000000e+02 0.000000000000e+00 -5.542562584220e+02 -2.234886560920e+03 3.600000000000e+02 5.542562584220e+02 2.204364238465e-14 -3.724780775473e+02 1.000000000000e+00 0.000000000000e+00 6.123233995737e-17 -1.034661326520e+00
P5: 5.542562584220e+02 9.600000000000e+02 5.878304635907e-14 2.399909408569e+04 0.000000000000e+00 9.600000000000e+02 -5.542562584220e+02 2.399909408569e+04 0.000000000000e+00 1.000000000000e+00 6.123233995737e-17 2.499905633926e+01
R0_rect: 1.000000000000e+00 0.000000000000e+00 0.000000000000e+00 0.000000000000e+00 1.000000000000e+00 0.000000000000e+00 0.000000000000e+00 0.000000000000e+00 1.000000000000e+00
Tr_velo_to_p2: 0.000000000000e+00 -1.000000000000e+00 0.000000000000e+00 -1.965856723619e-06 0.000000000000e+00 0.000000000000e+00 -1.000000000000e+00 -4.999997459284e-01 1.000000000000e+00 0.000000000000e+00 0.000000000000e+00 -2.240217631209e+00
imu_to_world: 2.761591206283e-03 -9.999959444337e-01 6.962256444800e-04 -5.389613723755e+01 9.999587699327e-01 2.755464424479e-03 -8.652505446645e-03 3.046919822693e+01 8.650551930841e-03 7.200916220036e-04 9.999623239999e-01 5.486553162336e-02
p2_to_world: -9.999959444337e-01 -6.962256444800e-04 2.761591206283e-03 -5.388853073120e+01 2.755464424479e-03 8.652505446645e-03 9.999587699327e-01 3.269169235229e+01 7.200916220036e-04 -9.999623239999e-01 8.650551930841e-03 2.111958980560e+00
