P0: -5.542562584220e+02 0.000000000000e+00 -9.600000000000e+02 -4.301203490324e+03 -4.408728476930e-14 5.542562584220e+02 -3.600000000000e+02 -1.612951308871e+03 -1.224646799147e-16 0.000000000000e+00 -1.000000000000e+00 -4.480420302420e+00
P1: -9.600000000000e+02 0.000000000000e+00 5.542562584220e+02 2.483820678838e+02 -3.600000000000e+02 5.542562584220e+02 2.204364238465e-14 -3.724758319500e+02 -1.000000000000e+00 0.000000000000e+00 6.123233995737e-17 -1.034655088750e+00
P2: 5.542562584220e+02 0.000000000000e+00 9.600000000000e+02 0.000000000000e+00 0.000000000000e+00 5.542562584220e+02 3.600000000000e+02 0.000000000000e+00 0.000000000000e+00 0.000000000000e+00 1.000000000000e+00 0.000000000000e+00
P3: 5.542562584220e+02 0.000000000000e+00 9.600000000000e+02 -4.434056464510e+02 0.000000000000e+00 5.542562584220e+02 3.600000000000e+02 0.000000000000e+00 0.000000000000e+00 0.000000000000e+00 1.000000000000e+00 0.000000000000e+00
P4: 9.600000000000e+02 0.000000000000e+00 -5.542562584220e+02 -2.234919764377e+03 3.600000000000e+02 5.542562584220e+02 2.204364238465e-14 -3.724761466811e+02 1.000000000000e+00 0.000000000000e+00 6.123233995737e-17 -1.034655963003e+00
P5: 5.542562584220e+02 9.600000000000e+02 5.878304635907e-14 2.399992538452e+04 0.000000000000e+00 9.600000000000e+02 -5.542562584220e+02 2.399992538452e+04 0.000000000000e+00 1.000000000000e+00 6.123233995737e-17 2.499992227554e+01
R0_rect: 1.000000000000e+00 0.000000000000e+00 0.000000000000e+00 0.000000000000e+00 1.000000000000e+00 0.000000000000e+00 0.000000000000e+00 0.000000000000e+00 1.000000000000e+00
Tr_velo_to_p2: 0.000000000000e+00 -1.000000000000e+00 0.000000000000e+00 -6.869332423177e-07 0.000000000000e+00 0.000000000000e+00 -1.000000000000e+00 -5.000002789335e-01 1.000000000000e+00 0.000000000000e+00 0.000000000000e+00 -2.240215309291e+00
imu_to_world: -1.364237634380e-02 -9.999069383605e-01 -1.364421667301e-05 -5.416450119019e+01 9.999038540180e-01 -1.364236815272e-02 2.483648735833e-03 6.323389434814e+01 -2.483603742837e-03 2.023996592363e-05 9.999969156466e-01 5.956233665347e-02
p2_to_world: -9.999069383605e-01 1.364421667301e-05 -1.364237634380e-02 -5.419509124756e+01 -1.364236815272e-02 -2.483648735833e-03 9.999038540180e-01 6.547895812988e+01 2.023996592363e-05 -9.999969156466e-01 -2.483603742837e-03 2.091783046722e+00
