P0: -5.542562584220e+02 0.000000000000e+00 -9.600000000000e+02 -4.301219188301e+03 -4.408728476930e-14 5.542562584220e+02 -3.600000000000e+02 -1.612957195613e+03 -1.224646799147e-16 0.000000000000e+00 -1.000000000000e+00 -4.480436654481e+00
P1: -9.600000000000e+02 0.000000000000e+00 5.542562584220e+02 2.483803898641e+02 -3.600000000000e+02 5.542562584220e+02 2.204364238465e-14 -3.724774447235e+02 -1.000000000000e+00 0.000000000000e+00 6.123233995737e-17 -1.034659568676e+00
P2: 5.542562584220e+02 0.000000000000e+00 9.600000000000e+02 0.000000000000e+00 0.000000000000e+00 5.542562584220e+02 3.600000000000e+02 0.000000000000e+00 0.000000000000e+00 0.000000000000e+00 1.000000000000e+00 0.000000000000e+00
P3: 5.542562584220e+02 0.000000000000e+00 9.600000000000e+02 -4.434054865679e+02 0.000000000000e+00 5.542562584220e+02 3.600000000000e+02 0.000000000000e+00 0.000000000000e+00 0.000000000000e+00 1.000000000000e+00 0.000000000000e+00
P4: 9.600000000000e+02 0.000000000000e+00 -5.542562584220e+02 -2.234925885088e+03 3.600000000000e+02 5.542562584220e+02 2.204364238465e-14 -3.724768195749e+02 1.000000000000e+00 0.000000000000e+00 6.123233995737e-17 -1.034657832153e+00
P5: 5.542562584220e+02 9.600000000000e+02 5.878304635907e-14 2.399998809814e+04 0.000000000000e+00 9.600000000000e+02 -5.542562584220e+02 2.399998809814e+04 0.000000000000e+00 1.000000000000e+00 6.123233995737e-17 2.499998760223e+01
R0_rect: 1.000000000000e+00 0.000000000000e+00 0.000000000000e+00 0.000000000000e+00 1.000000000000e+00 0.000000000000e+00 0.000000000000e+00 0.000000000000e+00 1.000000000000e+00
Tr_velo_to_p2: 0.000000000000e+00 -1.000000000000e+00 0.000000000000e+00 3.716163823258e-07 0.000000000000e+00 0.000000000000e+00 -1.000000000000e+00 -5.000001153067e-01 1.000000000000e+00 0.000000000000e+00 0.000000000000e+00 -2.240222073556e+00
imu_to_world: -1.088491828757e-02 -9.999407565390e-01 4.434095612668e-05 -5.403425598145e+01 9.999402907317e-01 -1.088487034867e-02 9.667310351824e-04 5.273225021362e+01 -9.661911171314e-04 5.486109688465e-05 9.999995317324e-01 5.904483795166e-02
p2_to_world: -9.999407565390e-01 -4.434095612668e-05 -1.088491828757e-02 -5.405855178833e+01 -1.088487034867e-02 -9.667310351824e-04 9.999402907317e-01 5.497430419922e+01 5.486109688465e-05 -9.999995317324e-01 -9.661911171314e-04 2.094670295715e+00
