P0: -5.542562584220e+02 0.000000000000e+00 -9.600000000000e+02 -4.300704734908e+03 -4.408728476930e-14 5.542562584220e+02 -3.600000000000e+02 -1.612764275590e+03 -1.224646799147e-16 0.000000000000e+00 -1.000000000000e+00 -4.479900765529e+00
P1: -9.600000000000e+02 0.000000000000e+00 5.542562584220e+02 2.482395359800e+02 -3.600000000000e+02 5.542562584220e+02 2.204364238465e-14 -3.724765798494e+02 -1.000000000000e+00 0.000000000000e+00 6.123233995737e-17 -1.034657166248e+00
P2: 5.542562584220e+02 0.000000000000e+00 9.600000000000e+02 0.000000000000e+00 0.000000000000e+00 5.542562584220e+02 3.600000000000e+02 0.000000000000e+00 0.000000000000e+00 0.000000000000e+00 1.000000000000e+00 0.000000000000e+00
P3: 5.542562584220e+02 0.000000000000e+00 9.600000000000e+02 -4.434079321425e+02 0.000000000000e+00 5.542562584220e+02 3.600000000000e+02 0.000000000000e+00 0.000000000000e+00 0.000000000000e+00 1.000000000000e+00 0.000000000000e+00
P4: 9.600000000000e+02 0.000000000000e+00 -5.542562584220e+02 -2.234779048815e+03 3.600000000000e+02 5.542562584220e+02 2.204364238465e-14 -3.724778676395e+02 1.000000000000e+00 0.000000000000e+00 6.123233995737e-17 -1.034660743443e+00
P5: 5.542562584220e+02 9.600000000000e+02 5.878304635907e-14 2.399711265564e+04 0.000000000000e+00 9.600000000000e+02 -5.542562584220e+02 2.399711265564e+04 0.000000000000e+00 1.000000000000e+00 6.123233995737e-17 2.499699234962e+01
R0_rect: 1.000000000000e+00 0.000000000000e+00 0.000000000000e+00 0.000000000000e+00 1.000000000000e+00 0.000000000000e+00 0.000000000000e+00 0.000000000000e+00 1.000000000000e+00
Tr_velo_to_p2: 0.000000000000e+00 -1.000000000000e+00 0.000000000000e+00 -6.596203591618e-07 0.000000000000e+00 0.000000000000e+00 -1.000000000000e+00 -5.000003009751e-01 1.000000000000e+00 0.000000000000e+00 0.000000000000e+00 -2.240221609537e+00
imu_to_world: -5.851692368558e-03 -9.999828628219e-01 1.782103599213e-04 -5.392366027832e+01 9.998626051424e-01 -5.848224503751e-03 1.551029038803e-02 4.098085403442e+01 -1.550898237123e-02 2.689473226320e-04 9.998796923296e-01 6.538173556328e-02
p2_to_world: -9.999828628219e-01 -1.782103599213e-04 -5.851692368558e-03 -5.393640518188e+01 -5.848224503751e-03 -1.551029038803e-02 9.998626051424e-01 4.325237274170e+01 2.689473226320e-04 -9.998796923296e-01 -1.550898237123e-02 2.068183660507e+00
