P0: -5.542562584220e+02 0.000000000000e+00 -9.600000000000e+02 -4.300977253608e+03 -4.408728476930e-14 5.542562584220e+02 -3.600000000000e+02 -1.612866470103e+03 -1.224646799147e-16 0.000000000000e+00 -1.000000000000e+00 -4.480184639175e+00
P1: -9.600000000000e+02 0.000000000000e+00 5.542562584220e+02 2.483087569225e+02 -3.600000000000e+02 5.542562584220e+02 2.204364238465e-14 -3.724770505156e+02 -1.000000000000e+00 0.000000000000e+00 6.123233995737e-17 -1.034658473655e+00
P2: 5.542562584220e+02 0.000000000000e+00 9.600000000000e+02 0.000000000000e+00 0.000000000000e+00 5.542562584220e+02 3.600000000000e+02 0.000000000000e+00 0.000000000000e+00 0.000000000000e+00 1.000000000000e+00 0.000000000000e+00
P3: 5.542562584220e+02 0.000000000000e+00 9.600000000000e+02 -4.434034814188e+02 0.000000000000e+00 5.542562584220e+02 3.600000000000e+02 0.000000000000e+00 0.000000000000e+00 0.000000000000e+00 1.000000000000e+00 0.000000000000e+00
P4: 9.600000000000e+02 0.000000000000e+00 -5.542562584220e+02 -2.234852863575e+03 3.600000000000e+02 5.542562584220e+02 2.204364238465e-14 -3.724753412183e+02 1.000000000000e+00 0.000000000000e+00 6.123233995737e-17 -1.034653725606e+00
P5: 5.542562584220e+02 9.600000000000e+02 5.878304635907e-14 2.399863769531e+04 0.000000000000e+00 9.600000000000e+02 -5.542562584220e+02 2.399863769531e+04 0.000000000000e+00 1.000000000000e+00 6.123233995737e-17 2.499858093262e+01
R0_rect: 1.000000000000e+00 0.000000000000e+00 0.000000000000e+00 0.000000000000e+00 1.000000000000e+00 0.000000000000e+00 0.000000000000e+00 0.000000000000e+00 1.000000000000e+00
Tr_velo_to_p2: 0.000000000000e+00 -1.000000000000e+00 0.000000000000e+00 -3.130904676038e-06 0.000000000000e+00 0.000000000000e+00 -1.000000000000e+00 -5.000000695713e-01 1.000000000000e+00 0.000000000000e+00 0.000000000000e+00 -2.240217124429e+00
imu_to_world: -1.496422629012e-02 -9.998879892102e-01 2.845430073453e-04 -5.422333526611e+01 9.998313033363e-01 -1.496640797591e-02 -1.064760542068e-02 6.702113342285e+01 1.065067136072e-02 1.251618289264e-04 9.999432721580e-01 5.385757237673e-02
p2_to_world: -9.998879892102e-01 -2.845430073453e-04 -1.496422629012e-02 -5.425627899170e+01 -1.496640797591e-02 1.064760542068e-02 9.998313033363e-01 6.923927307129e+01 1.251618289264e-04 -9.999432721580e-01 1.065067136072e-02 2.115392684937e+00
