P0: -5.542562584220e+02 0.000000000000e+00 -9.600000000000e+02 -4.301156243744e+03 -4.408728476930e-14 5.542562584220e+02 -3.600000000000e+02 -1.612933591404e+03 -1.224646799147e-16 0.000000000000e+00 -1.000000000000e+00 -4.480371087233e+00
P1: -9.600000000000e+02 0.000000000000e+00 5.542562584220e+02 2.483655733128e+02 -3.600000000000e+02 5.542562584220e+02 2.204364238465e-14 -3.724761044046e+02 -1.000000000000e+00 0.000000000000e+00 6.123233995737e-17 -1.034655845568e+00
P2: 5.542562584220e+02 0.000000000000e+00 9.600000000000e+02 0.000000000000e+00 0.000000000000e+00 5.542562584220e+02 3.600000000000e+02 0.000000000000e+00 0.000000000000e+00 0.000000000000e+00 1.000000000000e+00 0.000000000000e+00
P3: 5.542562584220e+02 0.000000000000e+00 9.600000000000e+02 -4.434037697120e+02 0.000000000000e+00 5.542562584220e+02 3.600000000000e+02 0.000000000000e+00 0.000000000000e+00 0.000000000000e+00 1.000000000000e+00 0.000000000000e+00
P4: 9.600000000000e+02 0.000000000000e+00 -5.542562584220e+02 -2.234907427097e+03 3.600000000000e+02 5.542562584220e+02 2.204364238465e-14 -3.724758363760e+02 1.000000000000e+00 0.000000000000e+00 6.123233995737e-17 -1.034655101044e+00
P5: 5.542562584220e+02 9.600000000000e+02 5.878304635907e-14 2.399962532043e+04 0.000000000000e+00 9.600000000000e+02 -5.542562584220e+02 2.399962532043e+04 0.000000000000e+00 1.000000000000e+00 6.123233995737e-17 2.499960970879e+01
R0_rect: 1.000000000000e+00 0.000000000000e+00 0.000000000000e+00 0.000000000000e+00 1.000000000000e+00 0.000000000000e+00 0.000000000000e+00 0.000000000000e+00 1.000000000000e+00
Tr_velo_to_p2: 0.000000000000e+00 -1.000000000000e+00 0.000000000000e+00 -5.420867293331e-07 0.000000000000e+00 0.000000000000e+00 -1.000000000000e+00 -5.000000705229e-01 1.000000000000e+00 0.000000000000e+00 0.000000000000e+00 -2.240221741431e+00
imu_to_world: -1.005670263280e-02 -9.999493686296e-01 3.505843117715e-04 -5.399536514282e+01 9.999338960026e-01 -1.005850004167e-02 -5.570475919841e-03 4.909626388550e+01 5.573720231326e-03 2.945405168981e-04 9.999844233230e-01 5.618942156434e-02
p2_to_world: -9.999493686296e-01 -3.505843117715e-04 -1.005670263280e-02 -5.401718139648e+01 -1.005850004167e-02 5.570475919841e-03 9.999338960026e-01 5.132498550415e+01 2.945405168981e-04 -9.999844233230e-01 5.573720231326e-03 2.106435060501e+00
