P0: -5.542562584220e+02 0.000000000000e+00 -9.600000000000e+02 -4.301182068647e+03 -4.408728476930e-14 5.542562584220e+02 -3.600000000000e+02 -1.612943275743e+03 -1.224646799147e-16 0.000000000000e+00 -1.000000000000e+00 -4.480397988174e+00
P1: -9.600000000000e+02 0.000000000000e+00 5.542562584220e+02 2.483792231521e+02 -3.600000000000e+02 5.542562584220e+02 2.204364238465e-14 -3.724753432036e+02 -1.000000000000e+00 0.000000000000e+00 6.123233995737e-17 -1.034653731121e+00
P2: 5.542562584220e+02 0.000000000000e+00 9.600000000000e+02 0.000000000000e+00 0.000000000000e+00 5.542562584220e+02 3.600000000000e+02 0.000000000000e+00 0.000000000000e+00 0.000000000000e+00 1.000000000000e+00 0.000000000000e+00
P3: 5.542562584220e+02 0.000000000000e+00 9.600000000000e+02 -4.434062688081e+02 0.000000000000e+00 5.542562584220e+02 3.600000000000e+02 0.000000000000e+00 0.000000000000e+00 0.000000000000e+00 1.000000000000e+00 0.000000000000e+00
P4: 9.600000000000e+02 0.000000000000e+00 -5.542562584220e+02 -2.234922049523e+03 3.600000000000e+02 5.542562584220e+02 2.204364238465e-14 -3.724785198598e+02 1.000000000000e+00 0.000000000000e+00 6.123233995737e-17 -1.034662555166e+00
P5: 5.542562584220e+02 9.600000000000e+02 5.878304635907e-14 2.399977272034e+04 0.000000000000e+00 9.600000000000e+02 -5.542562584220e+02 2.399977272034e+04 0.000000000000e+00 1.000000000000e+00 6.123233995737e-17 2.499976325035e+01
R0_rect: 1.000000000000e+00 0.000000000000e+00 0.000000000000e+00 0.000000000000e+00 1.000000000000e+00 0.000000000000e+00 0.000000000000e+00 0.000000000000e+00 1.000000000000e+00
Tr_velo_to_p2: 0.000000000000e+00 -1.000000000000e+00 0.000000000000e+00 4.146383849029e-06 0.000000000000e+00 0.000000000000e+00 -1.000000000000e+00 -4.999997787666e-01 1.000000000000e+00 0.000000000000e+00 0.000000000000e+00 -2.240222127681e+00
imu_to_world: -1.227248740970e-02 -9.999246897099e-01 -3.100417029056e-05 -5.412202835083e+01 9.999152326230e-01 -1.227250618399e-02 4.348926345425e-03 6.014466094971e+01 -4.348979325393e-03 2.237060167158e-05 9.999905428945e-01 6.053875014186e-02
p2_to_world: -9.999246897099e-01 3.100417029056e-05 -1.227248740970e-02 -5.414958190918e+01 -1.227250618399e-02 -4.348926345425e-03 9.999152326230e-01 6.239355468750e+01 2.237060167158e-05 -9.999905428945e-01 -4.348979325393e-03 2.088567972183e+00
