P0: -5.542562584220e+02 0.000000000000e+00 -9.600000000000e+02 -4.300553357862e+03 -4.408728476930e-14 5.542562584220e+02 -3.600000000000e+02 -1.612707509198e+03 -1.224646799147e-16 0.000000000000e+00 -1.000000000000e+00 -4.479743081106e+00
P1: -9.600000000000e+02 0.000000000000e+00 5.542562584220e+02 2.481850117804e+02 -3.600000000000e+02 5.542562584220e+02 2.204364238465e-14 -3.724778467404e+02 -1.000000000000e+00 0.000000000000e+00 6.123233995737e-17 -1.034660685390e+00
P2: 5.542562584220e+02 0.000000000000e+00 9.600000000000e+02 0.000000000000e+00 0.000000000000e+00 5.542562584220e+02 3.600000000000e+02 0.000000000000e+00 0.000000000000e+00 0.000000000000e+00 1.000000000000e+00 0.000000000000e+00
P3: 5.542562584220e+02 0.000000000000e+00 9.600000000000e+02 -4.434059694375e+02 0.000000000000e+00 5.542562584220e+02 3.600000000000e+02 0.000000000000e+00 0.000000000000e+00 0.000000000000e+00 1.000000000000e+00 0.000000000000e+00
P4: 9.600000000000e+02 0.000000000000e+00 -5.542562584220e+02 -2.234736546563e+03 3.600000000000e+02 5.542562584220e+02 2.204364238465e-14 -3.724765293671e+02 1.000000000000e+00 0.000000000000e+00 6.123233995737e-17 -1.034657026020e+00
P5: 5.542562584220e+02 9.600000000000e+02 5.878304635907e-14 2.399628639221e+04 0.000000000000e+00 9.600000000000e+02 -5.542562584220e+02 2.399628639221e+04 0.000000000000e+00 1.000000000000e+00 6.123233995737e-17 2.499613165855e+01
R0_rect: 1.000000000000e+00 0.000000000000e+00 0.000000000000e+00 0.000000000000e+00 1.000000000000e+00 0.000000000000e+00 0.000000000000e+00 0.000000000000e+00 1.000000000000e+00
Tr_velo_to_p2: 0.000000000000e+00 -1.000000000000e+00 0.000000000000e+00 8.396190353531e-07 0.000000000000e+00 0.000000000000e+00 -1.000000000000e+00 -4.999999367026e-01 1.000000000000e+00 0.000000000000e+00 0.000000000000e+00 -2.240216824674e+00
imu_to_world: 1.844155387204e-02 -9.998299400841e-01 1.494693809453e-06 -5.405892944336e+01 9.996752129008e-01 1.843867367766e-02 -1.759215804854e-02 1.562394618988e+01 1.758913876745e-02 3.259209387297e-04 9.998452460121e-01 5.078575015068e-02
p2_to_world: -9.998299400841e-01 -1.494693809453e-06 1.844155387204e-02 -5.401761245728e+01 1.843867367766e-02 1.759215804854e-02 9.996752129008e-01 1.782758712769e+01 3.259209387297e-04 -9.998452460121e-01 1.758913876745e-02 2.127664804459e+00
