P0: -5.542562584220e+02 0.000000000000e+00 -9.600000000000e+02 -4.300904255656e+03 -4.408728476930e-14 5.542562584220e+02 -3.600000000000e+02 -1.612839095871e+03 -1.224646799147e-16 0.000000000000e+00 -1.000000000000e+00 -4.480108599642e+00
P1: -9.600000000000e+02 0.000000000000e+00 5.542562584220e+02 2.482950098852e+02 -3.600000000000e+02 5.542562584220e+02 2.204364238465e-14 -3.724753420394e+02 -1.000000000000e+00 0.000000000000e+00 6.123233995737e-17 -1.034653727887e+00
P2: 5.542562584220e+02 0.000000000000e+00 9.600000000000e+02 0.000000000000e+00 0.000000000000e+00 5.542562584220e+02 3.600000000000e+02 0.000000000000e+00 0.000000000000e+00 0.000000000000e+00 1.000000000000e+00 0.000000000000e+00
P3: 5.542562584220e+02 0.000000000000e+00 9.600000000000e+02 -4.434066853079e+02 0.000000000000e+00 5.542562584220e+02 3.600000000000e+02 0.000000000000e+00 0.000000000000e+00 0.000000000000e+00 1.000000000000e+00 0.000000000000e+00
P4: 9.600000000000e+02 0.000000000000e+00 -5.542562584220e+02 -2.234837879003e+03 3.600000000000e+02 5.542562584220e+02 2.204364238465e-14 -3.724778918150e+02 1.000000000000e+00 0.000000000000e+00 6.123233995737e-17 -1.034660810597e+00
P5: 5.542562584220e+02 9.600000000000e+02 5.878304635907e-14 2.399825569153e+04 0.000000000000e+00 9.600000000000e+02 -5.542562584220e+02 2.399825569153e+04 0.000000000000e+00 1.000000000000e+00 6.123233995737e-17 2.499818301201e+01
R0_rect: 1.000000000000e+00 0.000000000000e+00 0.000000000000e+00 0.000000000000e+00 1.000000000000e+00 0.000000000000e+00 0.000000000000e+00 0.000000000000e+00 1.000000000000e+00
Tr_velo_to_p2: 0.000000000000e+00 -1.000000000000e+00 0.000000000000e+00 7.389513572491e-07 0.000000000000e+00 0.000000000000e+00 -1.000000000000e+00 -5.000000125523e-01 1.000000000000e+00 0.000000000000e+00 0.000000000000e+00 -2.240214957061e+00
imu_to_world: -1.235132778517e-02 -9.999237009088e-01 -1.925170211364e-04 -5.413456344604e+01 9.998510010529e-01 -1.235275124337e-02 1.205757978599e-02 6.111891555786e+01 -1.205903791848e-02 -4.356121607040e-05 9.999272862098e-01 6.364925205708e-02
p2_to_world: -9.999237009088e-01 1.925170211364e-04 -1.235132778517e-02 -5.416262435913e+01 -1.235275124337e-02 -1.205757978599e-02 9.998510010529e-01 6.338336944580e+01 -4.356121607040e-05 -9.999272862098e-01 -1.205903791848e-02 2.074277162552e+00
