P0: -5.542562584220e+02 0.000000000000e+00 -9.600000000000e+02 -4.301167174222e+03 -4.408728476930e-14 5.542562584220e+02 -3.600000000000e+02 -1.612937690333e+03 -1.224646799147e-16 0.000000000000e+00 -1.000000000000e+00 -4.480382473148e+00
P1: -9.600000000000e+02 0.000000000000e+00 5.542562584220e+02 2.483630059417e+02 -3.600000000000e+02 5.542562584220e+02 2.204364238465e-14 -3.724780753955e+02 -1.000000000000e+00 0.000000000000e+00 6.123233995737e-17 -1.034661320543e+00
P2: 5.542562584220e+02 0.000000000000e+00 9.600000000000e+02 0.000000000000e+00 0.000000000000e+00 5.542562584220e+02 3.600000000000e+02 0.000000000000e+00 0.000000000000e+00 0.000000000000e+00 1.000000000000e+00 0.000000000000e+00
P3: 5.542562584220e+02 0.000000000000e+00 9.600000000000e+02 -4.434022228248e+02 0.000000000000e+00 5.542562584220e+02 3.600000000000e+02 0.000000000000e+00 0.000000000000e+00 0.000000000000e+00 1.000000000000e+00 0.000000000000e+00
P4: 9.600000000000e+02 0.000000000000e+00 -5.542562584220e+02 -2.234911679570e+03 3.600000000000e+02 5.542562584220e+02 2.204364238465e-14 -3.724764813651e+02 1.000000000000e+00 0.000000000000e+00 6.123233995737e-17 -1.034656892681e+00
P5: 5.542562584220e+02 9.600000000000e+02 5.878304635907e-14 2.399970016479e+04 0.000000000000e+00 9.600000000000e+02 -5.542562584220e+02 2.399970016479e+04 0.000000000000e+00 1.000000000000e+00 6.123233995737e-17 2.499968767166e+01
R0_rect: 1.000000000000e+00 0.000000000000e+00 0.000000000000e+00 0.000000000000e+00 1.000000000000e+00 0.000000000000e+00 0.000000000000e+00 0.000000000000e+00 1.000000000000e+00
Tr_velo_to_p2: 0.000000000000e+00 -1.000000000000e+00 0.000000000000e+00 -5.114318069559e-06 0.000000000000e+00 0.000000000000e+00 -1.000000000000e+00 -5.000001211020e-01 1.000000000000e+00 0.000000000000e+00 0.000000000000e+00 -2.240218860133e+00
imu_to_world: 1.540558573575e-02 -9.998812854587e-01 2.879540041700e-04 -5.397186279297e+01 9.998688814614e-01 1.540395646760e-02 -4.993797172328e-03 2.083425331116e+01 4.988768705043e-03 3.648486185471e-04 9.999874894579e-01 5.645645037293e-02
p2_to_world: -9.998812854587e-01 -2.879540041700e-04 1.540558573575e-02 -5.393676757812e+01 1.540395646760e-02 4.993797172328e-03 9.998688814614e-01 2.306400108337e+01 3.648486185471e-04 -9.999874894579e-01 4.988768705043e-03 2.105397701263e+00
