P0: -5.542562584220e+02 0.000000000000e+00 -9.600000000000e+02 -4.301220516646e+03 -4.408728476930e-14 5.542562584220e+02 -3.600000000000e+02 -1.612957693742e+03 -1.224646799147e-16 0.000000000000e+00 -1.000000000000e+00 -4.480438038173e+00
P1: -9.600000000000e+02 0.000000000000e+00 5.542562584220e+02 2.483877290940e+02 -3.600000000000e+02 5.542562584220e+02 2.204364238465e-14 -3.724758182612e+02 -1.000000000000e+00 0.000000000000e+00 6.123233995737e-17 -1.034655050726e+00
P2: 5.542562584220e+02 0.000000000000e+00 9.600000000000e+02 0.000000000000e+00 0.000000000000e+00 5.542562584220e+02 3.600000000000e+02 0.000000000000e+00 0.000000000000e+00 0.000000000000e+00 1.000000000000e+00 0.000000000000e+00
P3: 5.542562584220e+02 0.000000000000e+00 9.600000000000e+02 -4.434070171959e+02 0.000000000000e+00 5.542562584220e+02 3.600000000000e+02 0.000000000000e+00 0.000000000000e+00 0.000000000000e+00 1.000000000000e+00 0.000000000000e+00
P4: 9.600000000000e+02 0.000000000000e+00 -5.542562584220e+02 -2.234926792955e+03 3.600000000000e+02 5.542562584220e+02 2.204364238465e-14 -3.724772053559e+02 1.000000000000e+00 0.000000000000e+00 6.123233995737e-17 -1.034658903766e+00
P5: 5.542562584220e+02 9.600000000000e+02 5.878304635907e-14 2.399999450684e+04 0.000000000000e+00 9.600000000000e+02 -5.542562584220e+02 2.399999450684e+04 0.000000000000e+00 1.000000000000e+00 6.123233995737e-17 2.499999427795e+01
R0_rect: 1.000000000000e+00 0.000000000000e+00 0.000000000000e+00 0.000000000000e+00 1.000000000000e+00 0.000000000000e+00 0.000000000000e+00 0.000000000000e+00 1.000000000000e+00
Tr_velo_to_p2: 0.000000000000e+00 -1.000000000000e+00 0.000000000000e+00 4.136974387991e-06 0.000000000000e+00 0.000000000000e+00 -1.000000000000e+00 -5.000003878914e-01 1.000000000000e+00 0.000000000000e+00 0.000000000000e+00 -2.240221554696e+00
imu_to_world: -1.452849458200e-02 -9.998944551458e-01 -3.760256163713e-05 -5.421866226196e+01 9.998942666466e-01 -1.452851495752e-02 6.146384504777e-04 6.670541381836e+01 -6.151198879312e-04 -2.866881439454e-05 9.999998104028e-01 5.873779207468e-02
p2_to_world: -9.998944551458e-01 3.760256163713e-05 -1.452849458200e-02 -5.425128173828e+01 -1.452851495752e-02 -6.146384504777e-04 9.998942666466e-01 6.894664764404e+01 -2.866881439454e-05 -9.999998104028e-01 -6.151198879312e-04 2.095149993896e+00
