P0: -5.542562584220e+02 0.000000000000e+00 -9.600000000000e+02 -4.301023070325e+03 -4.408728476930e-14 5.542562584220e+02 -3.600000000000e+02 -1.612883651372e+03 -1.224646799147e-16 0.000000000000e+00 -1.000000000000e+00 -4.480232364922e+00
P1: -9.600000000000e+02 0.000000000000e+00 5.542562584220e+02 2.483186459254e+02 -3.600000000000e+02 5.542562584220e+02 2.204364238465e-14 -3.724785433308e+02 -1.000000000000e+00 0.000000000000e+00 6.123233995737e-17 -1.034662620363e+00
P2: 5.542562584220e+02 0.000000000000e+00 9.600000000000e+02 0.000000000000e+00 0.000000000000e+00 5.542562584220e+02 3.600000000000e+02 0.000000000000e+00 0.000000000000e+00 0.000000000000e+00 1.000000000000e+00 0.000000000000e+00
P3: 5.542562584220e+02 0.000000000000e+00 9.600000000000e+02 -4.434056796349e+02 0.000000000000e+00 5.542562584220e+02 3.600000000000e+02 0.000000000000e+00 0.000000000000e+00 0.000000000000e+00 1.000000000000e+00 0.000000000000e+00
P4: 9.600000000000e+02 0.000000000000e+00 -5.542562584220e+02 -2.234869862127e+03 3.600000000000e+02 5.542562584220e+02 2.204364238465e-14 -3.724754296048e+02 1.000000000000e+00 0.000000000000e+00 6.123233995737e-17 -1.034653971124e+00
P5: 5.542562584220e+02 9.600000000000e+02 5.878304635907e-14 2.399890548706e+04 0.000000000000e+00 9.600000000000e+02 -5.542562584220e+02 2.399890548706e+04 0.000000000000e+00 1.000000000000e+00 6.123233995737e-17 2.499885988235e+01
R0_rect: 1.000000000000e+00 0.000000000000e+00 0.000000000000e+00 0.000000000000e+00 1.000000000000e+00 0.000000000000e+00 0.000000000000e+00 0.000000000000e+00 1.000000000000e+00
Tr_velo_to_p2: 0.000000000000e+00 -1.000000000000e+00 0.000000000000e+00 -2.743015609704e-06 0.000000000000e+00 0.000000000000e+00 -1.000000000000e+00 -5.000001663241e-01 1.000000000000e+00 0.000000000000e+00 0.000000000000e+00 -2.240217217052e+00
imu_to_world: 3.812000326375e-03 -9.999924990062e-01 6.859918537211e-04 -5.389829635620e+01 9.999475150193e-01 3.805303327892e-03 -9.512458844231e-03 2.957923316956e+01 9.509777084252e-03 7.222173456708e-04 9.999545202368e-01 5.448829382658e-02
p2_to_world: -9.999924990062e-01 -6.859918537211e-04 3.812000326375e-03 -5.388835906982e+01 3.805303327892e-03 9.512458844231e-03 9.999475150193e-01 3.179994773865e+01 7.222173456708e-04 -9.999545202368e-01 9.509777084252e-03 2.113490581512e+00
