P0: -5.542562584220e+02 0.000000000000e+00 -9.600000000000e+02 -4.301137623761e+03 -4.408728476930e-14 5.542562584220e+02 -3.600000000000e+02 -1.612926608910e+03 -1.224646799147e-16 0.000000000000e+00 -1.000000000000e+00 -4.480351691417e+00
P1: -9.600000000000e+02 0.000000000000e+00 5.542562584220e+02 2.483559516577e+02 -3.600000000000e+02 5.542562584220e+02 2.204364238465e-14 -3.724775180617e+02 -1.000000000000e+00 0.000000000000e+00 6.123233995737e-17 -1.034659772394e+00
P2: 5.542562584220e+02 0.000000000000e+00 9.600000000000e+02 0.000000000000e+00 0.000000000000e+00 5.542562584220e+02 3.600000000000e+02 0.000000000000e+00 0.000000000000e+00 0.000000000000e+00 1.000000000000e+00 0.000000000000e+00
P3: 5.542562584220e+02 0.000000000000e+00 9.600000000000e+02 -4.434032025711e+02 0.000000000000e+00 5.542562584220e+02 3.600000000000e+02 0.000000000000e+00 0.000000000000e+00 0.000000000000e+00 1.000000000000e+00 0.000000000000e+00
P4: 9.600000000000e+02 0.000000000000e+00 -5.542562584220e+02 -2.234899020580e+03 3.600000000000e+02 5.542562584220e+02 2.204364238465e-14 -3.724753136293e+02 1.000000000000e+00 0.000000000000e+00 6.123233995737e-17 -1.034653648970e+00
P5: 5.542562584220e+02 9.600000000000e+02 5.878304635907e-14 2.399952186584e+04 0.000000000000e+00 9.600000000000e+02 -5.542562584220e+02 2.399952186584e+04 0.000000000000e+00 1.000000000000e+00 6.123233995737e-17 2.499950194359e+01
R0_rect: 1.000000000000e+00 0.000000000000e+00 0.000000000000e+00 0.000000000000e+00 1.000000000000e+00 0.000000000000e+00 0.000000000000e+00 0.000000000000e+00 1.000000000000e+00
Tr_velo_to_p2: 0.000000000000e+00 -1.000000000000e+00 0.000000000000e+00 -6.258128125685e-06 0.000000000000e+00 0.000000000000e+00 -1.000000000000e+00 -5.000000766944e-01 1.000000000000e+00 0.000000000000e+00 0.000000000000e+00 -2.240221862314e+00
imu_to_world: -1.169277580932e-02 -9.999316153910e-01 -2.086513784084e-04 -5.410148239136e+01 9.999117715103e-01 -1.169385857005e-02 6.301021097799e-03 5.848429870605e+01 -6.303030144645e-03 -1.349565423460e-04 9.999801266014e-01 6.135024875402e-02
p2_to_world: -9.999316153910e-01 2.086513784084e-04 -1.169277580932e-02 -5.412810516357e+01 -1.169385857005e-02 -6.301021097799e-03 9.999117715103e-01 6.073716354370e+01 -1.349565423460e-04 -9.999801266014e-01 -6.303030144645e-03 2.084980249405e+00
