P0: -5.542562584220e+02 0.000000000000e+00 -9.600000000000e+02 -4.301130191261e+03 -4.408728476930e-14 5.542562584220e+02 -3.600000000000e+02 -1.612923821723e+03 -1.224646799147e-16 0.000000000000e+00 -1.000000000000e+00 -4.480343949230e+00
P1: -9.600000000000e+02 0.000000000000e+00 5.542562584220e+02 2.483519196989e+02 -3.600000000000e+02 5.542562584220e+02 2.204364238465e-14 -3.724786170112e+02 -1.000000000000e+00 0.000000000000e+00 6.123233995737e-17 -1.034662825031e+00
P2: 5.542562584220e+02 0.000000000000e+00 9.600000000000e+02 0.000000000000e+00 0.000000000000e+00 5.542562584220e+02 3.600000000000e+02 0.000000000000e+00 0.000000000000e+00 0.000000000000e+00 1.000000000000e+00 0.000000000000e+00
P3: 5.542562584220e+02 0.000000000000e+00 9.600000000000e+02 -4.434024822164e+02 0.000000000000e+00 5.542562584220e+02 3.600000000000e+02 0.000000000000e+00 0.000000000000e+00 0.000000000000e+00 1.000000000000e+00 0.000000000000e+00
P4: 9.600000000000e+02 0.000000000000e+00 -5.542562584220e+02 -2.234898156054e+03 3.600000000000e+02 5.542562584220e+02 2.204364238465e-14 -3.724753812778e+02 1.000000000000e+00 0.000000000000e+00 6.123233995737e-17 -1.034653836883e+00
P5: 5.542562584220e+02 9.600000000000e+02 5.878304635907e-14 2.399949462891e+04 0.000000000000e+00 9.600000000000e+02 -5.542562584220e+02 2.399949462891e+04 0.000000000000e+00 1.000000000000e+00 6.123233995737e-17 2.499947357178e+01
R0_rect: 1.000000000000e+00 0.000000000000e+00 0.000000000000e+00 0.000000000000e+00 1.000000000000e+00 0.000000000000e+00 0.000000000000e+00 0.000000000000e+00 1.000000000000e+00
Tr_velo_to_p2: 0.000000000000e+00 -1.000000000000e+00 0.000000000000e+00 -3.401240663152e-06 0.000000000000e+00 0.000000000000e+00 -1.000000000000e+00 -4.999999758783e-01 1.000000000000e+00 0.000000000000e+00 0.000000000000e+00 -2.240223404004e+00
imu_to_world: -1.448731798765e-02 -9.998950469863e-01 -1.123822587453e-04 -5.418233108521e+01 9.998740592014e-01 -1.448774204481e-02 6.478508055629e-03 6.441808319092e+01 -6.479456281859e-03 -1.851189894643e-05 9.999790079315e-01 6.127799674869e-02
p2_to_world: -9.998950469863e-01 1.123822587453e-04 -1.448731798765e-02 -5.421501922607e+01 -1.448774204481e-02 -6.478508055629e-03 9.998740592014e-01 6.667121887207e+01 -1.851189894643e-05 -9.999790079315e-01 -6.479456281859e-03 2.084510803223e+00
