P0: -5.542562584220e+02 0.000000000000e+00 -9.600000000000e+02 -4.301211086925e+03 -4.408728476930e-14 5.542562584220e+02 -3.600000000000e+02 -1.612954157597e+03 -1.224646799147e-16 0.000000000000e+00 -1.000000000000e+00 -4.480428215547e+00
P1: -9.600000000000e+02 0.000000000000e+00 5.542562584220e+02 2.483826081805e+02 -3.600000000000e+02 5.542562584220e+02 2.204364238465e-14 -3.724769378706e+02 -1.000000000000e+00 0.000000000000e+00 6.123233995737e-17 -1.034658160752e+00
P2: 5.542562584220e+02 0.000000000000e+00 9.600000000000e+02 0.000000000000e+00 0.000000000000e+00 5.542562584220e+02 3.600000000000e+02 0.000000000000e+00 0.000000000000e+00 0.000000000000e+00 1.000000000000e+00 0.000000000000e+00
P3: 5.542562584220e+02 0.000000000000e+00 9.600000000000e+02 -4.434049473855e+02 0.000000000000e+00 5.542562584220e+02 3.600000000000e+02 0.000000000000e+00 0.000000000000e+00 0.000000000000e+00 1.000000000000e+00 0.000000000000e+00
P4: 9.600000000000e+02 0.000000000000e+00 -5.542562584220e+02 -2.234925784095e+03 3.600000000000e+02 5.542562584220e+02 2.204364238465e-14 -3.724764823379e+02 1.000000000000e+00 0.000000000000e+00 6.123233995737e-17 -1.034656895383e+00
P5: 5.542562584220e+02 9.600000000000e+02 5.878304635907e-14 2.399997894287e+04 0.000000000000e+00 9.600000000000e+02 -5.542562584220e+02 2.399997894287e+04 0.000000000000e+00 1.000000000000e+00 6.123233995737e-17 2.499997806549e+01
R0_rect: 1.000000000000e+00 0.000000000000e+00 0.000000000000e+00 0.000000000000e+00 1.000000000000e+00 0.000000000000e+00 0.000000000000e+00 0.000000000000e+00 1.000000000000e+00
Tr_velo_to_p2: 0.000000000000e+00 -1.000000000000e+00 0.000000000000e+00 -9.741058096160e-07 0.000000000000e+00 0.000000000000e+00 -1.000000000000e+00 -5.000001759026e-01 1.000000000000e+00 0.000000000000e+00 0.000000000000e+00 -2.240214623483e+00
imu_to_world: -1.518208428420e-02 -9.998847440624e-01 -5.392654601382e-05 -5.420191955566e+01 9.998838368350e-01 -1.518214317557e-02 1.347354704592e-03 6.566970825195e+01 -1.348018134505e-03 -3.346462904974e-05 9.999990908632e-01 5.905433371663e-02
p2_to_world: -9.998847440624e-01 5.392654601382e-05 -1.518208428420e-02 -5.423603820801e+01 -1.518214317557e-02 -1.347354704592e-03 9.998838368350e-01 6.791240692139e+01 -3.346462904974e-05 -9.999990908632e-01 -1.348018134505e-03 2.093823432922e+00
