P0: -5.542562584220e+02 0.000000000000e+00 -9.600000000000e+02 -4.301137589968e+03 -4.408728476930e-14 5.542562584220e+02 -3.600000000000e+02 -1.612926596238e+03 -1.224646799147e-16 0.000000000000e+00 -1.000000000000e+00 -4.480351656217e+00
P1: -9.600000000000e+02 0.000000000000e+00 5.542562584220e+02 2.483572189891e+02 -3.600000000000e+02 5.542562584220e+02 2.204364238465e-14 -3.724768656983e+02 -1.000000000000e+00 0.000000000000e+00 6.123233995737e-17 -1.034657960273e+00
P2: 5.542562584220e+02 0.000000000000e+00 9.600000000000e+02 0.000000000000e+00 0.000000000000e+00 5.542562584220e+02 3.600000000000e+02 0.000000000000e+00 0.000000000000e+00 0.000000000000e+00 1.000000000000e+00 0.000000000000e+00
P3: 5.542562584220e+02 0.000000000000e+00 9.600000000000e+02 -4.434032489677e+02 0.000000000000e+00 5.542562584220e+02 3.600000000000e+02 0.000000000000e+00 0.000000000000e+00 0.000000000000e+00 1.000000000000e+00 0.000000000000e+00
P4: 9.600000000000e+02 0.000000000000e+00 -5.542562584220e+02 -2.234902705469e+03 3.600000000000e+02 5.542562584220e+02 2.204364238465e-14 -3.724773185331e+02 1.000000000000e+00 0.000000000000e+00 6.123233995737e-17 -1.034659218147e+00
P5: 5.542562584220e+02 9.600000000000e+02 5.878304635907e-14 2.399955940247e+04 0.000000000000e+00 9.600000000000e+02 -5.542562584220e+02 2.399955940247e+04 0.000000000000e+00 1.000000000000e+00 6.123233995737e-17 2.499954104424e+01
R0_rect: 1.000000000000e+00 0.000000000000e+00 0.000000000000e+00 0.000000000000e+00 1.000000000000e+00 0.000000000000e+00 0.000000000000e+00 0.000000000000e+00 1.000000000000e+00
Tr_velo_to_p2: 0.000000000000e+00 -1.000000000000e+00 0.000000000000e+00 -1.852680783140e-06 0.000000000000e+00 0.000000000000e+00 -1.000000000000e+00 -5.000000265625e-01 1.000000000000e+00 0.000000000000e+00 0.000000000000e+00 -2.240212181832e+00
imu_to_world: -8.386708025624e-03 -9.999647811782e-01 3.154864199525e-04 -5.395025634766e+01 9.999465024697e-01 -8.388464091324e-03 -6.051931001175e-03 4.434843826294e+01 6.054364305801e-03 2.647137639101e-04 9.999816371311e-01 5.601688101888e-02
p2_to_world: -9.999647811782e-01 -3.154864199525e-04 -8.386708025624e-03 -5.396840286255e+01 -8.388464091324e-03 6.051931001175e-03 9.999465024697e-01 4.657619857788e+01 2.647137639101e-04 -9.999816371311e-01 6.054364305801e-03 2.107333421707e+00
