P0: -5.542562584220e+02 0.000000000000e+00 -9.600000000000e+02 -4.301007701910e+03 -4.408728476930e-14 5.542562584220e+02 -3.600000000000e+02 -1.612877888216e+03 -1.224646799147e-16 0.000000000000e+00 -1.000000000000e+00 -4.480216356156e+00
P1: -9.600000000000e+02 0.000000000000e+00 5.542562584220e+02 2.483225998675e+02 -3.600000000000e+02 5.542562584220e+02 2.204364238465e-14 -3.724768088034e+02 -1.000000000000e+00 0.000000000000e+00 6.123233995737e-17 -1.034657802232e+00
P2: 5.542562584220e+02 0.000000000000e+00 9.600000000000e+02 0.000000000000e+00 0.000000000000e+00 5.542562584220e+02 3.600000000000e+02 0.000000000000e+00 0.000000000000e+00 0.000000000000e+00 1.000000000000e+00 0.000000000000e+00
P3: 5.542562584220e+02 0.000000000000e+00 9.600000000000e+02 -4.434051401696e+02 0.000000000000e+00 5.542562584220e+02 3.600000000000e+02 0.000000000000e+00 0.000000000000e+00 0.000000000000e+00 1.000000000000e+00 0.000000000000e+00
P4: 9.600000000000e+02 0.000000000000e+00 -5.542562584220e+02 -2.234865607294e+03 3.600000000000e+02 5.542562584220e+02 2.204364238465e-14 -3.724769035575e+02 1.000000000000e+00 0.000000000000e+00 6.123233995737e-17 -1.034658065438e+00
P5: 5.542562584220e+02 9.600000000000e+02 5.878304635907e-14 2.399879859924e+04 0.000000000000e+00 9.600000000000e+02 -5.542562584220e+02 2.399879859924e+04 0.000000000000e+00 1.000000000000e+00 6.123233995737e-17 2.499874854088e+01
R0_rect: 1.000000000000e+00 0.000000000000e+00 0.000000000000e+00 0.000000000000e+00 1.000000000000e+00 0.000000000000e+00 0.000000000000e+00 0.000000000000e+00 1.000000000000e+00
Tr_velo_to_p2: 0.000000000000e+00 -1.000000000000e+00 0.000000000000e+00 9.935451756130e-08 0.000000000000e+00 0.000000000000e+00 -1.000000000000e+00 -4.999999483146e-01 1.000000000000e+00 0.000000000000e+00 0.000000000000e+00 -2.240222800087e+00
imu_to_world: -1.520796680221e-02 -9.998843055694e-01 -3.053225147231e-04 -5.421543884277e+01 9.998343874456e-01 -1.521025878302e-02 9.992282477738e-03 6.651940917969e+01 -9.995770460767e-03 -1.533096492818e-04 9.999500292860e-01 6.278873234987e-02
p2_to_world: -9.998843055694e-01 3.053225147231e-04 -1.520796680221e-02 -5.425012969971e+01 -1.521025878302e-02 -9.992282477738e-03 9.998343874456e-01 6.877961730957e+01 -1.533096492818e-04 -9.999500292860e-01 -9.995770460767e-03 2.078085184097e+00
