P0: -5.542562584220e+02 0.000000000000e+00 -9.600000000000e+02 -4.301218674029e+03 -4.408728476930e-14 5.542562584220e+02 -3.600000000000e+02 -1.612957002761e+03 -1.224646799147e-16 0.000000000000e+00 -1.000000000000e+00 -4.480436118781e+00
P1: -9.600000000000e+02 0.000000000000e+00 5.542562584220e+02 2.483802643669e+02 -3.600000000000e+02 5.542562584220e+02 2.204364238465e-14 -3.724778756544e+02 -1.000000000000e+00 0.000000000000e+00 6.123233995737e-17 -1.034660765707e+00
P2: 5.542562584220e+02 0.000000000000e+00 9.600000000000e+02 0.000000000000e+00 0.000000000000e+00 5.542562584220e+02 3.600000000000e+02 0.000000000000e+00 0.000000000000e+00 0.000000000000e+00 1.000000000000e+00 0.000000000000e+00
P3: 5.542562584220e+02 0.000000000000e+00 9.600000000000e+02 -4.434058935826e+02 0.000000000000e+00 5.542562584220e+02 3.600000000000e+02 0.000000000000e+00 0.000000000000e+00 0.000000000000e+00 1.000000000000e+00 0.000000000000e+00
P4: 9.600000000000e+02 0.000000000000e+00 -5.542562584220e+02 -2.234922705121e+03 3.600000000000e+02 5.542562584220e+02 2.204364238465e-14 -3.724753488268e+02 1.000000000000e+00 0.000000000000e+00 6.123233995737e-17 -1.034653746741e+00
P5: 5.542562584220e+02 9.600000000000e+02 5.878304635907e-14 2.399999794006e+04 0.000000000000e+00 9.600000000000e+02 -5.542562584220e+02 2.399999794006e+04 0.000000000000e+00 1.000000000000e+00 6.123233995737e-17 2.499999785423e+01
R0_rect: 1.000000000000e+00 0.000000000000e+00 0.000000000000e+00 0.000000000000e+00 1.000000000000e+00 0.000000000000e+00 0.000000000000e+00 0.000000000000e+00 1.000000000000e+00
Tr_velo_to_p2: 0.000000000000e+00 -1.000000000000e+00 0.000000000000e+00 4.903066395914e-07 0.000000000000e+00 0.000000000000e+00 -1.000000000000e+00 -5.000001498635e-01 1.000000000000e+00 0.000000000000e+00 0.000000000000e+00 -2.240216242240e+00
imu_to_world: 1.220230125521e-02 -9.999254703185e-01 3.970546551584e-04 -5.393985366821e+01 9.999255469696e-01 1.220232649276e-02 6.120151200462e-05 2.338168907166e+01 -6.604194121314e-05 3.962782939493e-04 9.999999193010e-01 5.865562334657e-02
p2_to_world: -9.999254703185e-01 -3.970546551584e-04 1.220230125521e-02 -5.391170883179e+01 1.220232649276e-02 -6.120151200462e-05 9.999255469696e-01 2.562186431885e+01 3.962782939493e-04 -9.999999193010e-01 -6.604194121314e-05 2.096298456192e+00
