P0: -5.542562584220e+02 0.000000000000e+00 -9.600000000000e+02 -4.301051638112e+03 -4.408728476930e-14 5.542562584220e+02 -3.600000000000e+02 -1.612894364292e+03 -1.224646799147e-16 0.000000000000e+00 -1.000000000000e+00 -4.480262123034e+00
P1: -9.600000000000e+02 0.000000000000e+00 5.542562584220e+02 2.483318491220e+02 -3.600000000000e+02 5.542562584220e+02 2.204364238465e-14 -3.724771221476e+02 -1.000000000000e+00 0.000000000000e+00 6.123233995737e-17 -1.034658672632e+00
P2: 5.542562584220e+02 0.000000000000e+00 9.600000000000e+02 0.000000000000e+00 0.000000000000e+00 5.542562584220e+02 3.600000000000e+02 0.000000000000e+00 0.000000000000e+00 0.000000000000e+00 1.000000000000e+00 0.000000000000e+00
P3: 5.542562584220e+02 0.000000000000e+00 9.600000000000e+02 -4.434049647816e+02 0.000000000000e+00 5.542562584220e+02 3.600000000000e+02 0.000000000000e+00 0.000000000000e+00 0.000000000000e+00 1.000000000000e+00 0.000000000000e+00
P4: 9.600000000000e+02 0.000000000000e+00 -5.542562584220e+02 -2.234881013783e+03 3.600000000000e+02 5.542562584220e+02 2.204364238465e-14 -3.724769503384e+02 1.000000000000e+00 0.000000000000e+00 6.123233995737e-17 -1.034658195385e+00
P5: 5.542562584220e+02 9.600000000000e+02 5.878304635907e-14 2.399904098511e+04 0.000000000000e+00 9.600000000000e+02 -5.542562584220e+02 2.399904098511e+04 0.000000000000e+00 1.000000000000e+00 6.123233995737e-17 2.499900102615e+01
R0_rect: 1.000000000000e+00 0.000000000000e+00 0.000000000000e+00 0.000000000000e+00 1.000000000000e+00 0.000000000000e+00 0.000000000000e+00 0.000000000000e+00 1.000000000000e+00
Tr_velo_to_p2: 0.000000000000e+00 -1.000000000000e+00 0.000000000000e+00 2.451923756687e-06 0.000000000000e+00 0.000000000000e+00 -1.000000000000e+00 -5.000002145048e-01 1.000000000000e+00 0.000000000000e+00 0.000000000000e+00 -2.240218790422e+00
imu_to_world: -1.486808703674e-02 -9.998894306538e-01 -2.577882604854e-04 -5.419266891479e+01 9.998496195202e-01 -1.486979566459e-02 8.923425479708e-03 6.508104705811e+01 -8.926272081145e-03 -1.250752274650e-04 9.999601522175e-01 6.233997270465e-02
p2_to_world: -9.998894306538e-01 2.577882604854e-04 -1.486808703674e-02 -5.422650146484e+01 -1.486979566459e-02 -8.923425479708e-03 9.998496195202e-01 6.733911132812e+01 -1.250752274650e-04 -9.999601522175e-01 -8.926272081145e-03 2.080052852631e+00
