P0: -5.542562584220e+02 0.000000000000e+00 -9.600000000000e+02 -4.301206786139e+03 -4.408728476930e-14 5.542562584220e+02 -3.600000000000e+02 -1.612952544802e+03 -1.224646799147e-16 0.000000000000e+00 -1.000000000000e+00 -4.480423735562e+00
P1: -9.600000000000e+02 0.000000000000e+00 5.542562584220e+02 2.483723644828e+02 -3.600000000000e+02 5.542562584220e+02 2.204364238465e-14 -3.724788387423e+02 -1.000000000000e+00 0.000000000000e+00 6.123233995737e-17 -1.034663440951e+00
P2: 5.542562584220e+02 0.000000000000e+00 9.600000000000e+02 0.000000000000e+00 0.000000000000e+00 5.542562584220e+02 3.600000000000e+02 0.000000000000e+00 0.000000000000e+00 0.000000000000e+00 1.000000000000e+00 0.000000000000e+00
P3: 5.542562584220e+02 0.000000000000e+00 9.600000000000e+02 -4.434019400154e+02 0.000000000000e+00 5.542562584220e+02 3.600000000000e+02 0.000000000000e+00 0.000000000000e+00 0.000000000000e+00 1.000000000000e+00 0.000000000000e+00
P4: 9.600000000000e+02 0.000000000000e+00 -5.542562584220e+02 -2.234915510819e+03 3.600000000000e+02 5.542562584220e+02 2.204364238465e-14 -3.724747693279e+02 1.000000000000e+00 0.000000000000e+00 6.123233995737e-17 -1.034652137022e+00
P5: 5.542562584220e+02 9.600000000000e+02 5.878304635907e-14 2.399992401123e+04 0.000000000000e+00 9.600000000000e+02 -5.542562584220e+02 2.399992401123e+04 0.000000000000e+00 1.000000000000e+00 6.123233995737e-17 2.499992084503e+01
R0_rect: 1.000000000000e+00 0.000000000000e+00 0.000000000000e+00 0.000000000000e+00 1.000000000000e+00 0.000000000000e+00 0.000000000000e+00 0.000000000000e+00 1.000000000000e+00
Tr_velo_to_p2: 0.000000000000e+00 -1.000000000000e+00 0.000000000000e+00 -3.193770015204e-06 0.000000000000e+00 0.000000000000e+00 -1.000000000000e+00 -4.999994821917e-01 1.000000000000e+00 0.000000000000e+00 0.000000000000e+00 -2.240214696333e+00
imu_to_world: -1.406537717918e-02 -9.999010748631e-01 -7.518204117564e-05 -5.422042846680e+01 9.998979650430e-01 -1.406552096546e-02 2.494117640520e-03 6.680448913574e+01 -2.494928384167e-03 -4.009366463615e-05 9.999968868576e-01 5.955253541470e-02
p2_to_world: -9.999010748631e-01 7.518204117564e-05 -1.406537717918e-02 -5.425209426880e+01 -1.406552096546e-02 -2.494117640520e-03 9.998979650430e-01 6.904956054688e+01 -4.009366463615e-05 -9.999968868576e-01 -2.494928384167e-03 2.091748237610e+00
