P0: -5.542562584220e+02 0.000000000000e+00 -9.600000000000e+02 -4.301152248245e+03 -4.408728476930e-14 5.542562584220e+02 -3.600000000000e+02 -1.612932093092e+03 -1.224646799147e-16 0.000000000000e+00 -1.000000000000e+00 -4.480366925255e+00
P1: -9.600000000000e+02 0.000000000000e+00 5.542562584220e+02 2.483647898042e+02 -3.600000000000e+02 5.542562584220e+02 2.204364238465e-14 -3.724757762812e+02 -1.000000000000e+00 0.000000000000e+00 6.123233995737e-17 -1.034654934114e+00
P2: 5.542562584220e+02 0.000000000000e+00 9.600000000000e+02 0.000000000000e+00 0.000000000000e+00 5.542562584220e+02 3.600000000000e+02 0.000000000000e+00 0.000000000000e+00 0.000000000000e+00 1.000000000000e+00 0.000000000000e+00
P3: 5.542562584220e+02 0.000000000000e+00 9.600000000000e+02 -4.434076463325e+02 0.000000000000e+00 5.542562584220e+02 3.600000000000e+02 0.000000000000e+00 0.000000000000e+00 0.000000000000e+00 1.000000000000e+00 0.000000000000e+00
P4: 9.600000000000e+02 0.000000000000e+00 -5.542562584220e+02 -2.234907851558e+03 3.600000000000e+02 5.542562584220e+02 2.204364238465e-14 -3.724778242233e+02 1.000000000000e+00 0.000000000000e+00 6.123233995737e-17 -1.034660622843e+00
P5: 5.542562584220e+02 9.600000000000e+02 5.878304635907e-14 2.399960105896e+04 0.000000000000e+00 9.600000000000e+02 -5.542562584220e+02 2.399960105896e+04 0.000000000000e+00 1.000000000000e+00 6.123233995737e-17 2.499958443642e+01
R0_rect: 1.000000000000e+00 0.000000000000e+00 0.000000000000e+00 0.000000000000e+00 1.000000000000e+00 0.000000000000e+00 0.000000000000e+00 0.000000000000e+00 1.000000000000e+00
Tr_velo_to_p2: 0.000000000000e+00 -1.000000000000e+00 0.000000000000e+00 3.231865438905e-06 0.000000000000e+00 0.000000000000e+00 -1.000000000000e+00 -4.999999718192e-01 1.000000000000e+00 0.000000000000e+00 0.000000000000e+00 -2.240218562546e+00
imu_to_world: -1.495377565947e-02 -9.998881775394e-01 1.304244763966e-04 -5.422157669067e+01 9.998715620353e-01 -1.495427907759e-02 -5.764457499865e-03 6.690592956543e+01 5.765763308062e-03 4.420732069081e-05 9.999833768714e-01 5.597152560949e-02
p2_to_world: -9.998881775394e-01 -1.304244763966e-04 -1.495377565947e-02 -5.425480651855e+01 -1.495427907759e-02 5.764457499865e-03 9.998715620353e-01 6.913410949707e+01 4.420732069081e-05 -9.999833768714e-01 5.765763308062e-03 2.106645345688e+00
