P0: -5.542562584220e+02 0.000000000000e+00 -9.600000000000e+02 -4.301160875056e+03 -4.408728476930e-14 5.542562584220e+02 -3.600000000000e+02 -1.612935328146e+03 -1.224646799147e-16 0.000000000000e+00 -1.000000000000e+00 -4.480375911517e+00
P1: -9.600000000000e+02 0.000000000000e+00 5.542562584220e+02 2.483674997021e+02 -3.600000000000e+02 5.542562584220e+02 2.204364238465e-14 -3.724761632679e+02 -1.000000000000e+00 0.000000000000e+00 6.123233995737e-17 -1.034656009077e+00
P2: 5.542562584220e+02 0.000000000000e+00 9.600000000000e+02 0.000000000000e+00 0.000000000000e+00 5.542562584220e+02 3.600000000000e+02 0.000000000000e+00 0.000000000000e+00 0.000000000000e+00 1.000000000000e+00 0.000000000000e+00
P3: 5.542562584220e+02 0.000000000000e+00 9.600000000000e+02 -4.434058501476e+02 0.000000000000e+00 5.542562584220e+02 3.600000000000e+02 0.000000000000e+00 0.000000000000e+00 0.000000000000e+00 1.000000000000e+00 0.000000000000e+00
P4: 9.600000000000e+02 0.000000000000e+00 -5.542562584220e+02 -2.234908391030e+03 3.600000000000e+02 5.542562584220e+02 2.204364238465e-14 -3.724759764020e+02 1.000000000000e+00 0.000000000000e+00 6.123233995737e-17 -1.034655490005e+00
P5: 5.542562584220e+02 9.600000000000e+02 5.878304635907e-14 2.399966079712e+04 0.000000000000e+00 9.600000000000e+02 -5.542562584220e+02 2.399966079712e+04 0.000000000000e+00 1.000000000000e+00 6.123233995737e-17 2.499964666367e+01
R0_rect: 1.000000000000e+00 0.000000000000e+00 0.000000000000e+00 0.000000000000e+00 1.000000000000e+00 0.000000000000e+00 0.000000000000e+00 0.000000000000e+00 1.000000000000e+00
Tr_velo_to_p2: 0.000000000000e+00 -1.000000000000e+00 0.000000000000e+00 -3.732955833512e-06 0.000000000000e+00 0.000000000000e+00 -1.000000000000e+00 -4.999997333653e-01 1.000000000000e+00 0.000000000000e+00 0.000000000000e+00 -2.240221531610e+00
imu_to_world: -1.530996687989e-02 -9.998827941951e-01 -5.279010662258e-05 -5.421486282349e+01 9.998687929354e-01 -1.531003186686e-02 5.291487324098e-03 6.648951721191e+01 -5.291675349282e-03 2.822931548964e-05 9.999859985895e-01 6.077186390758e-02
p2_to_world: -9.998827941951e-01 5.279010662258e-05 -1.530996687989e-02 -5.424926757812e+01 -1.531003186686e-02 -5.291487324098e-03 9.998687929354e-01 6.874022674561e+01 2.822931548964e-05 -9.999859985895e-01 -5.291675349282e-03 2.086679935455e+00
