P0: -5.542562584220e+02 0.000000000000e+00 -9.600000000000e+02 -4.301210099325e+03 -4.408728476930e-14 5.542562584220e+02 -3.600000000000e+02 -1.612953787247e+03 -1.224646799147e-16 0.000000000000e+00 -1.000000000000e+00 -4.480427186796e+00
P1: -9.600000000000e+02 0.000000000000e+00 5.542562584220e+02 2.483791123485e+02 -3.600000000000e+02 5.542562584220e+02 2.204364238465e-14 -3.724771187403e+02 -1.000000000000e+00 0.000000000000e+00 6.123233995737e-17 -1.034658663168e+00
P2: 5.542562584220e+02 0.000000000000e+00 9.600000000000e+02 0.000000000000e+00 0.000000000000e+00 5.542562584220e+02 3.600000000000e+02 0.000000000000e+00 0.000000000000e+00 0.000000000000e+00 1.000000000000e+00 0.000000000000e+00
P3: 5.542562584220e+02 0.000000000000e+00 9.600000000000e+02 -4.434063695710e+02 0.000000000000e+00 5.542562584220e+02 3.600000000000e+02 0.000000000000e+00 0.000000000000e+00 0.000000000000e+00 1.000000000000e+00 0.000000000000e+00
P4: 9.600000000000e+02 0.000000000000e+00 -5.542562584220e+02 -2.234926270159e+03 3.600000000000e+02 5.542562584220e+02 2.204364238465e-14 -3.724773217200e+02 1.000000000000e+00 0.000000000000e+00 6.123233995737e-17 -1.034659227000e+00
P5: 5.542562584220e+02 9.600000000000e+02 5.878304635907e-14 2.399996383667e+04 0.000000000000e+00 9.600000000000e+02 -5.542562584220e+02 2.399996383667e+04 0.000000000000e+00 1.000000000000e+00 6.123233995737e-17 2.499996232986e+01
R0_rect: 1.000000000000e+00 0.000000000000e+00 0.000000000000e+00 0.000000000000e+00 1.000000000000e+00 0.000000000000e+00 0.000000000000e+00 0.000000000000e+00 1.000000000000e+00
Tr_velo_to_p2: 0.000000000000e+00 -1.000000000000e+00 0.000000000000e+00 3.023097169372e-06 0.000000000000e+00 0.000000000000e+00 -1.000000000000e+00 -4.999996608977e-01 1.000000000000e+00 0.000000000000e+00 0.000000000000e+00 -2.240222360559e+00
imu_to_world: -1.539110959174e-02 -9.998815443114e-01 -1.053140657490e-04 -5.421654510498e+01 9.998801070439e-01 -1.539126622738e-02 1.697192345660e-03 6.659361267090e+01 -1.698612220395e-03 -7.917976594405e-05 9.999985542225e-01 5.918479710817e-02
p2_to_world: -9.998815443114e-01 1.053140657490e-04 -1.539110959174e-02 -5.425123977661e+01 -1.539126622738e-02 -1.697192345660e-03 9.998801070439e-01 6.883702087402e+01 -7.917976594405e-05 -9.999985542225e-01 -1.698612220395e-03 2.093167781830e+00
