P0: -5.542562584220e+02 0.000000000000e+00 -9.600000000000e+02 -4.301179244364e+03 -4.408728476930e-14 5.542562584220e+02 -3.600000000000e+02 -1.612942216636e+03 -1.224646799147e-16 0.000000000000e+00 -1.000000000000e+00 -4.480395046212e+00
P1: -9.600000000000e+02 0.000000000000e+00 5.542562584220e+02 2.483728586761e+02 -3.600000000000e+02 5.542562584220e+02 2.204364238465e-14 -3.724765951270e+02 -1.000000000000e+00 0.000000000000e+00 6.123233995737e-17 -1.034657208686e+00
P2: 5.542562584220e+02 0.000000000000e+00 9.600000000000e+02 0.000000000000e+00 0.000000000000e+00 5.542562584220e+02 3.600000000000e+02 0.000000000000e+00 0.000000000000e+00 0.000000000000e+00 1.000000000000e+00 0.000000000000e+00
P3: 5.542562584220e+02 0.000000000000e+00 9.600000000000e+02 -4.434050758681e+02 0.000000000000e+00 5.542562584220e+02 3.600000000000e+02 0.000000000000e+00 0.000000000000e+00 0.000000000000e+00 1.000000000000e+00 0.000000000000e+00
P4: 9.600000000000e+02 0.000000000000e+00 -5.542562584220e+02 -2.234913080044e+03 3.600000000000e+02 5.542562584220e+02 2.204364238465e-14 -3.724769919630e+02 1.000000000000e+00 0.000000000000e+00 6.123233995737e-17 -1.034658311008e+00
P5: 5.542562584220e+02 9.600000000000e+02 5.878304635907e-14 2.399976608276e+04 0.000000000000e+00 9.600000000000e+02 -5.542562584220e+02 2.399976608276e+04 0.000000000000e+00 1.000000000000e+00 6.123233995737e-17 2.499975633621e+01
R0_rect: 1.000000000000e+00 0.000000000000e+00 0.000000000000e+00 0.000000000000e+00 1.000000000000e+00 0.000000000000e+00 0.000000000000e+00 0.000000000000e+00 1.000000000000e+00
Tr_velo_to_p2: 0.000000000000e+00 -1.000000000000e+00 0.000000000000e+00 5.275735963931e-06 0.000000000000e+00 0.000000000000e+00 -1.000000000000e+00 -5.000000013813e-01 1.000000000000e+00 0.000000000000e+00 0.000000000000e+00 -2.240213979604e+00
imu_to_world: -1.519965863399e-02 -9.998844730144e-01 -1.048905929241e-04 -5.420443344116e+01 9.998747784548e-01 -1.519997317124e-02 4.403206278206e-03 6.582789611816e+01 -4.404291923256e-03 -3.795022603824e-05 9.999903003392e-01 6.038799136877e-02
p2_to_world: -9.998844730144e-01 1.048905929241e-04 -1.519965863399e-02 -5.423869323730e+01 -1.519997317124e-02 -4.403206278206e-03 9.998747784548e-01 6.807680511475e+01 -3.795022603824e-05 -9.999903003392e-01 -4.404291923256e-03 2.088292598724e+00
