P0: -5.542562584220e+02 0.000000000000e+00 -9.600000000000e+02 -4.301101744462e+03 -4.408728476930e-14 5.542562584220e+02 -3.600000000000e+02 -1.612913154173e+03 -1.224646799147e-16 0.000000000000e+00 -1.000000000000e+00 -4.480314317147e+00
P1: -9.600000000000e+02 0.000000000000e+00 5.542562584220e+02 2.483468839247e+02 -3.600000000000e+02 5.542562584220e+02 2.204364238465e-14 -3.724765968016e+02 -1.000000000000e+00 0.000000000000e+00 6.123233995737e-17 -1.034657213338e+00
P2: 5.542562584220e+02 0.000000000000e+00 9.600000000000e+02 0.000000000000e+00 0.000000000000e+00 5.542562584220e+02 3.600000000000e+02 0.000000000000e+00 0.000000000000e+00 0.000000000000e+00 1.000000000000e+00 0.000000000000e+00
P3: 5.542562584220e+02 0.000000000000e+00 9.600000000000e+02 -4.434045904010e+02 0.000000000000e+00 5.542562584220e+02 3.600000000000e+02 0.000000000000e+00 0.000000000000e+00 0.000000000000e+00 1.000000000000e+00 0.000000000000e+00
P4: 9.600000000000e+02 0.000000000000e+00 -5.542562584220e+02 -2.234895130728e+03 3.600000000000e+02 5.542562584220e+02 2.204364238465e-14 -3.724761121202e+02 1.000000000000e+00 0.000000000000e+00 6.123233995737e-17 -1.034655867001e+00
P5: 5.542562584220e+02 9.600000000000e+02 5.878304635907e-14 2.399933944702e+04 0.000000000000e+00 9.600000000000e+02 -5.542562584220e+02 2.399933944702e+04 0.000000000000e+00 1.000000000000e+00 6.123233995737e-17 2.499931192398e+01
R0_rect: 1.000000000000e+00 0.000000000000e+00 0.000000000000e+00 0.000000000000e+00 1.000000000000e+00 0.000000000000e+00 0.000000000000e+00 0.000000000000e+00 1.000000000000e+00
Tr_velo_to_p2: 0.000000000000e+00 -1.000000000000e+00 0.000000000000e+00 -1.525508428157e-06 0.000000000000e+00 0.000000000000e+00 -1.000000000000e+00 -5.000001472482e-01 1.000000000000e+00 0.000000000000e+00 0.000000000000e+00 -2.240218995065e+00
imu_to_world: -1.665761915556e-04 -9.999997618893e-01 6.696818725669e-04 -5.389457702637e+01 9.999727689404e-01 -1.715124765499e-04 -7.377801914507e-03 3.325667572021e+01 7.377915016569e-03 6.684346702750e-04 9.999725594061e-01 5.542045459151e-02
p2_to_world: -9.999997618893e-01 -6.696818725669e-04 -1.665761915556e-04 -5.389358901978e+01 -1.715124765499e-04 7.377801914507e-03 9.999727689404e-01 3.548180007935e+01 6.684346702750e-04 -9.999725594061e-01 7.377915016569e-03 2.109683513641e+00
