P0: -5.542562584220e+02 0.000000000000e+00 -9.600000000000e+02 -4.301186053940e+03 -4.408728476930e-14 5.542562584220e+02 -3.600000000000e+02 -1.612944770228e+03 -1.224646799147e-16 0.000000000000e+00 -1.000000000000e+00 -4.480402139521e+00
P1: -9.600000000000e+02 0.000000000000e+00 5.542562584220e+02 2.483749915865e+02 -3.600000000000e+02 5.542562584220e+02 2.204364238465e-14 -3.724760927032e+02 -1.000000000000e+00 0.000000000000e+00 6.123233995737e-17 -1.034655813065e+00
P2: 5.542562584220e+02 0.000000000000e+00 9.600000000000e+02 0.000000000000e+00 0.000000000000e+00 5.542562584220e+02 3.600000000000e+02 0.000000000000e+00 0.000000000000e+00 0.000000000000e+00 1.000000000000e+00 0.000000000000e+00
P3: 5.542562584220e+02 0.000000000000e+00 9.600000000000e+02 -4.434061132875e+02 0.000000000000e+00 5.542562584220e+02 3.600000000000e+02 0.000000000000e+00 0.000000000000e+00 0.000000000000e+00 1.000000000000e+00 0.000000000000e+00
P4: 9.600000000000e+02 0.000000000000e+00 -5.542562584220e+02 -2.234915633482e+03 3.600000000000e+02 5.542562584220e+02 2.204364238465e-14 -3.724767726393e+02 1.000000000000e+00 0.000000000000e+00 6.123233995737e-17 -1.034657701776e+00
P5: 5.542562584220e+02 9.600000000000e+02 5.878304635907e-14 2.399983543396e+04 0.000000000000e+00 9.600000000000e+02 -5.542562584220e+02 2.399983543396e+04 0.000000000000e+00 1.000000000000e+00 6.123233995737e-17 2.499982857704e+01
R0_rect: 1.000000000000e+00 0.000000000000e+00 0.000000000000e+00 0.000000000000e+00 1.000000000000e+00 0.000000000000e+00 0.000000000000e+00 0.000000000000e+00 1.000000000000e+00
Tr_velo_to_p2: 0.000000000000e+00 -1.000000000000e+00 0.000000000000e+00 1.594455141241e-06 0.000000000000e+00 0.000000000000e+00 -1.000000000000e+00 -4.999994837205e-01 1.000000000000e+00 0.000000000000e+00 0.000000000000e+00 -2.240215090060e+00
imu_to_world: -1.185550205186e-02 -9.999297187958e-01 -6.738040127957e-05 -5.410850906372e+01 9.999229098901e-01 -1.185566998591e-02 3.690171561400e-03 5.906507110596e+01 -3.690711051500e-03 -2.362637039912e-05 9.999931890237e-01 6.026534736156e-02
p2_to_world: -9.999297187958e-01 6.738040127957e-05 -1.185550205186e-02 -5.413520431519e+01 -1.185566998591e-02 -3.690171561400e-03 9.999229098901e-01 6.131263351440e+01 -2.362637039912e-05 -9.999931890237e-01 -3.690711051500e-03 2.089774847031e+00
