P0: -5.542562584220e+02 0.000000000000e+00 -9.600000000000e+02 -4.301216669914e+03 -4.408728476930e-14 5.542562584220e+02 -3.600000000000e+02 -1.612956251218e+03 -1.224646799147e-16 0.000000000000e+00 -1.000000000000e+00 -4.480434031160e+00
P1: -9.600000000000e+02 0.000000000000e+00 5.542562584220e+02 2.483816717590e+02 -3.600000000000e+02 5.542562584220e+02 2.204364238465e-14 -3.724769434416e+02 -1.000000000000e+00 0.000000000000e+00 6.123233995737e-17 -1.034658176227e+00
P2: 5.542562584220e+02 0.000000000000e+00 9.600000000000e+02 0.000000000000e+00 0.000000000000e+00 5.542562584220e+02 3.600000000000e+02 0.000000000000e+00 0.000000000000e+00 0.000000000000e+00 1.000000000000e+00 0.000000000000e+00
P3: 5.542562584220e+02 0.000000000000e+00 9.600000000000e+02 -4.434051290750e+02 0.000000000000e+00 5.542562584220e+02 3.600000000000e+02 0.000000000000e+00 0.000000000000e+00 0.000000000000e+00 1.000000000000e+00 0.000000000000e+00
P4: 9.600000000000e+02 0.000000000000e+00 -5.542562584220e+02 -2.234926796145e+03 3.600000000000e+02 5.542562584220e+02 2.204364238465e-14 -3.724769038203e+02 1.000000000000e+00 0.000000000000e+00 6.123233995737e-17 -1.034658066167e+00
P5: 5.542562584220e+02 9.600000000000e+02 5.878304635907e-14 2.399998237610e+04 0.000000000000e+00 9.600000000000e+02 -5.542562584220e+02 2.399998237610e+04 0.000000000000e+00 1.000000000000e+00 6.123233995737e-17 2.499998164177e+01
R0_rect: 1.000000000000e+00 0.000000000000e+00 0.000000000000e+00 0.000000000000e+00 1.000000000000e+00 0.000000000000e+00 0.000000000000e+00 0.000000000000e+00 1.000000000000e+00
Tr_velo_to_p2: 0.000000000000e+00 -1.000000000000e+00 0.000000000000e+00 -1.391130620581e-06 0.000000000000e+00 0.000000000000e+00 -1.000000000000e+00 -4.999996915259e-01 1.000000000000e+00 0.000000000000e+00 0.000000000000e+00 -2.240217706356e+00
imu_to_world: -1.355360241473e-02 -9.999081447167e-01 -4.461816045106e-05 -5.415981674194e+01 9.999075706313e-01 -1.355354674851e-02 -1.073109826764e-03 6.290745544434e+01 1.072406521633e-03 -5.915854036196e-05 9.999994232221e-01 5.800102278590e-02
p2_to_world: -9.999081447167e-01 4.461816045106e-05 -1.355360241473e-02 -5.419027328491e+01 -1.355354674851e-02 1.073109826764e-03 9.999075706313e-01 6.514527893066e+01 -5.915854036196e-05 -9.999994232221e-01 1.072406521633e-03 2.098193407059e+00
