P0: -5.542562584220e+02 0.000000000000e+00 -9.600000000000e+02 -4.301025134833e+03 -4.408728476930e-14 5.542562584220e+02 -3.600000000000e+02 -1.612884425562e+03 -1.224646799147e-16 0.000000000000e+00 -1.000000000000e+00 -4.480234515451e+00
P1: -9.600000000000e+02 0.000000000000e+00 5.542562584220e+02 2.483274077747e+02 -3.600000000000e+02 5.542562584220e+02 2.204364238465e-14 -3.724764282992e+02 -1.000000000000e+00 0.000000000000e+00 6.123233995737e-17 -1.034656745276e+00
P2: 5.542562584220e+02 0.000000000000e+00 9.600000000000e+02 0.000000000000e+00 0.000000000000e+00 5.542562584220e+02 3.600000000000e+02 0.000000000000e+00 0.000000000000e+00 0.000000000000e+00 1.000000000000e+00 0.000000000000e+00
P3: 5.542562584220e+02 0.000000000000e+00 9.600000000000e+02 -4.434027893514e+02 0.000000000000e+00 5.542562584220e+02 3.600000000000e+02 0.000000000000e+00 0.000000000000e+00 0.000000000000e+00 1.000000000000e+00 0.000000000000e+00
P4: 9.600000000000e+02 0.000000000000e+00 -5.542562584220e+02 -2.234872588251e+03 3.600000000000e+02 5.542562584220e+02 2.204364238465e-14 -3.724763766996e+02 1.000000000000e+00 0.000000000000e+00 6.123233995737e-17 -1.034656601943e+00
P5: 5.542562584220e+02 9.600000000000e+02 5.878304635907e-14 2.399891784668e+04 0.000000000000e+00 9.600000000000e+02 -5.542562584220e+02 2.399891784668e+04 0.000000000000e+00 1.000000000000e+00 6.123233995737e-17 2.499887275696e+01
R0_rect: 1.000000000000e+00 0.000000000000e+00 0.000000000000e+00 0.000000000000e+00 1.000000000000e+00 0.000000000000e+00 0.000000000000e+00 0.000000000000e+00 1.000000000000e+00
Tr_velo_to_p2: 0.000000000000e+00 -1.000000000000e+00 0.000000000000e+00 1.837134406459e-06 0.000000000000e+00 0.000000000000e+00 -1.000000000000e+00 -5.000000660940e-01 1.000000000000e+00 0.000000000000e+00 0.000000000000e+00 -2.240219674099e+00
imu_to_world: -8.811224304611e-03 -9.999610824982e-01 4.425101746528e-04 -5.395834350586e+01 9.999162471999e-01 -8.815022610639e-03 -9.475967599631e-03 4.526284027100e+01 9.479499555840e-03 3.589782371630e-04 9.999550040991e-01 5.453479662538e-02
p2_to_world: -9.999610824982e-01 -4.425101746528e-04 -8.811224304611e-03 -5.397718048096e+01 -8.815022610639e-03 9.475967599631e-03 9.999162471999e-01 4.748356246948e+01 3.589782371630e-04 -9.999550040991e-01 9.479499555840e-03 2.113470077515e+00
