P0: -5.542562584220e+02 0.000000000000e+00 -9.600000000000e+02 -4.301009641966e+03 -4.408728476930e-14 5.542562584220e+02 -3.600000000000e+02 -1.612878615737e+03 -1.224646799147e-16 0.000000000000e+00 -1.000000000000e+00 -4.480218377047e+00
P1: -9.600000000000e+02 0.000000000000e+00 5.542562584220e+02 2.483175922160e+02 -3.600000000000e+02 5.542562584220e+02 2.204364238465e-14 -3.724781515321e+02 -1.000000000000e+00 0.000000000000e+00 6.123233995737e-17 -1.034661532034e+00
P2: 5.542562584220e+02 0.000000000000e+00 9.600000000000e+02 0.000000000000e+00 0.000000000000e+00 5.542562584220e+02 3.600000000000e+02 0.000000000000e+00 0.000000000000e+00 0.000000000000e+00 1.000000000000e+00 0.000000000000e+00
P3: 5.542562584220e+02 0.000000000000e+00 9.600000000000e+02 -4.434057392989e+02 0.000000000000e+00 5.542562584220e+02 3.600000000000e+02 0.000000000000e+00 0.000000000000e+00 0.000000000000e+00 1.000000000000e+00 0.000000000000e+00
P4: 9.600000000000e+02 0.000000000000e+00 -5.542562584220e+02 -2.234870138273e+03 3.600000000000e+02 5.542562584220e+02 2.204364238465e-14 -3.724768471072e+02 1.000000000000e+00 0.000000000000e+00 6.123233995737e-17 -1.034657908631e+00
P5: 5.542562584220e+02 9.600000000000e+02 5.878304635907e-14 2.399882537842e+04 0.000000000000e+00 9.600000000000e+02 -5.542562584220e+02 2.399882537842e+04 0.000000000000e+00 1.000000000000e+00 6.123233995737e-17 2.499877643585e+01
R0_rect: 1.000000000000e+00 0.000000000000e+00 0.000000000000e+00 0.000000000000e+00 1.000000000000e+00 0.000000000000e+00 0.000000000000e+00 0.000000000000e+00 1.000000000000e+00
Tr_velo_to_p2: 0.000000000000e+00 -1.000000000000e+00 0.000000000000e+00 -9.769004842724e-07 0.000000000000e+00 0.000000000000e+00 -1.000000000000e+00 -4.999997644697e-01 1.000000000000e+00 0.000000000000e+00 0.000000000000e+00 -2.240218526669e+00
imu_to_world: -9.532441735640e-03 -9.999544579237e-01 4.632849974421e-04 -5.397597885132e+01 9.999057520415e-01 -9.536553175849e-03 -9.876294238220e-03 4.715135574341e+01 9.880262593288e-03 3.690961343870e-04 9.999511208950e-01 5.433231219649e-02
p2_to_world: -9.999544579237e-01 -4.632849974421e-04 -9.532441735640e-03 -5.399639129639e+01 -9.536553175849e-03 9.876294238220e-03 9.999057520415e-01 4.937123870850e+01 3.690961343870e-04 -9.999511208950e-01 9.880262593288e-03 2.114157676697e+00
