P0: -5.542562584220e+02 0.000000000000e+00 -9.600000000000e+02 -4.301095595254e+03 -4.408728476930e-14 5.542562584220e+02 -3.600000000000e+02 -1.612910848220e+03 -1.224646799147e-16 0.000000000000e+00 -1.000000000000e+00 -4.480307911722e+00
P1: -9.600000000000e+02 0.000000000000e+00 5.542562584220e+02 2.483427650618e+02 -3.600000000000e+02 5.542562584220e+02 2.204364238465e-14 -3.724774403250e+02 -1.000000000000e+00 0.000000000000e+00 6.123233995737e-17 -1.034659556458e+00
P2: 5.542562584220e+02 0.000000000000e+00 9.600000000000e+02 0.000000000000e+00 0.000000000000e+00 5.542562584220e+02 3.600000000000e+02 0.000000000000e+00 0.000000000000e+00 0.000000000000e+00 1.000000000000e+00 0.000000000000e+00
P3: 5.542562584220e+02 0.000000000000e+00 9.600000000000e+02 -4.434047097086e+02 0.000000000000e+00 5.542562584220e+02 3.600000000000e+02 0.000000000000e+00 0.000000000000e+00 0.000000000000e+00 1.000000000000e+00 0.000000000000e+00
P4: 9.600000000000e+02 0.000000000000e+00 -5.542562584220e+02 -2.234889621080e+03 3.600000000000e+02 5.542562584220e+02 2.204364238465e-14 -3.724754691644e+02 1.000000000000e+00 0.000000000000e+00 6.123233995737e-17 -1.034654081012e+00
P5: 5.542562584220e+02 9.600000000000e+02 5.878304635907e-14 2.399929046631e+04 0.000000000000e+00 9.600000000000e+02 -5.542562584220e+02 2.399929046631e+04 0.000000000000e+00 1.000000000000e+00 6.123233995737e-17 2.499926090240e+01
R0_rect: 1.000000000000e+00 0.000000000000e+00 0.000000000000e+00 0.000000000000e+00 1.000000000000e+00 0.000000000000e+00 0.000000000000e+00 0.000000000000e+00 1.000000000000e+00
Tr_velo_to_p2: 0.000000000000e+00 -1.000000000000e+00 0.000000000000e+00 -3.290605762221e-06 0.000000000000e+00 0.000000000000e+00 -1.000000000000e+00 -5.000000125790e-01 1.000000000000e+00 0.000000000000e+00 0.000000000000e+00 -2.240219486600e+00
imu_to_world: 7.589785599140e-04 -9.999994769925e-01 6.855408357382e-04 -5.389427566528e+01 9.999703603736e-01 7.537036627080e-04 -7.662265008667e-03 3.230867767334e+01 7.661744306606e-03 6.913360114259e-04 9.999704094265e-01 5.529758334160e-02
p2_to_world: -9.999994769925e-01 -6.855408357382e-04 7.589785599140e-04 -5.389118194580e+01 7.537036627080e-04 7.662265008667e-03 9.999703603736e-01 3.453321838379e+01 6.913360114259e-04 -9.999704094265e-01 7.661744306606e-03 2.110192298889e+00
