P0: -5.542562584220e+02 0.000000000000e+00 -9.600000000000e+02 -4.301082257653e+03 -4.408728476930e-14 5.542562584220e+02 -3.600000000000e+02 -1.612905846620e+03 -1.224646799147e-16 0.000000000000e+00 -1.000000000000e+00 -4.480294018388e+00
P1: -9.600000000000e+02 0.000000000000e+00 5.542562584220e+02 2.483417413716e+02 -3.600000000000e+02 5.542562584220e+02 2.204364238465e-14 -3.724773709490e+02 -1.000000000000e+00 0.000000000000e+00 6.123233995737e-17 -1.034659363747e+00
P2: 5.542562584220e+02 0.000000000000e+00 9.600000000000e+02 0.000000000000e+00 0.000000000000e+00 5.542562584220e+02 3.600000000000e+02 0.000000000000e+00 0.000000000000e+00 0.000000000000e+00 1.000000000000e+00 0.000000000000e+00
P3: 5.542562584220e+02 0.000000000000e+00 9.600000000000e+02 -4.434026567147e+02 0.000000000000e+00 5.542562584220e+02 3.600000000000e+02 0.000000000000e+00 0.000000000000e+00 0.000000000000e+00 1.000000000000e+00 0.000000000000e+00
P4: 9.600000000000e+02 0.000000000000e+00 -5.542562584220e+02 -2.234885986950e+03 3.600000000000e+02 5.542562584220e+02 2.204364238465e-14 -3.724761443461e+02 1.000000000000e+00 0.000000000000e+00 6.123233995737e-17 -1.034655956517e+00
P5: 5.542562584220e+02 9.600000000000e+02 5.878304635907e-14 2.399926139832e+04 0.000000000000e+00 9.600000000000e+02 -5.542562584220e+02 2.399926139832e+04 0.000000000000e+00 1.000000000000e+00 6.123233995737e-17 2.499923062325e+01
R0_rect: 1.000000000000e+00 0.000000000000e+00 0.000000000000e+00 0.000000000000e+00 1.000000000000e+00 0.000000000000e+00 0.000000000000e+00 0.000000000000e+00 1.000000000000e+00
Tr_velo_to_p2: 0.000000000000e+00 -1.000000000000e+00 0.000000000000e+00 -3.433629145750e-06 0.000000000000e+00 0.000000000000e+00 -1.000000000000e+00 -4.999997650017e-01 1.000000000000e+00 0.000000000000e+00 0.000000000000e+00 -2.240218336262e+00
imu_to_world: -1.418548167250e-02 -9.998993731039e-01 -1.256034018455e-04 -5.417806625366e+01 9.998686926186e-01 -1.418603034707e-02 7.832883519169e-03 6.414611816406e+01 -7.833877134083e-03 -1.447368358766e-05 9.999693146090e-01 6.188148260117e-02
p2_to_world: -9.998993731039e-01 1.256034018455e-04 -1.418548167250e-02 -5.421010208130e+01 -1.418603034707e-02 -7.832883519169e-03 9.998686926186e-01 6.640200042725e+01 -1.447368358766e-05 -9.999693146090e-01 -7.833877134083e-03 2.082060575485e+00
