P0: -5.542562584220e+02 0.000000000000e+00 -9.600000000000e+02 -4.301191554025e+03 -4.408728476930e-14 5.542562584220e+02 -3.600000000000e+02 -1.612946832759e+03 -1.224646799147e-16 0.000000000000e+00 -1.000000000000e+00 -4.480407868776e+00
P1: -9.600000000000e+02 0.000000000000e+00 5.542562584220e+02 2.483759379106e+02 -3.600000000000e+02 5.542562584220e+02 2.204364238465e-14 -3.724763149599e+02 -1.000000000000e+00 0.000000000000e+00 6.123233995737e-17 -1.034656430444e+00
P2: 5.542562584220e+02 0.000000000000e+00 9.600000000000e+02 0.000000000000e+00 0.000000000000e+00 5.542562584220e+02 3.600000000000e+02 0.000000000000e+00 0.000000000000e+00 0.000000000000e+00 1.000000000000e+00 0.000000000000e+00
P3: 5.542562584220e+02 0.000000000000e+00 9.600000000000e+02 -4.434047541815e+02 0.000000000000e+00 5.542562584220e+02 3.600000000000e+02 0.000000000000e+00 0.000000000000e+00 0.000000000000e+00 1.000000000000e+00 0.000000000000e+00
P4: 9.600000000000e+02 0.000000000000e+00 -5.542562584220e+02 -2.234914749003e+03 3.600000000000e+02 5.542562584220e+02 2.204364238465e-14 -3.724758174617e+02 1.000000000000e+00 0.000000000000e+00 6.123233995737e-17 -1.034655048505e+00
P5: 5.542562584220e+02 9.600000000000e+02 5.878304635907e-14 2.399983062744e+04 0.000000000000e+00 9.600000000000e+02 -5.542562584220e+02 2.399983062744e+04 0.000000000000e+00 1.000000000000e+00 6.123233995737e-17 2.499982357025e+01
R0_rect: 1.000000000000e+00 0.000000000000e+00 0.000000000000e+00 0.000000000000e+00 1.000000000000e+00 0.000000000000e+00 0.000000000000e+00 0.000000000000e+00 1.000000000000e+00
Tr_velo_to_p2: 0.000000000000e+00 -1.000000000000e+00 0.000000000000e+00 -1.751059213323e-07 0.000000000000e+00 0.000000000000e+00 -1.000000000000e+00 -5.000003131238e-01 1.000000000000e+00 0.000000000000e+00 0.000000000000e+00 -2.240217593733e+00
imu_to_world: -1.238263010809e-02 -9.999233312959e-01 -4.474114258702e-05 -5.412877655029e+01 9.999163296711e-01 -1.238271083451e-02 3.741941926481e-03 6.067776107788e+01 -3.742209053274e-03 1.597683680663e-06 9.999929979099e-01 6.026481464505e-02
p2_to_world: -9.999233312959e-01 4.474114258702e-05 -1.238263010809e-02 -5.415660858154e+01 -1.238271083451e-02 -3.741941926481e-03 9.999163296711e-01 6.292541885376e+01 1.597683680663e-06 -9.999929979099e-01 -3.742209053274e-03 2.089657783508e+00
