P0: -5.542562584220e+02 0.000000000000e+00 -9.600000000000e+02 -4.301228238805e+03 -4.408728476930e-14 5.542562584220e+02 -3.600000000000e+02 -1.612960589552e+03 -1.224646799147e-16 0.000000000000e+00 -1.000000000000e+00 -4.480446082089e+00
P1: -9.600000000000e+02 0.000000000000e+00 5.542562584220e+02 2.483862378313e+02 -3.600000000000e+02 5.542562584220e+02 2.204364238465e-14 -3.724777587957e+02 -1.000000000000e+00 0.000000000000e+00 6.123233995737e-17 -1.034660441099e+00
P2: 5.542562584220e+02 0.000000000000e+00 9.600000000000e+02 0.000000000000e+00 0.000000000000e+00 5.542562584220e+02 3.600000000000e+02 0.000000000000e+00 0.000000000000e+00 0.000000000000e+00 1.000000000000e+00 0.000000000000e+00
P3: 5.542562584220e+02 0.000000000000e+00 9.600000000000e+02 -4.434052688750e+02 0.000000000000e+00 5.542562584220e+02 3.600000000000e+02 0.000000000000e+00 0.000000000000e+00 0.000000000000e+00 1.000000000000e+00 0.000000000000e+00
P4: 9.600000000000e+02 0.000000000000e+00 -5.542562584220e+02 -2.234928824364e+03 3.600000000000e+02 5.542562584220e+02 2.204364238465e-14 -3.724760789249e+02 1.000000000000e+00 0.000000000000e+00 6.123233995737e-17 -1.034655774791e+00
P5: 5.542562584220e+02 9.600000000000e+02 5.878304635907e-14 2.399999908447e+04 0.000000000000e+00 9.600000000000e+02 -5.542562584220e+02 2.399999908447e+04 0.000000000000e+00 1.000000000000e+00 6.123233995737e-17 2.499999904633e+01
R0_rect: 1.000000000000e+00 0.000000000000e+00 0.000000000000e+00 0.000000000000e+00 1.000000000000e+00 0.000000000000e+00 0.000000000000e+00 0.000000000000e+00 1.000000000000e+00
Tr_velo_to_p2: 0.000000000000e+00 -1.000000000000e+00 0.000000000000e+00 -4.501531429438e-06 0.000000000000e+00 0.000000000000e+00 -1.000000000000e+00 -5.000000856384e-01 1.000000000000e+00 0.000000000000e+00 0.000000000000e+00 -2.240226706151e+00
imu_to_world: -1.522044312201e-02 -9.998841623410e-01 3.298766088474e-06 -5.425969696045e+01 9.998841593992e-01 -1.522044333037e-02 -7.672945867458e-05 6.939047241211e+01 7.677077919601e-05 2.130527595889e-06 9.999999970509e-01 5.843551456928e-02
p2_to_world: -9.998841623410e-01 -3.298766088474e-06 -1.522044312201e-02 -5.429378890991e+01 -1.522044333037e-02 7.672945867458e-05 9.998841593992e-01 7.163027954102e+01 2.130527595889e-06 -9.999999970509e-01 7.677077919601e-05 2.096398353577e+00
