P0: -5.542562584220e+02 0.000000000000e+00 -9.600000000000e+02 -4.301221370026e+03 -4.408728476930e-14 5.542562584220e+02 -3.600000000000e+02 -1.612958013760e+03 -1.224646799147e-16 0.000000000000e+00 -1.000000000000e+00 -4.480438927110e+00
P1: -9.600000000000e+02 0.000000000000e+00 5.542562584220e+02 2.483834262510e+02 -3.600000000000e+02 5.542562584220e+02 2.204364238465e-14 -3.724765253742e+02 -1.000000000000e+00 0.000000000000e+00 6.123233995737e-17 -1.034657014928e+00
P2: 5.542562584220e+02 0.000000000000e+00 9.600000000000e+02 0.000000000000e+00 0.000000000000e+00 5.542562584220e+02 3.600000000000e+02 0.000000000000e+00 0.000000000000e+00 0.000000000000e+00 1.000000000000e+00 0.000000000000e+00
P3: 5.542562584220e+02 0.000000000000e+00 9.600000000000e+02 -4.434038656932e+02 0.000000000000e+00 5.542562584220e+02 3.600000000000e+02 0.000000000000e+00 0.000000000000e+00 0.000000000000e+00 1.000000000000e+00 0.000000000000e+00
P4: 9.600000000000e+02 0.000000000000e+00 -5.542562584220e+02 -2.234925646832e+03 3.600000000000e+02 5.542562584220e+02 2.204364238465e-14 -3.724772820594e+02 1.000000000000e+00 0.000000000000e+00 6.123233995737e-17 -1.034659116832e+00
P5: 5.542562584220e+02 9.600000000000e+02 5.878304635907e-14 2.399999656677e+04 0.000000000000e+00 9.600000000000e+02 -5.542562584220e+02 2.399999656677e+04 0.000000000000e+00 1.000000000000e+00 6.123233995737e-17 2.499999642372e+01
R0_rect: 1.000000000000e+00 0.000000000000e+00 0.000000000000e+00 0.000000000000e+00 1.000000000000e+00 0.000000000000e+00 0.000000000000e+00 0.000000000000e+00 1.000000000000e+00
Tr_velo_to_p2: 0.000000000000e+00 -1.000000000000e+00 0.000000000000e+00 6.154570169236e-07 0.000000000000e+00 0.000000000000e+00 -1.000000000000e+00 -5.000001636925e-01 1.000000000000e+00 0.000000000000e+00 0.000000000000e+00 -2.240220305908e+00
imu_to_world: -1.533867333513e-02 -9.998823555756e-01 1.043115574131e-05 -5.425808334351e+01 9.998823308333e-01 -1.533867063051e-02 2.228691531096e-04 6.928855133057e+01 -2.226829337342e-04 1.384844545194e-05 9.999999751103e-01 5.856540426612e-02
p2_to_world: -9.998823555756e-01 -1.043115574131e-05 -1.533867333513e-02 -5.429242706299e+01 -1.533867063051e-02 -2.228691531096e-04 9.998823308333e-01 7.152896118164e+01 1.384844545194e-05 -9.999999751103e-01 -2.226829337342e-04 2.095857381821e+00
