P0: -5.542562584220e+02 0.000000000000e+00 -9.600000000000e+02 -4.301210794966e+03 -4.408728476930e-14 5.542562584220e+02 -3.600000000000e+02 -1.612954048112e+03 -1.224646799147e-16 0.000000000000e+00 -1.000000000000e+00 -4.480427911422e+00
P1: -9.600000000000e+02 0.000000000000e+00 5.542562584220e+02 2.483788219806e+02 -3.600000000000e+02 5.542562584220e+02 2.204364238465e-14 -3.724764926331e+02 -1.000000000000e+00 0.000000000000e+00 6.123233995737e-17 -1.034656923981e+00
P2: 5.542562584220e+02 0.000000000000e+00 9.600000000000e+02 0.000000000000e+00 0.000000000000e+00 5.542562584220e+02 3.600000000000e+02 0.000000000000e+00 0.000000000000e+00 0.000000000000e+00 1.000000000000e+00 0.000000000000e+00
P3: 5.542562584220e+02 0.000000000000e+00 9.600000000000e+02 -4.434047763514e+02 0.000000000000e+00 5.542562584220e+02 3.600000000000e+02 0.000000000000e+00 0.000000000000e+00 0.000000000000e+00 1.000000000000e+00 0.000000000000e+00
P4: 9.600000000000e+02 0.000000000000e+00 -5.542562584220e+02 -2.234924080123e+03 3.600000000000e+02 5.542562584220e+02 2.204364238465e-14 -3.724772126192e+02 1.000000000000e+00 0.000000000000e+00 6.123233995737e-17 -1.034658923942e+00
P5: 5.542562584220e+02 9.600000000000e+02 5.878304635907e-14 2.399995834351e+04 0.000000000000e+00 9.600000000000e+02 -5.542562584220e+02 2.399995834351e+04 0.000000000000e+00 1.000000000000e+00 6.123233995737e-17 2.499995660782e+01
R0_rect: 1.000000000000e+00 0.000000000000e+00 0.000000000000e+00 0.000000000000e+00 1.000000000000e+00 0.000000000000e+00 0.000000000000e+00 0.000000000000e+00 1.000000000000e+00
Tr_velo_to_p2: 0.000000000000e+00 -1.000000000000e+00 0.000000000000e+00 1.059785016634e-06 0.000000000000e+00 0.000000000000e+00 -1.000000000000e+00 -5.000001216821e-01 1.000000000000e+00 0.000000000000e+00 0.000000000000e+00 -2.240214892162e+00
imu_to_world: -1.483803089765e-02 -9.998899100006e-01 2.679588451588e-05 -5.422581863403e+01 9.998881894080e-01 -1.483795563308e-02 1.855735698740e-03 6.718104553223e+01 -1.855133804652e-03 5.432835208794e-05 9.999982777620e-01 5.925601720810e-02
p2_to_world: -9.998899100006e-01 -2.679588451588e-05 -1.483803089765e-02 -5.425900268555e+01 -1.483795563308e-02 -1.855735698740e-03 9.998881894080e-01 6.942479705811e+01 5.432835208794e-05 -9.999982777620e-01 -1.855133804652e-03 2.092887401581e+00
