P0: -5.542562584220e+02 0.000000000000e+00 -9.600000000000e+02 -4.301220859696e+03 -4.408728476930e-14 5.542562584220e+02 -3.600000000000e+02 -1.612957822386e+03 -1.224646799147e-16 0.000000000000e+00 -1.000000000000e+00 -4.480438395516e+00
P1: -9.600000000000e+02 0.000000000000e+00 5.542562584220e+02 2.483855277079e+02 -3.600000000000e+02 5.542562584220e+02 2.204364238465e-14 -3.724764274680e+02 -1.000000000000e+00 0.000000000000e+00 6.123233995737e-17 -1.034656742967e+00
P2: 5.542562584220e+02 0.000000000000e+00 9.600000000000e+02 0.000000000000e+00 0.000000000000e+00 5.542562584220e+02 3.600000000000e+02 0.000000000000e+00 0.000000000000e+00 0.000000000000e+00 1.000000000000e+00 0.000000000000e+00
P3: 5.542562584220e+02 0.000000000000e+00 9.600000000000e+02 -4.434052045133e+02 0.000000000000e+00 5.542562584220e+02 3.600000000000e+02 0.000000000000e+00 0.000000000000e+00 0.000000000000e+00 1.000000000000e+00 0.000000000000e+00
P4: 9.600000000000e+02 0.000000000000e+00 -5.542562584220e+02 -2.234928114241e+03 3.600000000000e+02 5.542562584220e+02 2.204364238465e-14 -3.724774102527e+02 1.000000000000e+00 0.000000000000e+00 6.123233995737e-17 -1.034659472924e+00
P5: 5.542562584220e+02 9.600000000000e+02 5.878304635907e-14 2.399999839783e+04 0.000000000000e+00 9.600000000000e+02 -5.542562584220e+02 2.399999839783e+04 0.000000000000e+00 1.000000000000e+00 6.123233995737e-17 2.499999833107e+01
R0_rect: 1.000000000000e+00 0.000000000000e+00 0.000000000000e+00 0.000000000000e+00 1.000000000000e+00 0.000000000000e+00 0.000000000000e+00 0.000000000000e+00 1.000000000000e+00
Tr_velo_to_p2: 0.000000000000e+00 -1.000000000000e+00 0.000000000000e+00 1.154689061491e-06 0.000000000000e+00 0.000000000000e+00 -1.000000000000e+00 -4.999997229637e-01 1.000000000000e+00 0.000000000000e+00 0.000000000000e+00 -2.240220270646e+00
imu_to_world: -1.522044316683e-02 -9.998841623456e-01 -4.531904212163e-07 -5.425969696045e+01 9.998841623434e-01 -1.522044316776e-02 2.139117125356e-06 6.939043426514e+01 -2.145767094096e-06 -4.205796140662e-07 9.999999999976e-01 5.846965685487e-02
p2_to_world: -9.998841623456e-01 4.531904212163e-07 -1.522044316683e-02 -5.429379272461e+01 -1.522044316776e-02 -2.139117125356e-06 9.998841623434e-01 7.163039398193e+01 -4.205796140662e-07 -9.999999999976e-01 -2.145767094096e-06 2.096256017685e+00
