P0: -5.542562584220e+02 0.000000000000e+00 -9.600000000000e+02 -4.301122913507e+03 -4.408728476930e-14 5.542562584220e+02 -3.600000000000e+02 -1.612921092565e+03 -1.224646799147e-16 0.000000000000e+00 -1.000000000000e+00 -4.480336368237e+00
P1: -9.600000000000e+02 0.000000000000e+00 5.542562584220e+02 2.483493860280e+02 -3.600000000000e+02 5.542562584220e+02 2.204364238465e-14 -3.724782407614e+02 -1.000000000000e+00 0.000000000000e+00 6.123233995737e-17 -1.034661779893e+00
P2: 5.542562584220e+02 0.000000000000e+00 9.600000000000e+02 0.000000000000e+00 0.000000000000e+00 5.542562584220e+02 3.600000000000e+02 0.000000000000e+00 0.000000000000e+00 0.000000000000e+00 1.000000000000e+00 0.000000000000e+00
P3: 5.542562584220e+02 0.000000000000e+00 9.600000000000e+02 -4.434035419659e+02 0.000000000000e+00 5.542562584220e+02 3.600000000000e+02 0.000000000000e+00 0.000000000000e+00 0.000000000000e+00 1.000000000000e+00 0.000000000000e+00
P4: 9.600000000000e+02 0.000000000000e+00 -5.542562584220e+02 -2.234892301096e+03 3.600000000000e+02 5.542562584220e+02 2.204364238465e-14 -3.724750198913e+02 1.000000000000e+00 0.000000000000e+00 6.123233995737e-17 -1.034652833031e+00
P5: 5.542562584220e+02 9.600000000000e+02 5.878304635907e-14 2.399943260193e+04 0.000000000000e+00 9.600000000000e+02 -5.542562584220e+02 2.399943260193e+04 0.000000000000e+00 1.000000000000e+00 6.123233995737e-17 2.499940896034e+01
R0_rect: 1.000000000000e+00 0.000000000000e+00 0.000000000000e+00 0.000000000000e+00 1.000000000000e+00 0.000000000000e+00 0.000000000000e+00 0.000000000000e+00 1.000000000000e+00
Tr_velo_to_p2: 0.000000000000e+00 -1.000000000000e+00 0.000000000000e+00 -2.497199009820e-06 0.000000000000e+00 0.000000000000e+00 -1.000000000000e+00 -4.999998211634e-01 1.000000000000e+00 0.000000000000e+00 0.000000000000e+00 -2.240222600315e+00
imu_to_world: -1.528851813537e-02 -9.998831055899e-01 1.907069090218e-04 -5.423442840576e+01 9.998595543814e-01 -1.528946704559e-02 -6.863214232433e-03 6.774967956543e+01 6.865327768055e-03 8.575174981253e-05 9.999764296829e-01 5.549098923802e-02
p2_to_world: -9.998831055899e-01 -1.907069090218e-04 -1.528851813537e-02 -5.426829147339e+01 -1.528946704559e-02 6.863214232433e-03 9.998595543814e-01 6.997560119629e+01 8.575174981253e-05 -9.999764296829e-01 6.865327768055e-03 2.108613729477e+00
