P0: -5.542562584220e+02 0.000000000000e+00 -9.600000000000e+02 -4.301220915435e+03 -4.408728476930e-14 5.542562584220e+02 -3.600000000000e+02 -1.612957843288e+03 -1.224646799147e-16 0.000000000000e+00 -1.000000000000e+00 -4.480438453578e+00
P1: -9.600000000000e+02 0.000000000000e+00 5.542562584220e+02 2.483855277079e+02 -3.600000000000e+02 5.542562584220e+02 2.204364238465e-14 -3.724764274680e+02 -1.000000000000e+00 0.000000000000e+00 6.123233995737e-17 -1.034656742967e+00
P2: 5.542562584220e+02 0.000000000000e+00 9.600000000000e+02 0.000000000000e+00 0.000000000000e+00 5.542562584220e+02 3.600000000000e+02 0.000000000000e+00 0.000000000000e+00 0.000000000000e+00 1.000000000000e+00 0.000000000000e+00
P3: 5.542562584220e+02 0.000000000000e+00 9.600000000000e+02 -4.434052045133e+02 0.000000000000e+00 5.542562584220e+02 3.600000000000e+02 0.000000000000e+00 0.000000000000e+00 0.000000000000e+00 1.000000000000e+00 0.000000000000e+00
P4: 9.600000000000e+02 0.000000000000e+00 -5.542562584220e+02 -2.234928114241e+03 3.600000000000e+02 5.542562584220e+02 2.204364238465e-14 -3.724774102527e+02 1.000000000000e+00 0.000000000000e+00 6.123233995737e-17 -1.034659472924e+00
P5: 5.542562584220e+02 9.600000000000e+02 5.878304635907e-14 2.399999359131e+04 0.000000000000e+00 9.600000000000e+02 -5.542562584220e+02 2.399999359131e+04 0.000000000000e+00 1.000000000000e+00 6.123233995737e-17 2.499999332428e+01
R0_rect: 1.000000000000e+00 0.000000000000e+00 0.000000000000e+00 0.000000000000e+00 1.000000000000e+00 0.000000000000e+00 0.000000000000e+00 0.000000000000e+00 1.000000000000e+00
Tr_velo_to_p2: 0.000000000000e+00 -1.000000000000e+00 0.000000000000e+00 -1.445702717284e-06 0.000000000000e+00 0.000000000000e+00 -1.000000000000e+00 -5.000001826136e-01 1.000000000000e+00 0.000000000000e+00 0.000000000000e+00 -2.240218989085e+00
imu_to_world: -1.522043939586e-02 -9.998841618733e-01 3.254949696767e-05 -5.425971603394e+01 9.998839146151e-01 -1.522045853381e-02 -7.035168401655e-04 6.939071655273e+01 7.039307643615e-04 2.183788301708e-05 9.999997520023e-01 5.816787481308e-02
p2_to_world: -9.998841618733e-01 -3.254949696767e-05 -1.522043939586e-02 -5.429374694824e+01 -1.522045853381e-02 7.035168401655e-04 9.998839146151e-01 7.162924194336e+01 2.183788301708e-05 -9.999997520023e-01 7.039307643615e-04 2.097535133362e+00
