P0: -5.542562584220e+02 0.000000000000e+00 -9.600000000000e+02 -4.301111009140e+03 -4.408728476930e-14 5.542562584220e+02 -3.600000000000e+02 -1.612916628428e+03 -1.224646799147e-16 0.000000000000e+00 -1.000000000000e+00 -4.480323967854e+00
P1: -9.600000000000e+02 0.000000000000e+00 5.542562584220e+02 2.483529739584e+02 -3.600000000000e+02 5.542562584220e+02 2.204364238465e-14 -3.724773644171e+02 -1.000000000000e+00 0.000000000000e+00 6.123233995737e-17 -1.034659345603e+00
P2: 5.542562584220e+02 0.000000000000e+00 9.600000000000e+02 0.000000000000e+00 0.000000000000e+00 5.542562584220e+02 3.600000000000e+02 0.000000000000e+00 0.000000000000e+00 0.000000000000e+00 1.000000000000e+00 0.000000000000e+00
P3: 5.542562584220e+02 0.000000000000e+00 9.600000000000e+02 -4.434052045131e+02 0.000000000000e+00 5.542562584220e+02 3.600000000000e+02 0.000000000000e+00 0.000000000000e+00 0.000000000000e+00 1.000000000000e+00 0.000000000000e+00
P4: 9.600000000000e+02 0.000000000000e+00 -5.542562584220e+02 -2.234896476831e+03 3.600000000000e+02 5.542562584220e+02 2.204364238465e-14 -3.724764733038e+02 1.000000000000e+00 0.000000000000e+00 6.123233995737e-17 -1.034656870288e+00
P5: 5.542562584220e+02 9.600000000000e+02 5.878304635907e-14 2.399937767029e+04 0.000000000000e+00 9.600000000000e+02 -5.542562584220e+02 2.399937767029e+04 0.000000000000e+00 1.000000000000e+00 6.123233995737e-17 2.499935173988e+01
R0_rect: 1.000000000000e+00 0.000000000000e+00 0.000000000000e+00 0.000000000000e+00 1.000000000000e+00 0.000000000000e+00 0.000000000000e+00 0.000000000000e+00 1.000000000000e+00
Tr_velo_to_p2: 0.000000000000e+00 -1.000000000000e+00 0.000000000000e+00 -3.736514584462e-06 0.000000000000e+00 0.000000000000e+00 -1.000000000000e+00 -5.000000444855e-01 1.000000000000e+00 0.000000000000e+00 0.000000000000e+00 -2.240225817549e+00
imu_to_world: -1.521925045919e-02 -9.998841455274e-01 -2.644588384614e-04 -5.425967788696e+01 9.998582996392e-01 -1.522075897774e-02 7.190906677304e-03 6.938793945312e+01 -7.194098842843e-03 -1.549811547980e-04 9.999741101262e-01 6.156341359019e-02
p2_to_world: -9.998841455274e-01 2.644588384614e-04 -1.521925045919e-02 -5.429431152344e+01 -1.522075897774e-02 -7.190906677304e-03 9.998582996392e-01 7.164249420166e+01 -1.549811547980e-04 -9.999741101262e-01 -7.194098842843e-03 2.083184957504e+00
