P0: -5.542562584220e+02 0.000000000000e+00 -9.600000000000e+02 -4.301154393068e+03 -4.408728476930e-14 5.542562584220e+02 -3.600000000000e+02 -1.612932897400e+03 -1.224646799147e-16 0.000000000000e+00 -1.000000000000e+00 -4.480369159446e+00
P1: -9.600000000000e+02 0.000000000000e+00 5.542562584220e+02 2.483653320589e+02 -3.600000000000e+02 5.542562584220e+02 2.204364238465e-14 -3.724767084641e+02 -1.000000000000e+00 0.000000000000e+00 6.123233995737e-17 -1.034657523511e+00
P2: 5.542562584220e+02 0.000000000000e+00 9.600000000000e+02 0.000000000000e+00 0.000000000000e+00 5.542562584220e+02 3.600000000000e+02 0.000000000000e+00 0.000000000000e+00 0.000000000000e+00 1.000000000000e+00 0.000000000000e+00
P3: 5.542562584220e+02 0.000000000000e+00 9.600000000000e+02 -4.434059149398e+02 0.000000000000e+00 5.542562584220e+02 3.600000000000e+02 0.000000000000e+00 0.000000000000e+00 0.000000000000e+00 1.000000000000e+00 0.000000000000e+00
P4: 9.600000000000e+02 0.000000000000e+00 -5.542562584220e+02 -2.234912247201e+03 3.600000000000e+02 5.542562584220e+02 2.204364238465e-14 -3.724769726338e+02 1.000000000000e+00 0.000000000000e+00 6.123233995737e-17 -1.034658257316e+00
P5: 5.542562584220e+02 9.600000000000e+02 5.878304635907e-14 2.399966400146e+04 0.000000000000e+00 9.600000000000e+02 -5.542562584220e+02 2.399966400146e+04 0.000000000000e+00 1.000000000000e+00 6.123233995737e-17 2.499965000153e+01
R0_rect: 1.000000000000e+00 0.000000000000e+00 0.000000000000e+00 0.000000000000e+00 1.000000000000e+00 0.000000000000e+00 0.000000000000e+00 0.000000000000e+00 1.000000000000e+00
Tr_velo_to_p2: 0.000000000000e+00 -1.000000000000e+00 0.000000000000e+00 3.343678122093e-06 0.000000000000e+00 0.000000000000e+00 -1.000000000000e+00 -4.999999555804e-01 1.000000000000e+00 0.000000000000e+00 0.000000000000e+00 -2.240221828699e+00
imu_to_world: -1.532301521603e-02 -9.998825812725e-01 1.699189211335e-04 -5.423963165283e+01 9.998686296233e-01 -1.532369915887e-02 -5.282777620550e-03 6.808856964111e+01 5.284761109953e-03 8.894851695821e-05 9.999860315965e-01 5.616950988770e-02
p2_to_world: -9.998825812725e-01 -1.699189211335e-04 -1.532301521603e-02 -5.427361297607e+01 -1.532369915887e-02 5.282777620550e-03 9.998686296233e-01 7.031772613525e+01 8.894851695821e-05 -9.999860315965e-01 5.284761109953e-03 2.105771064758e+00
