P0: -5.542562584220e+02 0.000000000000e+00 -9.600000000000e+02 -4.301220859696e+03 -4.408728476930e-14 5.542562584220e+02 -3.600000000000e+02 -1.612957822386e+03 -1.224646799147e-16 0.000000000000e+00 -1.000000000000e+00 -4.480438395516e+00
P1: -9.600000000000e+02 0.000000000000e+00 5.542562584220e+02 2.483775585759e+02 -3.600000000000e+02 5.542562584220e+02 2.204364238465e-14 -3.724778424041e+02 -1.000000000000e+00 0.000000000000e+00 6.123233995737e-17 -1.034660673345e+00
P2: 5.542562584220e+02 0.000000000000e+00 9.600000000000e+02 0.000000000000e+00 0.000000000000e+00 5.542562584220e+02 3.600000000000e+02 0.000000000000e+00 0.000000000000e+00 0.000000000000e+00 1.000000000000e+00 0.000000000000e+00
P3: 5.542562584220e+02 0.000000000000e+00 9.600000000000e+02 -4.434052045133e+02 0.000000000000e+00 5.542562584220e+02 3.600000000000e+02 0.000000000000e+00 0.000000000000e+00 0.000000000000e+00 1.000000000000e+00 0.000000000000e+00
P4: 9.600000000000e+02 0.000000000000e+00 -5.542562584220e+02 -2.234924484736e+03 3.600000000000e+02 5.542562584220e+02 2.204364238465e-14 -3.724760371207e+02 1.000000000000e+00 0.000000000000e+00 6.123233995737e-17 -1.034655658669e+00
P5: 5.542562584220e+02 9.600000000000e+02 5.878304635907e-14 2.399999771118e+04 0.000000000000e+00 9.600000000000e+02 -5.542562584220e+02 2.399999771118e+04 0.000000000000e+00 1.000000000000e+00 6.123233995737e-17 2.499999761581e+01
R0_rect: 1.000000000000e+00 0.000000000000e+00 0.000000000000e+00 0.000000000000e+00 1.000000000000e+00 0.000000000000e+00 0.000000000000e+00 0.000000000000e+00 1.000000000000e+00
Tr_velo_to_p2: 0.000000000000e+00 -1.000000000000e+00 0.000000000000e+00 2.638549814655e-06 0.000000000000e+00 0.000000000000e+00 -1.000000000000e+00 -4.999999750846e-01 1.000000000000e+00 0.000000000000e+00 0.000000000000e+00 -2.240213042255e+00
imu_to_world: -1.522044277768e-02 -9.998841622979e-01 1.036536478193e-05 -5.425970077515e+01 9.998841367790e-01 -1.522044473216e-02 -2.260084189583e-04 6.939051818848e+01 2.261400041242e-04 6.924215609355e-06 9.999999744064e-01 5.837119743228e-02
p2_to_world: -9.998841622979e-01 -1.036536478193e-05 -1.522044277768e-02 -5.429377746582e+01 -1.522044473216e-02 2.260084189583e-04 9.998841367790e-01 7.163001251221e+01 6.924215609355e-06 -9.999999744064e-01 2.261400041242e-04 2.096668720245e+00
