P0: -5.542562584220e+02 0.000000000000e+00 -9.600000000000e+02 -4.301220859696e+03 -4.408728476930e-14 5.542562584220e+02 -3.600000000000e+02 -1.612957822386e+03 -1.224646799147e-16 0.000000000000e+00 -1.000000000000e+00 -4.480438395516e+00
P1: -9.600000000000e+02 0.000000000000e+00 5.542562584220e+02 2.483848175845e+02 -3.600000000000e+02 5.542562584220e+02 2.204364238465e-14 -3.724750961402e+02 -1.000000000000e+00 0.000000000000e+00 6.123233995737e-17 -1.034653044834e+00
P2: 5.542562584220e+02 0.000000000000e+00 9.600000000000e+02 0.000000000000e+00 0.000000000000e+00 5.542562584220e+02 3.600000000000e+02 0.000000000000e+00 0.000000000000e+00 0.000000000000e+00 1.000000000000e+00 0.000000000000e+00
P3: 5.542562584220e+02 0.000000000000e+00 9.600000000000e+02 -4.434052045133e+02 0.000000000000e+00 5.542562584220e+02 3.600000000000e+02 0.000000000000e+00 0.000000000000e+00 0.000000000000e+00 1.000000000000e+00 0.000000000000e+00
P4: 9.600000000000e+02 0.000000000000e+00 -5.542562584220e+02 -2.234931743745e+03 3.600000000000e+02 5.542562584220e+02 2.204364238465e-14 -3.724787833846e+02 1.000000000000e+00 0.000000000000e+00 6.123233995737e-17 -1.034663287179e+00
P5: 5.542562584220e+02 9.600000000000e+02 5.878304635907e-14 2.399999748230e+04 0.000000000000e+00 9.600000000000e+02 -5.542562584220e+02 2.399999748230e+04 0.000000000000e+00 1.000000000000e+00 6.123233995737e-17 2.499999737740e+01
R0_rect: 1.000000000000e+00 0.000000000000e+00 0.000000000000e+00 0.000000000000e+00 1.000000000000e+00 0.000000000000e+00 0.000000000000e+00 0.000000000000e+00 1.000000000000e+00
Tr_velo_to_p2: 0.000000000000e+00 -1.000000000000e+00 0.000000000000e+00 5.205744802814e-06 0.000000000000e+00 0.000000000000e+00 -1.000000000000e+00 -5.000003437604e-01 1.000000000000e+00 0.000000000000e+00 0.000000000000e+00 -2.240218405774e+00
imu_to_world: -1.522044147692e-02 -9.998841622563e-01 -1.517585050696e-05 -5.425970458984e+01 9.998840513277e-01 -1.522044693788e-02 4.710578595544e-04 6.939030456543e+01 -4.712342765022e-04 -8.004382303647e-06 9.999998889371e-01 5.868686363101e-02
p2_to_world: -9.998841622563e-01 1.517585050696e-05 -1.522044147692e-02 -5.429383087158e+01 -1.522044693788e-02 -4.710578595544e-04 9.998840513277e-01 7.163121795654e+01 -8.004382303647e-06 -9.999998889371e-01 -4.712342765022e-04 2.095421552658e+00
