P0: -5.542562584220e+02 0.000000000000e+00 -9.600000000000e+02 -4.301211253738e+03 -4.408728476930e-14 5.542562584220e+02 -3.600000000000e+02 -1.612954220152e+03 -1.224646799147e-16 0.000000000000e+00 -1.000000000000e+00 -4.480428389310e+00
P1: -9.600000000000e+02 0.000000000000e+00 5.542562584220e+02 2.483786270283e+02 -3.600000000000e+02 5.542562584220e+02 2.204364238465e-14 -3.724774706705e+02 -1.000000000000e+00 0.000000000000e+00 6.123233995737e-17 -1.034659640752e+00
P2: 5.542562584220e+02 0.000000000000e+00 9.600000000000e+02 0.000000000000e+00 0.000000000000e+00 5.542562584220e+02 3.600000000000e+02 0.000000000000e+00 0.000000000000e+00 0.000000000000e+00 1.000000000000e+00 0.000000000000e+00
P3: 5.542562584220e+02 0.000000000000e+00 9.600000000000e+02 -4.434028975196e+02 0.000000000000e+00 5.542562584220e+02 3.600000000000e+02 0.000000000000e+00 0.000000000000e+00 0.000000000000e+00 1.000000000000e+00 0.000000000000e+00
P4: 9.600000000000e+02 0.000000000000e+00 -5.542562584220e+02 -2.234926564705e+03 3.600000000000e+02 5.542562584220e+02 2.204364238465e-14 -3.724773643756e+02 1.000000000000e+00 0.000000000000e+00 6.123233995737e-17 -1.034659345488e+00
P5: 5.542562584220e+02 9.600000000000e+02 5.878304635907e-14 2.399991828918e+04 0.000000000000e+00 9.600000000000e+02 -5.542562584220e+02 2.399991828918e+04 0.000000000000e+00 1.000000000000e+00 6.123233995737e-17 2.499991488457e+01
R0_rect: 1.000000000000e+00 0.000000000000e+00 0.000000000000e+00 0.000000000000e+00 1.000000000000e+00 0.000000000000e+00 0.000000000000e+00 0.000000000000e+00 1.000000000000e+00
Tr_velo_to_p2: 0.000000000000e+00 -1.000000000000e+00 0.000000000000e+00 2.724554311645e-06 0.000000000000e+00 0.000000000000e+00 -1.000000000000e+00 -5.000000368155e-01 1.000000000000e+00 0.000000000000e+00 0.000000000000e+00 -2.240227623096e+00
imu_to_world: -1.518484278021e-02 -9.998846995956e-01 -8.980170948627e-05 -5.422660827637e+01 9.998813252183e-01 -1.518502488213e-02 2.598172244564e-03 6.724274444580e+01 -2.599236315446e-03 -5.033821523839e-05 9.999966207126e-01 5.959453433752e-02
p2_to_world: -9.998846995956e-01 8.980170948627e-05 -1.518484278021e-02 -5.426081085205e+01 -1.518502488213e-02 -2.598172244564e-03 9.998813252183e-01 6.948799896240e+01 -5.033821523839e-05 -9.999966207126e-01 -2.599236315446e-03 2.091555833817e+00
