P0: -5.542562584220e+02 0.000000000000e+00 -9.600000000000e+02 -4.301178160406e+03 -4.408728476930e-14 5.542562584220e+02 -3.600000000000e+02 -1.612941810152e+03 -1.224646799147e-16 0.000000000000e+00 -1.000000000000e+00 -4.480393917089e+00
P1: -9.600000000000e+02 0.000000000000e+00 5.542562584220e+02 2.483707661852e+02 -3.600000000000e+02 5.542562584220e+02 2.204364238465e-14 -3.724773926023e+02 -1.000000000000e+00 0.000000000000e+00 6.123233995737e-17 -1.034659423895e+00
P2: 5.542562584220e+02 0.000000000000e+00 9.600000000000e+02 0.000000000000e+00 0.000000000000e+00 5.542562584220e+02 3.600000000000e+02 0.000000000000e+00 0.000000000000e+00 0.000000000000e+00 1.000000000000e+00 0.000000000000e+00
P3: 5.542562584220e+02 0.000000000000e+00 9.600000000000e+02 -4.434039954656e+02 0.000000000000e+00 5.542562584220e+02 3.600000000000e+02 0.000000000000e+00 0.000000000000e+00 0.000000000000e+00 1.000000000000e+00 0.000000000000e+00
P4: 9.600000000000e+02 0.000000000000e+00 -5.542562584220e+02 -2.234909703073e+03 3.600000000000e+02 5.542562584220e+02 2.204364238465e-14 -3.724751681253e+02 1.000000000000e+00 0.000000000000e+00 6.123233995737e-17 -1.034653244793e+00
P5: 5.542562584220e+02 9.600000000000e+02 5.878304635907e-14 2.399973426819e+04 0.000000000000e+00 9.600000000000e+02 -5.542562584220e+02 2.399973426819e+04 0.000000000000e+00 1.000000000000e+00 6.123233995737e-17 2.499972319603e+01
R0_rect: 1.000000000000e+00 0.000000000000e+00 0.000000000000e+00 0.000000000000e+00 1.000000000000e+00 0.000000000000e+00 0.000000000000e+00 0.000000000000e+00 1.000000000000e+00
Tr_velo_to_p2: 0.000000000000e+00 -1.000000000000e+00 0.000000000000e+00 -2.797532983533e-06 0.000000000000e+00 0.000000000000e+00 -1.000000000000e+00 -5.000000809556e-01 1.000000000000e+00 0.000000000000e+00 0.000000000000e+00 -2.240226460067e+00
imu_to_world: -1.534955614979e-02 -9.998821780526e-01 1.453920909248e-04 -5.424248886108e+01 9.998712175569e-01 -1.535006873707e-02 -4.682274134958e-03 6.827362060547e+01 4.683954238891e-03 7.350253723282e-05 9.999890275248e-01 5.643306672573e-02
p2_to_world: -9.998821780526e-01 -1.453920909248e-04 -1.534955614979e-02 -5.427658081055e+01 -1.535006873707e-02 4.682274134958e-03 9.998712175569e-01 7.050401306152e+01 7.350253723282e-05 -9.999890275248e-01 4.683954238891e-03 2.104694604874e+00
