P0: -5.542562584220e+02 0.000000000000e+00 -9.600000000000e+02 -4.301213647803e+03 -4.408728476930e-14 5.542562584220e+02 -3.600000000000e+02 -1.612955117926e+03 -1.224646799147e-16 0.000000000000e+00 -1.000000000000e+00 -4.480430883128e+00
P1: -9.600000000000e+02 0.000000000000e+00 5.542562584220e+02 2.483775585759e+02 -3.600000000000e+02 5.542562584220e+02 2.204364238465e-14 -3.724778424041e+02 -1.000000000000e+00 0.000000000000e+00 6.123233995737e-17 -1.034660673345e+00
P2: 5.542562584220e+02 0.000000000000e+00 9.600000000000e+02 0.000000000000e+00 0.000000000000e+00 5.542562584220e+02 3.600000000000e+02 0.000000000000e+00 0.000000000000e+00 0.000000000000e+00 1.000000000000e+00 0.000000000000e+00
P3: 5.542562584220e+02 0.000000000000e+00 9.600000000000e+02 -4.434051401515e+02 0.000000000000e+00 5.542562584220e+02 3.600000000000e+02 0.000000000000e+00 0.000000000000e+00 0.000000000000e+00 1.000000000000e+00 0.000000000000e+00
P4: 9.600000000000e+02 0.000000000000e+00 -5.542562584220e+02 -2.234920145109e+03 3.600000000000e+02 5.542562584220e+02 2.204364238465e-14 -3.724759953165e+02 1.000000000000e+00 0.000000000000e+00 6.123233995737e-17 -1.034655542546e+00
P5: 5.542562584220e+02 9.600000000000e+02 5.878304635907e-14 2.399999038696e+04 0.000000000000e+00 9.600000000000e+02 -5.542562584220e+02 2.399999038696e+04 0.000000000000e+00 1.000000000000e+00 6.123233995737e-17 2.499998998642e+01
R0_rect: 1.000000000000e+00 0.000000000000e+00 0.000000000000e+00 0.000000000000e+00 1.000000000000e+00 0.000000000000e+00 0.000000000000e+00 0.000000000000e+00 1.000000000000e+00
Tr_velo_to_p2: 0.000000000000e+00 -1.000000000000e+00 0.000000000000e+00 -5.632262748166e-06 0.000000000000e+00 0.000000000000e+00 -1.000000000000e+00 -5.000000675135e-01 1.000000000000e+00 0.000000000000e+00 0.000000000000e+00 -2.240215416033e+00
imu_to_world: -1.522043767976e-02 -9.998841616470e-01 3.955259815173e-05 -5.425971984863e+01 9.998838018786e-01 -1.522046577246e-02 -8.486239097046e-04 6.939076232910e+01 8.491276154749e-04 2.663157488292e-05 9.999996391365e-01 5.810935795307e-02
p2_to_world: -9.998841616470e-01 -3.955259815173e-05 -1.522043767976e-02 -5.429373931885e+01 -1.522046577246e-02 8.486239097046e-04 9.998838018786e-01 7.162899017334e+01 2.663157488292e-05 -9.999996391365e-01 8.491276154749e-04 2.097801685333e+00
