P0: -5.542562584220e+02 0.000000000000e+00 -9.600000000000e+02 -4.300210290360e+03 -4.408728476930e-14 5.542562584220e+02 -3.600000000000e+02 -1.612578858885e+03 -1.224646799147e-16 0.000000000000e+00 -1.000000000000e+00 -4.479385719125e+00
P1: -9.600000000000e+02 0.000000000000e+00 5.542562584220e+02 2.480911830592e+02 -3.600000000000e+02 5.542562584220e+02 2.204364238465e-14 -3.724765623057e+02 -1.000000000000e+00 0.000000000000e+00 6.123233995737e-17 -1.034657117516e+00
P2: 5.542562584220e+02 0.000000000000e+00 9.600000000000e+02 0.000000000000e+00 0.000000000000e+00 5.542562584220e+02 3.600000000000e+02 0.000000000000e+00 0.000000000000e+00 0.000000000000e+00 1.000000000000e+00 0.000000000000e+00
P3: 5.542562584220e+02 0.000000000000e+00 9.600000000000e+02 -4.434052688873e+02 0.000000000000e+00 5.542562584220e+02 3.600000000000e+02 0.000000000000e+00 0.000000000000e+00 0.000000000000e+00 1.000000000000e+00 0.000000000000e+00
P4: 9.600000000000e+02 0.000000000000e+00 -5.542562584220e+02 -2.234639188234e+03 3.600000000000e+02 5.542562584220e+02 2.204364238465e-14 -3.724760277176e+02 1.000000000000e+00 0.000000000000e+00 6.123233995737e-17 -1.034655632549e+00
P5: 5.542562584220e+02 9.600000000000e+02 5.878304635907e-14 2.399439422607e+04 0.000000000000e+00 9.600000000000e+02 -5.542562584220e+02 2.399439422607e+04 0.000000000000e+00 1.000000000000e+00 6.123233995737e-17 2.499416065216e+01
R0_rect: 1.000000000000e+00 0.000000000000e+00 0.000000000000e+00 0.000000000000e+00 1.000000000000e+00 0.000000000000e+00 0.000000000000e+00 0.000000000000e+00 1.000000000000e+00
Tr_velo_to_p2: 0.000000000000e+00 -1.000000000000e+00 0.000000000000e+00 -1.664103837672e-06 0.000000000000e+00 0.000000000000e+00 -1.000000000000e+00 -5.000001605539e-01 1.000000000000e+00 0.000000000000e+00 0.000000000000e+00 -2.240222152817e+00
imu_to_world: -1.522034981471e-02 -9.998839967438e-01 -5.779335626526e-04 -5.425959777832e+01 9.996506184045e-01 -1.522928412305e-02 2.160347260634e-02 6.938277435303e+01 -2.160976804760e-02 -2.489192330213e-04 9.997664507094e-01 6.789375096560e-02
p2_to_world: -9.998839967438e-01 5.779335626526e-04 -1.522034981471e-02 -5.429487228394e+01 -1.522928412305e-02 -2.160347260634e-02 9.996506184045e-01 7.166623687744e+01 -2.489192330213e-04 -9.997664507094e-01 -2.160976804760e-02 2.056797981262e+00
