P0: -5.542562584220e+02 0.000000000000e+00 -9.600000000000e+02 -4.301220859696e+03 -4.408728476930e-14 5.542562584220e+02 -3.600000000000e+02 -1.612957822386e+03 -1.224646799147e-16 0.000000000000e+00 -1.000000000000e+00 -4.480438395516e+00
P1: -9.600000000000e+02 0.000000000000e+00 5.542562584220e+02 2.483855277079e+02 -3.600000000000e+02 5.542562584220e+02 2.204364238465e-14 -3.724764274680e+02 -1.000000000000e+00 0.000000000000e+00 6.123233995737e-17 -1.034656742967e+00
P2: 5.542562584220e+02 0.000000000000e+00 9.600000000000e+02 0.000000000000e+00 0.000000000000e+00 5.542562584220e+02 3.600000000000e+02 0.000000000000e+00 0.000000000000e+00 0.000000000000e+00 1.000000000000e+00 0.000000000000e+00
P3: 5.542562584220e+02 0.000000000000e+00 9.600000000000e+02 -4.434052045133e+02 0.000000000000e+00 5.542562584220e+02 3.600000000000e+02 0.000000000000e+00 0.000000000000e+00 0.000000000000e+00 1.000000000000e+00 0.000000000000e+00
P4: 9.600000000000e+02 0.000000000000e+00 -5.542562584220e+02 -2.234924484736e+03 3.600000000000e+02 5.542562584220e+02 2.204364238465e-14 -3.724760371207e+02 1.000000000000e+00 0.000000000000e+00 6.123233995737e-17 -1.034655658669e+00
P5: 5.542562584220e+02 9.600000000000e+02 5.878304635907e-14 2.400000183105e+04 0.000000000000e+00 9.600000000000e+02 -5.542562584220e+02 2.400000183105e+04 0.000000000000e+00 1.000000000000e+00 6.123233995737e-17 2.500000190735e+01
R0_rect: 1.000000000000e+00 0.000000000000e+00 0.000000000000e+00 0.000000000000e+00 1.000000000000e+00 0.000000000000e+00 0.000000000000e+00 0.000000000000e+00 1.000000000000e+00
Tr_velo_to_p2: 0.000000000000e+00 -1.000000000000e+00 0.000000000000e+00 2.771311025352e-07 0.000000000000e+00 0.000000000000e+00 -1.000000000000e+00 -5.000002980684e-01 1.000000000000e+00 0.000000000000e+00 0.000000000000e+00 -2.240220690908e+00
imu_to_world: -1.522044315832e-02 -9.998841623434e-01 -2.220856487855e-06 -5.425968933105e+01 9.998841617847e-01 -1.522044322415e-02 3.346788319332e-05 6.939041137695e+01 -3.349780877225e-05 -1.711203214030e-06 9.999999994375e-01 5.848335102201e-02
p2_to_world: -9.998841623434e-01 2.220856487855e-06 -1.522044315832e-02 -5.429379272461e+01 -1.522044322415e-02 -3.346788319332e-05 9.998841617847e-01 7.163043975830e+01 -1.711203214030e-06 -9.999999994375e-01 -3.349780877225e-05 2.096199035645e+00
