P0: -5.542562584220e+02 0.000000000000e+00 -9.600000000000e+02 -4.301206268694e+03 -4.408728476930e-14 5.542562584220e+02 -3.600000000000e+02 -1.612952350760e+03 -1.224646799147e-16 0.000000000000e+00 -1.000000000000e+00 -4.480423196556e+00
P1: -9.600000000000e+02 0.000000000000e+00 5.542562584220e+02 2.483804626167e+02 -3.600000000000e+02 5.542562584220e+02 2.204364238465e-14 -3.724766840498e+02 -1.000000000000e+00 0.000000000000e+00 6.123233995737e-17 -1.034657455694e+00
P2: 5.542562584220e+02 0.000000000000e+00 9.600000000000e+02 0.000000000000e+00 0.000000000000e+00 5.542562584220e+02 3.600000000000e+02 0.000000000000e+00 0.000000000000e+00 0.000000000000e+00 1.000000000000e+00 0.000000000000e+00
P3: 5.542562584220e+02 0.000000000000e+00 9.600000000000e+02 -4.434030904383e+02 0.000000000000e+00 5.542562584220e+02 3.600000000000e+02 0.000000000000e+00 0.000000000000e+00 0.000000000000e+00 1.000000000000e+00 0.000000000000e+00
P4: 9.600000000000e+02 0.000000000000e+00 -5.542562584220e+02 -2.234923354596e+03 3.600000000000e+02 5.542562584220e+02 2.204364238465e-14 -3.724771536710e+02 1.000000000000e+00 0.000000000000e+00 6.123233995737e-17 -1.034658760197e+00
P5: 5.542562584220e+02 9.600000000000e+02 5.878304635907e-14 2.399989860535e+04 0.000000000000e+00 9.600000000000e+02 -5.542562584220e+02 2.399989860535e+04 0.000000000000e+00 1.000000000000e+00 6.123233995737e-17 2.499989438057e+01
R0_rect: 1.000000000000e+00 0.000000000000e+00 0.000000000000e+00 0.000000000000e+00 1.000000000000e+00 0.000000000000e+00 0.000000000000e+00 0.000000000000e+00 1.000000000000e+00
Tr_velo_to_p2: 0.000000000000e+00 -1.000000000000e+00 0.000000000000e+00 2.423513778498e-06 0.000000000000e+00 0.000000000000e+00 -1.000000000000e+00 -5.000003475635e-01 1.000000000000e+00 0.000000000000e+00 0.000000000000e+00 -2.240220360025e+00
imu_to_world: -1.522011157438e-02 -9.998841612460e-01 -1.108737160440e-04 -5.425968933105e+01 9.998798760639e-01 -1.522037103240e-02 2.928096308992e-03 6.938944244385e+01 -2.929444661060e-03 -6.629444493346e-05 9.999957069703e-01 5.974082648754e-02
p2_to_world: -9.998841612460e-01 1.108737160440e-04 -1.522011157438e-02 -5.429401397705e+01 -1.522037103240e-02 -2.928096308992e-03 9.998798760639e-01 7.163536071777e+01 -6.629444493346e-05 -9.999957069703e-01 -2.929444661060e-03 2.090960264206e+00
