P0: -5.542562584220e+02 0.000000000000e+00 -9.600000000000e+02 -4.300899467866e+03 -4.408728476930e-14 5.542562584220e+02 -3.600000000000e+02 -1.612837300450e+03 -1.224646799147e-16 0.000000000000e+00 -1.000000000000e+00 -4.480103612360e+00
P1: -9.600000000000e+02 0.000000000000e+00 5.542562584220e+02 2.482886117679e+02 -3.600000000000e+02 5.542562584220e+02 2.204364238465e-14 -3.724776777460e+02 -1.000000000000e+00 0.000000000000e+00 6.123233995737e-17 -1.034660215961e+00
P2: 5.542562584220e+02 0.000000000000e+00 9.600000000000e+02 0.000000000000e+00 0.000000000000e+00 5.542562584220e+02 3.600000000000e+02 0.000000000000e+00 0.000000000000e+00 0.000000000000e+00 1.000000000000e+00 0.000000000000e+00
P3: 5.542562584220e+02 0.000000000000e+00 9.600000000000e+02 -4.434032192368e+02 0.000000000000e+00 5.542562584220e+02 3.600000000000e+02 0.000000000000e+00 0.000000000000e+00 0.000000000000e+00 1.000000000000e+00 0.000000000000e+00
P4: 9.600000000000e+02 0.000000000000e+00 -5.542562584220e+02 -2.234833284683e+03 3.600000000000e+02 5.542562584220e+02 2.204364238465e-14 -3.724763272631e+02 1.000000000000e+00 0.000000000000e+00 6.123233995737e-17 -1.034656464620e+00
P5: 5.542562584220e+02 9.600000000000e+02 5.878304635907e-14 2.399823623657e+04 0.000000000000e+00 9.600000000000e+02 -5.542562584220e+02 2.399823623657e+04 0.000000000000e+00 1.000000000000e+00 6.123233995737e-17 2.499816274643e+01
R0_rect: 1.000000000000e+00 0.000000000000e+00 0.000000000000e+00 0.000000000000e+00 1.000000000000e+00 0.000000000000e+00 0.000000000000e+00 0.000000000000e+00 1.000000000000e+00
Tr_velo_to_p2: 0.000000000000e+00 -1.000000000000e+00 0.000000000000e+00 -2.253392111435e-06 0.000000000000e+00 0.000000000000e+00 -1.000000000000e+00 -4.999999753209e-01 1.000000000000e+00 0.000000000000e+00 0.000000000000e+00 -2.240220607638e+00
imu_to_world: -1.523263737511e-02 -9.998839427722e-01 -2.602785243444e-04 -5.425960159302e+01 9.998104436834e-01 -1.523467353646e-02 1.212358956338e-02 6.938380432129e+01 -1.212614779153e-02 -7.555494340238e-05 9.999264727125e-01 6.376617401838e-02
p2_to_world: -9.998839427722e-01 2.602785243444e-04 -1.523263737511e-02 -5.429425811768e+01 -1.523467353646e-02 -1.212358956338e-02 9.998104436834e-01 7.164830017090e+01 -7.555494340238e-05 -9.999264727125e-01 -1.212614779153e-02 2.074242115021e+00
