P0: -5.542562584220e+02 0.000000000000e+00 -9.600000000000e+02 -4.301220859696e+03 -4.408728476930e-14 5.542562584220e+02 -3.600000000000e+02 -1.612957822386e+03 -1.224646799147e-16 0.000000000000e+00 -1.000000000000e+00 -4.480438395516e+00
P1: -9.600000000000e+02 0.000000000000e+00 5.542562584220e+02 2.483891572121e+02 -3.600000000000e+02 5.542562584220e+02 2.204364238465e-14 -3.724750543360e+02 -1.000000000000e+00 0.000000000000e+00 6.123233995737e-17 -1.034652928711e+00
P2: 5.542562584220e+02 0.000000000000e+00 9.600000000000e+02 0.000000000000e+00 0.000000000000e+00 5.542562584220e+02 3.600000000000e+02 0.000000000000e+00 0.000000000000e+00 0.000000000000e+00 1.000000000000e+00 0.000000000000e+00
P3: 5.542562584220e+02 0.000000000000e+00 9.600000000000e+02 -4.434052045133e+02 0.000000000000e+00 5.542562584220e+02 3.600000000000e+02 0.000000000000e+00 0.000000000000e+00 0.000000000000e+00 1.000000000000e+00 0.000000000000e+00
P4: 9.600000000000e+02 0.000000000000e+00 -5.542562584220e+02 -2.234928114241e+03 3.600000000000e+02 5.542562584220e+02 2.204364238465e-14 -3.724774102527e+02 1.000000000000e+00 0.000000000000e+00 6.123233995737e-17 -1.034659472924e+00
P5: 5.542562584220e+02 9.600000000000e+02 5.878304635907e-14 2.399999588013e+04 0.000000000000e+00 9.600000000000e+02 -5.542562584220e+02 2.399999588013e+04 0.000000000000e+00 1.000000000000e+00 6.123233995737e-17 2.499999570847e+01
R0_rect: 1.000000000000e+00 0.000000000000e+00 0.000000000000e+00 0.000000000000e+00 1.000000000000e+00 0.000000000000e+00 0.000000000000e+00 0.000000000000e+00 1.000000000000e+00
Tr_velo_to_p2: 0.000000000000e+00 -1.000000000000e+00 0.000000000000e+00 6.065658404883e-07 0.000000000000e+00 0.000000000000e+00 -1.000000000000e+00 -4.999998923196e-01 1.000000000000e+00 0.000000000000e+00 0.000000000000e+00 -2.240222189732e+00
imu_to_world: -1.522044037596e-02 -9.998841619699e-01 2.892236040052e-05 -5.425971221924e+01 9.998839790015e-01 -1.522045509699e-02 -6.052129894323e-04 6.939067840576e+01 6.055830942395e-04 1.970739657898e-05 9.999998164404e-01 5.821960419416e-02
p2_to_world: -9.998841619699e-01 -2.892236040052e-05 -1.522044037596e-02 -5.429374694824e+01 -1.522045509699e-02 6.052129894323e-04 9.998839790015e-01 7.162940979004e+01 1.970739657898e-05 -9.999998164404e-01 6.055830942395e-04 2.097366809845e+00
