P0: -5.542562584220e+02 0.000000000000e+00 -9.600000000000e+02 -4.301157907831e+03 -4.408728476930e-14 5.542562584220e+02 -3.600000000000e+02 -1.612934215437e+03 -1.224646799147e-16 0.000000000000e+00 -1.000000000000e+00 -4.480372820657e+00
P1: -9.600000000000e+02 0.000000000000e+00 5.542562584220e+02 2.483602212596e+02 -3.600000000000e+02 5.542562584220e+02 2.204364238465e-14 -3.724783096068e+02 -1.000000000000e+00 0.000000000000e+00 6.123233995737e-17 -1.034661971130e+00
P2: 5.542562584220e+02 0.000000000000e+00 9.600000000000e+02 0.000000000000e+00 0.000000000000e+00 5.542562584220e+02 3.600000000000e+02 0.000000000000e+00 0.000000000000e+00 0.000000000000e+00 1.000000000000e+00 0.000000000000e+00
P3: 5.542562584220e+02 0.000000000000e+00 9.600000000000e+02 -4.434034127537e+02 0.000000000000e+00 5.542562584220e+02 3.600000000000e+02 0.000000000000e+00 0.000000000000e+00 0.000000000000e+00 1.000000000000e+00 0.000000000000e+00
P4: 9.600000000000e+02 0.000000000000e+00 -5.542562584220e+02 -2.234900551661e+03 3.600000000000e+02 5.542562584220e+02 2.204364238465e-14 -3.724746573339e+02 1.000000000000e+00 0.000000000000e+00 6.123233995737e-17 -1.034651825928e+00
P5: 5.542562584220e+02 9.600000000000e+02 5.878304635907e-14 2.399964866638e+04 0.000000000000e+00 9.600000000000e+02 -5.542562584220e+02 2.399964866638e+04 0.000000000000e+00 1.000000000000e+00 6.123233995737e-17 2.499963402748e+01
R0_rect: 1.000000000000e+00 0.000000000000e+00 0.000000000000e+00 0.000000000000e+00 1.000000000000e+00 0.000000000000e+00 0.000000000000e+00 0.000000000000e+00 1.000000000000e+00
Tr_velo_to_p2: 0.000000000000e+00 -1.000000000000e+00 0.000000000000e+00 -2.867718267290e-06 0.000000000000e+00 0.000000000000e+00 -1.000000000000e+00 -4.999999037356e-01 1.000000000000e+00 0.000000000000e+00 0.000000000000e+00 -2.240216122079e+00
imu_to_world: -1.526442252475e-02 -9.998834813240e-01 1.455348601739e-04 -5.423205947876e+01 9.998688170645e-01 -1.526498690917e-02 -5.415610455577e-03 6.759481048584e+01 5.417201023552e-03 6.284960226031e-05 9.999853248838e-01 5.612098425627e-02
p2_to_world: -9.998834813240e-01 -1.455348601739e-04 -1.526442252475e-02 -5.426596069336e+01 -1.526498690917e-02 5.415610455577e-03 9.998688170645e-01 6.982369995117e+01 6.284960226031e-05 -9.999853248838e-01 5.417201023552e-03 2.106017827988e+00
