P0: -5.542562584220e+02 0.000000000000e+00 -9.600000000000e+02 -4.301220859696e+03 -4.408728476930e-14 5.542562584220e+02 -3.600000000000e+02 -1.612957822386e+03 -1.224646799147e-16 0.000000000000e+00 -1.000000000000e+00 -4.480438395516e+00
P1: -9.600000000000e+02 0.000000000000e+00 5.542562584220e+02 2.483811880802e+02 -3.600000000000e+02 5.542562584220e+02 2.204364238465e-14 -3.724764692722e+02 -1.000000000000e+00 0.000000000000e+00 6.123233995737e-17 -1.034656859089e+00
P2: 5.542562584220e+02 0.000000000000e+00 9.600000000000e+02 0.000000000000e+00 0.000000000000e+00 5.542562584220e+02 3.600000000000e+02 0.000000000000e+00 0.000000000000e+00 0.000000000000e+00 1.000000000000e+00 0.000000000000e+00
P3: 5.542562584220e+02 0.000000000000e+00 9.600000000000e+02 -4.434073185882e+02 0.000000000000e+00 5.542562584220e+02 3.600000000000e+02 0.000000000000e+00 0.000000000000e+00 0.000000000000e+00 1.000000000000e+00 0.000000000000e+00
P4: 9.600000000000e+02 0.000000000000e+00 -5.542562584220e+02 -2.234931743745e+03 3.600000000000e+02 5.542562584220e+02 2.204364238465e-14 -3.724787833846e+02 1.000000000000e+00 0.000000000000e+00 6.123233995737e-17 -1.034663287179e+00
P5: 5.542562584220e+02 9.600000000000e+02 5.878304635907e-14 2.399999839783e+04 0.000000000000e+00 9.600000000000e+02 -5.542562584220e+02 2.399999839783e+04 0.000000000000e+00 1.000000000000e+00 6.123233995737e-17 2.499999833107e+01
R0_rect: 1.000000000000e+00 0.000000000000e+00 0.000000000000e+00 0.000000000000e+00 1.000000000000e+00 0.000000000000e+00 0.000000000000e+00 0.000000000000e+00 1.000000000000e+00
Tr_velo_to_p2: 0.000000000000e+00 -1.000000000000e+00 0.000000000000e+00 3.301106736424e-07 0.000000000000e+00 0.000000000000e+00 -1.000000000000e+00 -4.999999127494e-01 1.000000000000e+00 0.000000000000e+00 0.000000000000e+00 -2.240223446621e+00
imu_to_world: -1.522044162569e-02 -9.998841621550e-01 2.069625679069e-05 -5.425970458984e+01 9.998840611007e-01 -1.522044939668e-02 -4.497521341142e-04 6.939060211182e+01 4.500150421254e-04 1.384843118615e-05 9.999998986473e-01 5.827533453703e-02
p2_to_world: -9.998841621550e-01 -2.069625679069e-05 -1.522044162569e-02 -5.429375839233e+01 -1.522044939668e-02 4.497521341142e-04 9.998840611007e-01 7.162964630127e+01 1.384843118615e-05 -9.999998986473e-01 4.500150421254e-04 2.097074270248e+00
