P0: -5.542562584220e+02 0.000000000000e+00 -9.600000000000e+02 -4.301184800369e+03 -4.408728476930e-14 5.542562584220e+02 -3.600000000000e+02 -1.612944300139e+03 -1.224646799147e-16 0.000000000000e+00 -1.000000000000e+00 -4.480400833718e+00
P1: -9.600000000000e+02 0.000000000000e+00 5.542562584220e+02 2.483786795384e+02 -3.600000000000e+02 5.542562584220e+02 2.204364238465e-14 -3.724746774418e+02 -1.000000000000e+00 0.000000000000e+00 6.123233995737e-17 -1.034651881783e+00
P2: 5.542562584220e+02 0.000000000000e+00 9.600000000000e+02 0.000000000000e+00 0.000000000000e+00 5.542562584220e+02 3.600000000000e+02 0.000000000000e+00 0.000000000000e+00 0.000000000000e+00 1.000000000000e+00 0.000000000000e+00
P3: 5.542562584220e+02 0.000000000000e+00 9.600000000000e+02 -4.434052688960e+02 0.000000000000e+00 5.542562584220e+02 3.600000000000e+02 0.000000000000e+00 0.000000000000e+00 0.000000000000e+00 1.000000000000e+00 0.000000000000e+00
P4: 9.600000000000e+02 0.000000000000e+00 -5.542562584220e+02 -2.234912148494e+03 3.600000000000e+02 5.542562584220e+02 2.204364238465e-14 -3.724764976369e+02 1.000000000000e+00 0.000000000000e+00 6.123233995737e-17 -1.034656937880e+00
P5: 5.542562584220e+02 9.600000000000e+02 5.878304635907e-14 2.399979652405e+04 0.000000000000e+00 9.600000000000e+02 -5.542562584220e+02 2.399979652405e+04 0.000000000000e+00 1.000000000000e+00 6.123233995737e-17 2.499978804588e+01
R0_rect: 1.000000000000e+00 0.000000000000e+00 0.000000000000e+00 0.000000000000e+00 1.000000000000e+00 0.000000000000e+00 0.000000000000e+00 0.000000000000e+00 1.000000000000e+00
Tr_velo_to_p2: 0.000000000000e+00 -1.000000000000e+00 0.000000000000e+00 5.078681975075e-06 0.000000000000e+00 0.000000000000e+00 -1.000000000000e+00 -5.000003257048e-01 1.000000000000e+00 0.000000000000e+00 0.000000000000e+00 -2.240221928826e+00
imu_to_world: -1.522950152072e-02 -9.998840211195e-01 8.119882767854e-05 -5.423002624512e+01 9.998755867947e-01 -1.522970657278e-02 -4.106941633119e-03 6.746440887451e+01 4.107701948946e-03 1.864205162504e-05 9.999915631830e-01 5.669074878097e-02
p2_to_world: -9.998840211195e-01 -8.119882767854e-05 -1.522950152072e-02 -5.426397705078e+01 -1.522970657278e-02 4.106941633119e-03 9.998755867947e-01 6.969597625732e+01 1.864205162504e-05 -9.999915631830e-01 4.107701948946e-03 2.103666543961e+00
