P0: -5.542562584220e+02 0.000000000000e+00 -9.600000000000e+02 -4.300854579704e+03 -4.408728476930e-14 5.542562584220e+02 -3.600000000000e+02 -1.612820467389e+03 -1.224646799147e-16 0.000000000000e+00 -1.000000000000e+00 -4.480056853858e+00
P1: -9.600000000000e+02 0.000000000000e+00 5.542562584220e+02 2.482821197765e+02 -3.600000000000e+02 5.542562584220e+02 2.204364238465e-14 -3.724753705892e+02 -1.000000000000e+00 0.000000000000e+00 6.123233995737e-17 -1.034653807192e+00
P2: 5.542562584220e+02 0.000000000000e+00 9.600000000000e+02 0.000000000000e+00 0.000000000000e+00 5.542562584220e+02 3.600000000000e+02 0.000000000000e+00 0.000000000000e+00 0.000000000000e+00 1.000000000000e+00 0.000000000000e+00
P3: 5.542562584220e+02 0.000000000000e+00 9.600000000000e+02 -4.434052688715e+02 0.000000000000e+00 5.542562584220e+02 3.600000000000e+02 0.000000000000e+00 0.000000000000e+00 0.000000000000e+00 1.000000000000e+00 0.000000000000e+00
P4: 9.600000000000e+02 0.000000000000e+00 -5.542562584220e+02 -2.234826332765e+03 3.600000000000e+02 5.542562584220e+02 2.204364238465e-14 -3.724771358018e+02 1.000000000000e+00 0.000000000000e+00 6.123233995737e-17 -1.034658710560e+00
P5: 5.542562584220e+02 9.600000000000e+02 5.878304635907e-14 2.399793479919e+04 0.000000000000e+00 9.600000000000e+02 -5.542562584220e+02 2.399793479919e+04 0.000000000000e+00 1.000000000000e+00 6.123233995737e-17 2.499784874916e+01
R0_rect: 1.000000000000e+00 0.000000000000e+00 0.000000000000e+00 0.000000000000e+00 1.000000000000e+00 0.000000000000e+00 0.000000000000e+00 0.000000000000e+00 1.000000000000e+00
Tr_velo_to_p2: 0.000000000000e+00 -1.000000000000e+00 0.000000000000e+00 -7.579275152732e-07 0.000000000000e+00 0.000000000000e+00 -1.000000000000e+00 -4.999999378991e-01 1.000000000000e+00 0.000000000000e+00 0.000000000000e+00 -2.240222611940e+00
imu_to_world: -1.521833521592e-02 -9.998840919649e-01 -4.526684206863e-04 -5.425965881348e+01 9.997981709499e-01 -1.522296277562e-02 1.311025436561e-02 6.938583374023e+01 -1.311562573630e-02 -2.530608133472e-04 9.999139544590e-01 6.410789489746e-02
p2_to_world: -9.998840919649e-01 4.526684206863e-04 -1.521833521592e-02 -5.429467010498e+01 -1.522296277562e-02 -1.311025436561e-02 9.997981709499e-01 7.165232086182e+01 -2.530608133472e-04 -9.999139544590e-01 -1.311562573630e-02 2.072341680527e+00
