P0: -5.542562584220e+02 0.000000000000e+00 -9.600000000000e+02 -4.301213536325e+03 -4.408728476930e-14 5.542562584220e+02 -3.600000000000e+02 -1.612955076122e+03 -1.224646799147e-16 0.000000000000e+00 -1.000000000000e+00 -4.480430767006e+00
P1: -9.600000000000e+02 0.000000000000e+00 5.542562584220e+02 2.483855277079e+02 -3.600000000000e+02 5.542562584220e+02 2.204364238465e-14 -3.724764274680e+02 -1.000000000000e+00 0.000000000000e+00 6.123233995737e-17 -1.034656742967e+00
P2: 5.542562584220e+02 0.000000000000e+00 9.600000000000e+02 0.000000000000e+00 0.000000000000e+00 5.542562584220e+02 3.600000000000e+02 0.000000000000e+00 0.000000000000e+00 0.000000000000e+00 1.000000000000e+00 0.000000000000e+00
P3: 5.542562584220e+02 0.000000000000e+00 9.600000000000e+02 -4.434052045133e+02 0.000000000000e+00 5.542562584220e+02 3.600000000000e+02 0.000000000000e+00 0.000000000000e+00 0.000000000000e+00 1.000000000000e+00 0.000000000000e+00
P4: 9.600000000000e+02 0.000000000000e+00 -5.542562584220e+02 -2.234924484736e+03 3.600000000000e+02 5.542562584220e+02 2.204364238465e-14 -3.724760371207e+02 1.000000000000e+00 0.000000000000e+00 6.123233995737e-17 -1.034655658669e+00
P5: 5.542562584220e+02 9.600000000000e+02 5.878304635907e-14 2.399999794006e+04 0.000000000000e+00 9.600000000000e+02 -5.542562584220e+02 2.399999794006e+04 0.000000000000e+00 1.000000000000e+00 6.123233995737e-17 2.499999785423e+01
R0_rect: 1.000000000000e+00 0.000000000000e+00 0.000000000000e+00 0.000000000000e+00 1.000000000000e+00 0.000000000000e+00 0.000000000000e+00 0.000000000000e+00 1.000000000000e+00
Tr_velo_to_p2: 0.000000000000e+00 -1.000000000000e+00 0.000000000000e+00 3.936421757057e-07 0.000000000000e+00 0.000000000000e+00 -1.000000000000e+00 -4.999998312145e-01 1.000000000000e+00 0.000000000000e+00 0.000000000000e+00 -2.240219677466e+00
imu_to_world: -1.522044315932e-02 -9.998841623439e-01 -1.957017741701e-06 -5.425968933105e+01 9.998841618506e-01 -1.522044321336e-02 3.144510655828e-05 6.939041900635e+01 -3.147125070824e-05 -1.478182587379e-06 9.999999995037e-01 5.848247557878e-02
p2_to_world: -9.998841623439e-01 1.957017741701e-06 -1.522044315932e-02 -5.429379272461e+01 -1.522044321336e-02 -3.144510655828e-05 9.998841618506e-01 7.163043975830e+01 -1.478182587379e-06 -9.999999995037e-01 -3.147125070824e-05 2.096203088760e+00
