P0: -5.542562584220e+02 0.000000000000e+00 -9.600000000000e+02 -4.301123753764e+03 -4.408728476930e-14 5.542562584220e+02 -3.600000000000e+02 -1.612921407661e+03 -1.224646799147e-16 0.000000000000e+00 -1.000000000000e+00 -4.480337243504e+00
P1: -9.600000000000e+02 0.000000000000e+00 5.542562584220e+02 2.483595403457e+02 -3.600000000000e+02 5.542562584220e+02 2.204364238465e-14 -3.724760821505e+02 -1.000000000000e+00 0.000000000000e+00 6.123233995737e-17 -1.034655783751e+00
P2: 5.542562584220e+02 0.000000000000e+00 9.600000000000e+02 0.000000000000e+00 0.000000000000e+00 5.542562584220e+02 3.600000000000e+02 0.000000000000e+00 0.000000000000e+00 0.000000000000e+00 1.000000000000e+00 0.000000000000e+00
P3: 5.542562584220e+02 0.000000000000e+00 9.600000000000e+02 -4.434036713353e+02 0.000000000000e+00 5.542562584220e+02 3.600000000000e+02 0.000000000000e+00 0.000000000000e+00 0.000000000000e+00 1.000000000000e+00 0.000000000000e+00
P4: 9.600000000000e+02 0.000000000000e+00 -5.542562584220e+02 -2.234898676381e+03 3.600000000000e+02 5.542562584220e+02 2.204364238465e-14 -3.724773045279e+02 1.000000000000e+00 0.000000000000e+00 6.123233995737e-17 -1.034659179244e+00
P5: 5.542562584220e+02 9.600000000000e+02 5.878304635907e-14 2.399945823669e+04 0.000000000000e+00 9.600000000000e+02 -5.542562584220e+02 2.399945823669e+04 0.000000000000e+00 1.000000000000e+00 6.123233995737e-17 2.499943566322e+01
R0_rect: 1.000000000000e+00 0.000000000000e+00 0.000000000000e+00 0.000000000000e+00 1.000000000000e+00 0.000000000000e+00 0.000000000000e+00 0.000000000000e+00 1.000000000000e+00
Tr_velo_to_p2: 0.000000000000e+00 -1.000000000000e+00 0.000000000000e+00 5.792277055006e-07 0.000000000000e+00 0.000000000000e+00 -1.000000000000e+00 -5.000000353161e-01 1.000000000000e+00 0.000000000000e+00 0.000000000000e+00 -2.240223814748e+00
imu_to_world: -1.530317833543e-02 -9.998828795474e-01 1.998021190653e-04 -5.423699188232e+01 9.998603020824e-01 -1.530417561741e-02 -6.720009551680e-03 6.791707611084e+01 6.722280307838e-03 9.693670254018e-05 9.999774005200e-01 5.554813146591e-02
p2_to_world: -9.998828795474e-01 -1.998021190653e-04 -1.530317833543e-02 -5.427086639404e+01 -1.530417561741e-02 6.720009551680e-03 9.998603020824e-01 7.014328765869e+01 9.693670254018e-05 -9.999774005200e-01 6.722280307838e-03 2.108352422714e+00
