P0: -5.542562584220e+02 0.000000000000e+00 -9.600000000000e+02 -4.301178666461e+03 -4.408728476930e-14 5.542562584220e+02 -3.600000000000e+02 -1.612941999923e+03 -1.224646799147e-16 0.000000000000e+00 -1.000000000000e+00 -4.480394444230e+00
P1: -9.600000000000e+02 0.000000000000e+00 5.542562584220e+02 2.483657027019e+02 -3.600000000000e+02 5.542562584220e+02 2.204364238465e-14 -3.724778993091e+02 -1.000000000000e+00 0.000000000000e+00 6.123233995737e-17 -1.034660831414e+00
P2: 5.542562584220e+02 0.000000000000e+00 9.600000000000e+02 0.000000000000e+00 0.000000000000e+00 5.542562584220e+02 3.600000000000e+02 0.000000000000e+00 0.000000000000e+00 0.000000000000e+00 1.000000000000e+00 0.000000000000e+00
P3: 5.542562584220e+02 0.000000000000e+00 9.600000000000e+02 -4.434061095377e+02 0.000000000000e+00 5.542562584220e+02 3.600000000000e+02 0.000000000000e+00 0.000000000000e+00 0.000000000000e+00 1.000000000000e+00 0.000000000000e+00
P4: 9.600000000000e+02 0.000000000000e+00 -5.542562584220e+02 -2.234912127215e+03 3.600000000000e+02 5.542562584220e+02 2.204364238465e-14 -3.724761610612e+02 1.000000000000e+00 0.000000000000e+00 6.123233995737e-17 -1.034656002948e+00
P5: 5.542562584220e+02 9.600000000000e+02 5.878304635907e-14 2.399976264954e+04 0.000000000000e+00 9.600000000000e+02 -5.542562584220e+02 2.399976264954e+04 0.000000000000e+00 1.000000000000e+00 6.123233995737e-17 2.499975275993e+01
R0_rect: 1.000000000000e+00 0.000000000000e+00 0.000000000000e+00 0.000000000000e+00 1.000000000000e+00 0.000000000000e+00 0.000000000000e+00 0.000000000000e+00 1.000000000000e+00
Tr_velo_to_p2: 0.000000000000e+00 -1.000000000000e+00 0.000000000000e+00 -2.224509503581e-06 0.000000000000e+00 0.000000000000e+00 -1.000000000000e+00 -4.999998673347e-01 1.000000000000e+00 0.000000000000e+00 0.000000000000e+00 -2.240216176079e+00
imu_to_world: -1.535756166758e-02 -9.998820577258e-01 1.262443779207e-04 -5.424553680420e+01 9.998722058560e-01 -1.535797081348e-02 -4.438996420491e-03 6.847234344482e+01 4.440411732629e-03 5.805608335865e-05 9.999901396380e-01 5.654041096568e-02
p2_to_world: -9.998820577258e-01 -1.262443779207e-04 -1.535756166758e-02 -5.427968215942e+01 -1.535797081348e-02 4.438996420491e-03 9.998722058560e-01 7.070323181152e+01 5.805608335865e-05 -9.999901396380e-01 4.440411732629e-03 2.104258775711e+00
