P0: -5.542562584220e+02 0.000000000000e+00 -9.600000000000e+02 -4.301213201961e+03 -4.408728476930e-14 5.542562584220e+02 -3.600000000000e+02 -1.612954950736e+03 -1.224646799147e-16 0.000000000000e+00 -1.000000000000e+00 -4.480430418710e+00
P1: -9.600000000000e+02 0.000000000000e+00 5.542562584220e+02 2.483858838001e+02 -3.600000000000e+02 5.542562584220e+02 2.204364238465e-14 -3.724766692345e+02 -1.000000000000e+00 0.000000000000e+00 6.123233995737e-17 -1.034657414540e+00
P2: 5.542562584220e+02 0.000000000000e+00 9.600000000000e+02 0.000000000000e+00 0.000000000000e+00 5.542562584220e+02 3.600000000000e+02 0.000000000000e+00 0.000000000000e+00 0.000000000000e+00 1.000000000000e+00 0.000000000000e+00
P3: 5.542562584220e+02 0.000000000000e+00 9.600000000000e+02 -4.434052045062e+02 0.000000000000e+00 5.542562584220e+02 3.600000000000e+02 0.000000000000e+00 0.000000000000e+00 0.000000000000e+00 1.000000000000e+00 0.000000000000e+00
P4: 9.600000000000e+02 0.000000000000e+00 -5.542562584220e+02 -2.234926052786e+03 3.600000000000e+02 5.542562584220e+02 2.204364238465e-14 -3.724770849001e+02 1.000000000000e+00 0.000000000000e+00 6.123233995737e-17 -1.034658569167e+00
P5: 5.542562584220e+02 9.600000000000e+02 5.878304635907e-14 2.399996154785e+04 0.000000000000e+00 9.600000000000e+02 -5.542562584220e+02 2.399996154785e+04 0.000000000000e+00 1.000000000000e+00 6.123233995737e-17 2.499995994568e+01
R0_rect: 1.000000000000e+00 0.000000000000e+00 0.000000000000e+00 0.000000000000e+00 1.000000000000e+00 0.000000000000e+00 0.000000000000e+00 0.000000000000e+00 1.000000000000e+00
Tr_velo_to_p2: 0.000000000000e+00 -1.000000000000e+00 0.000000000000e+00 -6.807397317611e-08 0.000000000000e+00 0.000000000000e+00 -1.000000000000e+00 -5.000000620386e-01 1.000000000000e+00 0.000000000000e+00 0.000000000000e+00 -2.240220893049e+00
imu_to_world: -1.521496081431e-02 -9.998842457834e-01 -1.242201585813e-06 -5.422824096680e+01 9.998827007791e-01 -1.521493512041e-02 -1.757962421505e-03 6.734753417969e+01 1.757740029926e-03 -2.798938523276e-05 9.999984547821e-01 5.770843476057e-02
p2_to_world: -9.998842457834e-01 1.242201585813e-06 -1.521496081431e-02 -5.426232910156e+01 -1.521493512041e-02 1.757962421505e-03 9.998827007791e-01 6.958390808105e+01 -2.798938523276e-05 -9.999984547821e-01 1.757740029926e-03 2.099433898926e+00
