P0: -5.542562584220e+02 0.000000000000e+00 -9.600000000000e+02 -4.300984577004e+03 -4.408728476930e-14 5.542562584220e+02 -3.600000000000e+02 -1.612869216376e+03 -1.224646799147e-16 0.000000000000e+00 -1.000000000000e+00 -4.480192267712e+00
P1: -9.600000000000e+02 0.000000000000e+00 5.542562584220e+02 2.483148934476e+02 -3.600000000000e+02 5.542562584220e+02 2.204364238465e-14 -3.724777199939e+02 -1.000000000000e+00 0.000000000000e+00 6.123233995737e-17 -1.034660333316e+00
P2: 5.542562584220e+02 0.000000000000e+00 9.600000000000e+02 0.000000000000e+00 0.000000000000e+00 5.542562584220e+02 3.600000000000e+02 0.000000000000e+00 0.000000000000e+00 0.000000000000e+00 1.000000000000e+00 0.000000000000e+00
P3: 5.542562584220e+02 0.000000000000e+00 9.600000000000e+02 -4.434035446973e+02 0.000000000000e+00 5.542562584220e+02 3.600000000000e+02 0.000000000000e+00 0.000000000000e+00 0.000000000000e+00 1.000000000000e+00 0.000000000000e+00
P4: 9.600000000000e+02 0.000000000000e+00 -5.542562584220e+02 -2.234859361446e+03 3.600000000000e+02 5.542562584220e+02 2.204364238465e-14 -3.724760037740e+02 1.000000000000e+00 0.000000000000e+00 6.123233995737e-17 -1.034655566039e+00
P5: 5.542562584220e+02 9.600000000000e+02 5.878304635907e-14 2.399869445801e+04 0.000000000000e+00 9.600000000000e+02 -5.542562584220e+02 2.399869445801e+04 0.000000000000e+00 1.000000000000e+00 6.123233995737e-17 2.499864006042e+01
R0_rect: 1.000000000000e+00 0.000000000000e+00 0.000000000000e+00 0.000000000000e+00 1.000000000000e+00 0.000000000000e+00 0.000000000000e+00 0.000000000000e+00 1.000000000000e+00
Tr_velo_to_p2: 0.000000000000e+00 -1.000000000000e+00 0.000000000000e+00 -2.876389031034e-06 0.000000000000e+00 0.000000000000e+00 -1.000000000000e+00 -4.999999653380e-01 1.000000000000e+00 0.000000000000e+00 0.000000000000e+00 -2.240221761390e+00
imu_to_world: -1.496332862356e-02 -9.998879896337e-01 3.270821838093e-04 -5.422530746460e+01 9.998336080099e-01 -1.496592653303e-02 -1.042963743041e-02 6.715012359619e+01 1.043336429084e-02 1.709656676580e-04 9.999455563581e-01 5.392955616117e-02
p2_to_world: -9.998879896337e-01 -3.270821838093e-04 -1.496332862356e-02 -5.425816345215e+01 -1.496592653303e-02 1.042963743041e-02 9.998336080099e-01 6.936872100830e+01 1.709656676580e-04 -9.999455563581e-01 1.043336429084e-02 2.114982604980e+00
