P0: -5.542562584220e+02 0.000000000000e+00 -9.600000000000e+02 -4.301220859696e+03 -4.408728476930e-14 5.542562584220e+02 -3.600000000000e+02 -1.612957822386e+03 -1.224646799147e-16 0.000000000000e+00 -1.000000000000e+00 -4.480438395516e+00
P1: -9.600000000000e+02 0.000000000000e+00 5.542562584220e+02 2.483818982036e+02 -3.600000000000e+02 5.542562584220e+02 2.204364238465e-14 -3.724778005999e+02 -1.000000000000e+00 0.000000000000e+00 6.123233995737e-17 -1.034660557222e+00
P2: 5.542562584220e+02 0.000000000000e+00 9.600000000000e+02 0.000000000000e+00 0.000000000000e+00 5.542562584220e+02 3.600000000000e+02 0.000000000000e+00 0.000000000000e+00 0.000000000000e+00 1.000000000000e+00 0.000000000000e+00
P3: 5.542562584220e+02 0.000000000000e+00 9.600000000000e+02 -4.434052045133e+02 0.000000000000e+00 5.542562584220e+02 3.600000000000e+02 0.000000000000e+00 0.000000000000e+00 0.000000000000e+00 1.000000000000e+00 0.000000000000e+00
P4: 9.600000000000e+02 0.000000000000e+00 -5.542562584220e+02 -2.234924484736e+03 3.600000000000e+02 5.542562584220e+02 2.204364238465e-14 -3.724760371207e+02 1.000000000000e+00 0.000000000000e+00 6.123233995737e-17 -1.034655658669e+00
P5: 5.542562584220e+02 9.600000000000e+02 5.878304635907e-14 2.399999679565e+04 0.000000000000e+00 9.600000000000e+02 -5.542562584220e+02 2.399999679565e+04 0.000000000000e+00 1.000000000000e+00 6.123233995737e-17 2.499999666214e+01
R0_rect: 1.000000000000e+00 0.000000000000e+00 0.000000000000e+00 0.000000000000e+00 1.000000000000e+00 0.000000000000e+00 0.000000000000e+00 0.000000000000e+00 1.000000000000e+00
Tr_velo_to_p2: 0.000000000000e+00 -1.000000000000e+00 0.000000000000e+00 5.808091535194e-07 0.000000000000e+00 0.000000000000e+00 -1.000000000000e+00 -5.000000161030e-01 1.000000000000e+00 0.000000000000e+00 0.000000000000e+00 -2.240218483600e+00
imu_to_world: -1.522044316541e-02 -9.998841623445e-01 -1.546411353524e-06 -5.425968933105e+01 9.998841622501e-01 -1.522044318532e-02 1.380633905599e-05 6.939042663574e+01 -1.382827682819e-05 -1.336093621788e-06 9.999999999035e-01 5.847492069006e-02
p2_to_world: -9.998841623445e-01 1.546411353524e-06 -1.522044316541e-02 -5.429379272461e+01 -1.522044318532e-02 -1.380633905599e-05 9.998841622501e-01 7.163041687012e+01 -1.336093621788e-06 -9.999999999035e-01 -1.382827682819e-05 2.096234798431e+00
