P0: -5.542562584220e+02 0.000000000000e+00 -9.600000000000e+02 -4.301220971174e+03 -4.408728476930e-14 5.542562584220e+02 -3.600000000000e+02 -1.612957864190e+03 -1.224646799147e-16 0.000000000000e+00 -1.000000000000e+00 -4.480438511639e+00
P1: -9.600000000000e+02 0.000000000000e+00 5.542562584220e+02 2.483862378313e+02 -3.600000000000e+02 5.542562584220e+02 2.204364238465e-14 -3.724777587957e+02 -1.000000000000e+00 0.000000000000e+00 6.123233995737e-17 -1.034660441099e+00
P2: 5.542562584220e+02 0.000000000000e+00 9.600000000000e+02 0.000000000000e+00 0.000000000000e+00 5.542562584220e+02 3.600000000000e+02 0.000000000000e+00 0.000000000000e+00 0.000000000000e+00 1.000000000000e+00 0.000000000000e+00
P3: 5.542562584220e+02 0.000000000000e+00 9.600000000000e+02 -4.434052688750e+02 0.000000000000e+00 5.542562584220e+02 3.600000000000e+02 0.000000000000e+00 0.000000000000e+00 0.000000000000e+00 1.000000000000e+00 0.000000000000e+00
P4: 9.600000000000e+02 0.000000000000e+00 -5.542562584220e+02 -2.234928824364e+03 3.600000000000e+02 5.542562584220e+02 2.204364238465e-14 -3.724760789249e+02 1.000000000000e+00 0.000000000000e+00 6.123233995737e-17 -1.034655774791e+00
P5: 5.542562584220e+02 9.600000000000e+02 5.878304635907e-14 2.399999748230e+04 0.000000000000e+00 9.600000000000e+02 -5.542562584220e+02 2.399999748230e+04 0.000000000000e+00 1.000000000000e+00 6.123233995737e-17 2.499999737740e+01
R0_rect: 1.000000000000e+00 0.000000000000e+00 0.000000000000e+00 0.000000000000e+00 1.000000000000e+00 0.000000000000e+00 0.000000000000e+00 0.000000000000e+00 1.000000000000e+00
Tr_velo_to_p2: 0.000000000000e+00 -1.000000000000e+00 0.000000000000e+00 9.837092593542e-07 0.000000000000e+00 0.000000000000e+00 -1.000000000000e+00 -4.999998568149e-01 1.000000000000e+00 0.000000000000e+00 0.000000000000e+00 -2.240227124293e+00
imu_to_world: -1.522044316686e-02 -9.998841623452e-01 -1.003741658906e-06 -5.425968933105e+01 9.998841623455e-01 -1.522044316745e-02 5.808363048684e-07 6.939043426514e+01 -5.960464150272e-07 -9.947848018590e-07 9.999999999993e-01 5.846908316016e-02
p2_to_world: -9.998841623452e-01 1.003741658906e-06 -1.522044316686e-02 -5.429379272461e+01 -1.522044316745e-02 -5.808363048684e-07 9.998841623455e-01 7.163040161133e+01 -9.947848018590e-07 -9.999999999993e-01 -5.960464150272e-07 2.096258878708e+00
