P0: -5.542562584220e+02 0.000000000000e+00 -9.600000000000e+02 -4.300422500852e+03 -4.408728476930e-14 5.542562584220e+02 -3.600000000000e+02 -1.612658437820e+03 -1.224646799147e-16 0.000000000000e+00 -1.000000000000e+00 -4.479606771721e+00
P1: -9.600000000000e+02 0.000000000000e+00 5.542562584220e+02 2.481461380617e+02 -3.600000000000e+02 5.542562584220e+02 2.204364238465e-14 -3.724773953710e+02 -1.000000000000e+00 0.000000000000e+00 6.123233995737e-17 -1.034659431586e+00
P2: 5.542562584220e+02 0.000000000000e+00 9.600000000000e+02 0.000000000000e+00 0.000000000000e+00 5.542562584220e+02 3.600000000000e+02 0.000000000000e+00 0.000000000000e+00 0.000000000000e+00 1.000000000000e+00 0.000000000000e+00
P3: 5.542562584220e+02 0.000000000000e+00 9.600000000000e+02 -4.434052688750e+02 0.000000000000e+00 5.542562584220e+02 3.600000000000e+02 0.000000000000e+00 0.000000000000e+00 0.000000000000e+00 1.000000000000e+00 0.000000000000e+00
P4: 9.600000000000e+02 0.000000000000e+00 -5.542562584220e+02 -2.234693774346e+03 3.600000000000e+02 5.542562584220e+02 2.204364238465e-14 -3.724751528261e+02 1.000000000000e+00 0.000000000000e+00 6.123233995737e-17 -1.034653202295e+00
P5: 5.542562584220e+02 9.600000000000e+02 5.878304635907e-14 2.399555374146e+04 0.000000000000e+00 9.600000000000e+02 -5.542562584220e+02 2.399555374146e+04 0.000000000000e+00 1.000000000000e+00 6.123233995737e-17 2.499536848068e+01
R0_rect: 1.000000000000e+00 0.000000000000e+00 0.000000000000e+00 0.000000000000e+00 1.000000000000e+00 0.000000000000e+00 0.000000000000e+00 0.000000000000e+00 1.000000000000e+00
Tr_velo_to_p2: 0.000000000000e+00 -1.000000000000e+00 0.000000000000e+00 -4.516161628439e-07 0.000000000000e+00 0.000000000000e+00 -1.000000000000e+00 -5.000000463160e-01 1.000000000000e+00 0.000000000000e+00 0.000000000000e+00 -2.240219825076e+00
imu_to_world: -1.521762464776e-02 -9.998840243988e-01 -6.013751670249e-04 -5.425962448120e+01 9.996990039651e-01 -1.522637869392e-02 1.923691407170e-02 6.938362884521e+01 -1.924383982505e-02 -3.084540177598e-04 9.998147725879e-01 6.678985804319e-02
p2_to_world: -9.998840243988e-01 6.013751670249e-04 -1.521762464776e-02 -5.429494094849e+01 -1.522637869392e-02 -1.923691407170e-02 9.996990039651e-01 7.166237640381e+01 -3.084540177598e-04 -9.998147725879e-01 -1.924383982505e-02 2.061092853546e+00
