P0: -5.542562584220e+02 0.000000000000e+00 -9.600000000000e+02 -4.301209085344e+03 -4.408728476930e-14 5.542562584220e+02 -3.600000000000e+02 -1.612953407004e+03 -1.224646799147e-16 0.000000000000e+00 -1.000000000000e+00 -4.480426130566e+00
P1: -9.600000000000e+02 0.000000000000e+00 5.542562584220e+02 2.483830847788e+02 -3.600000000000e+02 5.542562584220e+02 2.204364238465e-14 -3.724766843211e+02 -1.000000000000e+00 0.000000000000e+00 6.123233995737e-17 -1.034657456447e+00
P2: 5.542562584220e+02 0.000000000000e+00 9.600000000000e+02 0.000000000000e+00 0.000000000000e+00 5.542562584220e+02 3.600000000000e+02 0.000000000000e+00 0.000000000000e+00 0.000000000000e+00 1.000000000000e+00 0.000000000000e+00
P3: 5.542562584220e+02 0.000000000000e+00 9.600000000000e+02 -4.434041904182e+02 0.000000000000e+00 5.542562584220e+02 3.600000000000e+02 0.000000000000e+00 0.000000000000e+00 0.000000000000e+00 1.000000000000e+00 0.000000000000e+00
P4: 9.600000000000e+02 0.000000000000e+00 -5.542562584220e+02 -2.234923999767e+03 3.600000000000e+02 5.542562584220e+02 2.204364238465e-14 -3.724761717495e+02 1.000000000000e+00 0.000000000000e+00 6.123233995737e-17 -1.034656032637e+00
P5: 5.542562584220e+02 9.600000000000e+02 5.878304635907e-14 2.399993247986e+04 0.000000000000e+00 9.600000000000e+02 -5.542562584220e+02 2.399993247986e+04 0.000000000000e+00 1.000000000000e+00 6.123233995737e-17 2.499992966652e+01
R0_rect: 1.000000000000e+00 0.000000000000e+00 0.000000000000e+00 0.000000000000e+00 1.000000000000e+00 0.000000000000e+00 0.000000000000e+00 0.000000000000e+00 1.000000000000e+00
Tr_velo_to_p2: 0.000000000000e+00 -1.000000000000e+00 0.000000000000e+00 -3.692074802521e-06 0.000000000000e+00 0.000000000000e+00 -1.000000000000e+00 -4.999999507154e-01 1.000000000000e+00 0.000000000000e+00 0.000000000000e+00 -2.240223378861e+00
imu_to_world: -1.537444543365e-02 -9.998818042630e-01 6.270030782832e-05 -5.425501251221e+01 9.998789716771e-01 -1.537455113365e-02 -2.380162896067e-03 6.908984375000e+01 2.380845560048e-03 2.609903474644e-05 9.999971654426e-01 5.743614211679e-02
p2_to_world: -9.998818042630e-01 -6.270030782832e-05 -1.537444543365e-02 -5.428932952881e+01 -1.537455113365e-02 2.380162896067e-03 9.998789716771e-01 7.132494354248e+01 2.609903474644e-05 -9.999971654426e-01 2.380845560048e-03 2.100555181503e+00
