P0: -5.542562584220e+02 0.000000000000e+00 -9.600000000000e+02 -4.301213647803e+03 -4.408728476930e-14 5.542562584220e+02 -3.600000000000e+02 -1.612955117926e+03 -1.224646799147e-16 0.000000000000e+00 -1.000000000000e+00 -4.480430883128e+00
P1: -9.600000000000e+02 0.000000000000e+00 5.542562584220e+02 2.483775585759e+02 -3.600000000000e+02 5.542562584220e+02 2.204364238465e-14 -3.724778424041e+02 -1.000000000000e+00 0.000000000000e+00 6.123233995737e-17 -1.034660673345e+00
P2: 5.542562584220e+02 0.000000000000e+00 9.600000000000e+02 0.000000000000e+00 0.000000000000e+00 5.542562584220e+02 3.600000000000e+02 0.000000000000e+00 0.000000000000e+00 0.000000000000e+00 1.000000000000e+00 0.000000000000e+00
P3: 5.542562584220e+02 0.000000000000e+00 9.600000000000e+02 -4.434052045133e+02 0.000000000000e+00 5.542562584220e+02 3.600000000000e+02 0.000000000000e+00 0.000000000000e+00 0.000000000000e+00 1.000000000000e+00 0.000000000000e+00
P4: 9.600000000000e+02 0.000000000000e+00 -5.542562584220e+02 -2.234924484736e+03 3.600000000000e+02 5.542562584220e+02 2.204364238465e-14 -3.724760371207e+02 1.000000000000e+00 0.000000000000e+00 6.123233995737e-17 -1.034655658669e+00
P5: 5.542562584220e+02 9.600000000000e+02 5.878304635907e-14 2.399999954224e+04 0.000000000000e+00 9.600000000000e+02 -5.542562584220e+02 2.399999954224e+04 0.000000000000e+00 1.000000000000e+00 6.123233995737e-17 2.499999952316e+01
R0_rect: 1.000000000000e+00 0.000000000000e+00 0.000000000000e+00 0.000000000000e+00 1.000000000000e+00 0.000000000000e+00 0.000000000000e+00 0.000000000000e+00 1.000000000000e+00
Tr_velo_to_p2: 0.000000000000e+00 -1.000000000000e+00 0.000000000000e+00 6.891864841705e-07 0.000000000000e+00 0.000000000000e+00 -1.000000000000e+00 -5.000000273671e-01 1.000000000000e+00 0.000000000000e+00 0.000000000000e+00 -2.240214489913e+00
imu_to_world: -1.522044316660e-02 -9.998841623450e-01 -1.208115772418e-06 -5.425968933105e+01 9.998841623287e-01 -1.522044317339e-02 5.823541649160e-06 6.939043426514e+01 -5.841255121213e-06 -1.119338942401e-06 9.999999999823e-01 5.847125872970e-02
p2_to_world: -9.998841623450e-01 1.208115772418e-06 -1.522044316660e-02 -5.429379272461e+01 -1.522044317339e-02 -5.823541649160e-06 9.998841623287e-01 7.163040161133e+01 -1.119338942401e-06 -9.999999999823e-01 -5.841255121213e-06 2.096249103546e+00
