P0: -5.542562584220e+02 0.000000000000e+00 -9.600000000000e+02 -4.301220859696e+03 -4.408728476930e-14 5.542562584220e+02 -3.600000000000e+02 -1.612957822386e+03 -1.224646799147e-16 0.000000000000e+00 -1.000000000000e+00 -4.480438395516e+00
P1: -9.600000000000e+02 0.000000000000e+00 5.542562584220e+02 2.483818982036e+02 -3.600000000000e+02 5.542562584220e+02 2.204364238465e-14 -3.724778005999e+02 -1.000000000000e+00 0.000000000000e+00 6.123233995737e-17 -1.034660557222e+00
P2: 5.542562584220e+02 0.000000000000e+00 9.600000000000e+02 0.000000000000e+00 0.000000000000e+00 5.542562584220e+02 3.600000000000e+02 0.000000000000e+00 0.000000000000e+00 0.000000000000e+00 1.000000000000e+00 0.000000000000e+00
P3: 5.542562584220e+02 0.000000000000e+00 9.600000000000e+02 -4.434052045133e+02 0.000000000000e+00 5.542562584220e+02 3.600000000000e+02 0.000000000000e+00 0.000000000000e+00 0.000000000000e+00 1.000000000000e+00 0.000000000000e+00
P4: 9.600000000000e+02 0.000000000000e+00 -5.542562584220e+02 -2.234924484736e+03 3.600000000000e+02 5.542562584220e+02 2.204364238465e-14 -3.724760371207e+02 1.000000000000e+00 0.000000000000e+00 6.123233995737e-17 -1.034655658669e+00
P5: 5.542562584220e+02 9.600000000000e+02 5.878304635907e-14 2.399999885559e+04 0.000000000000e+00 9.600000000000e+02 -5.542562584220e+02 2.399999885559e+04 0.000000000000e+00 1.000000000000e+00 6.123233995737e-17 2.499999880791e+01
R0_rect: 1.000000000000e+00 0.000000000000e+00 0.000000000000e+00 0.000000000000e+00 1.000000000000e+00 0.000000000000e+00 0.000000000000e+00 0.000000000000e+00 1.000000000000e+00
Tr_velo_to_p2: 0.000000000000e+00 -1.000000000000e+00 0.000000000000e+00 3.491383811297e-07 0.000000000000e+00 0.000000000000e+00 -1.000000000000e+00 -4.999998231850e-01 1.000000000000e+00 0.000000000000e+00 0.000000000000e+00 -2.240216219964e+00
imu_to_world: -1.522044316227e-02 -9.998841623439e-01 -1.940778816825e-06 -5.425968933105e+01 9.998841620442e-01 -1.522044320532e-02 2.453041382058e-05 6.939042663574e+01 -2.455711178870e-05 -1.567190231671e-06 9.999999996972e-01 5.847949907184e-02
p2_to_world: -9.998841623439e-01 1.940778816825e-06 -1.522044316227e-02 -5.429379272461e+01 -1.522044320532e-02 -2.453041382058e-05 9.998841620442e-01 7.163043212891e+01 -1.567190231671e-06 -9.999999996972e-01 -2.455711178870e-05 2.096215486526e+00
