P0: -5.542562584220e+02 0.000000000000e+00 -9.600000000000e+02 -4.301193594420e+03 -4.408728476930e-14 5.542562584220e+02 -3.600000000000e+02 -1.612947597907e+03 -1.224646799147e-16 0.000000000000e+00 -1.000000000000e+00 -4.480409994187e+00
P1: -9.600000000000e+02 0.000000000000e+00 5.542562584220e+02 2.483772820274e+02 -3.600000000000e+02 5.542562584220e+02 2.204364238465e-14 -3.724775543223e+02 -1.000000000000e+00 0.000000000000e+00 6.123233995737e-17 -1.034659873117e+00
P2: 5.542562584220e+02 0.000000000000e+00 9.600000000000e+02 0.000000000000e+00 0.000000000000e+00 5.542562584220e+02 3.600000000000e+02 0.000000000000e+00 0.000000000000e+00 0.000000000000e+00 1.000000000000e+00 0.000000000000e+00
P3: 5.542562584220e+02 0.000000000000e+00 9.600000000000e+02 -4.434040604164e+02 0.000000000000e+00 5.542562584220e+02 3.600000000000e+02 0.000000000000e+00 0.000000000000e+00 0.000000000000e+00 1.000000000000e+00 0.000000000000e+00
P4: 9.600000000000e+02 0.000000000000e+00 -5.542562584220e+02 -2.234919430291e+03 3.600000000000e+02 5.542562584220e+02 2.204364238465e-14 -3.724765060483e+02 1.000000000000e+00 0.000000000000e+00 6.123233995737e-17 -1.034656961245e+00
P5: 5.542562584220e+02 9.600000000000e+02 5.878304635907e-14 2.399987525940e+04 0.000000000000e+00 9.600000000000e+02 -5.542562584220e+02 2.399987525940e+04 0.000000000000e+00 1.000000000000e+00 6.123233995737e-17 2.499987006187e+01
R0_rect: 1.000000000000e+00 0.000000000000e+00 0.000000000000e+00 0.000000000000e+00 1.000000000000e+00 0.000000000000e+00 0.000000000000e+00 0.000000000000e+00 1.000000000000e+00
Tr_velo_to_p2: 0.000000000000e+00 -1.000000000000e+00 0.000000000000e+00 -1.086537448715e-06 0.000000000000e+00 0.000000000000e+00 -1.000000000000e+00 -5.000000191578e-01 1.000000000000e+00 0.000000000000e+00 0.000000000000e+00 -2.240222914872e+00
imu_to_world: -1.536136240098e-02 -9.998820027005e-01 9.602526449540e-05 -5.424858856201e+01 9.998768861572e-01 -1.536159102244e-02 -3.199070138385e-03 6.867197418213e+01 3.200167757588e-03 4.687136671420e-05 9.999948783516e-01 5.707847326994e-02
p2_to_world: -9.998820027005e-01 -9.602526449540e-05 -1.536136240098e-02 -5.428280639648e+01 -1.536159102244e-02 3.199070138385e-03 9.998768861572e-01 7.090539550781e+01 4.687136671420e-05 -9.999948783516e-01 3.200167757588e-03 2.102028131485e+00
