P0: -5.542562584220e+02 0.000000000000e+00 -9.600000000000e+02 -4.301220915435e+03 -4.408728476930e-14 5.542562584220e+02 -3.600000000000e+02 -1.612957843288e+03 -1.224646799147e-16 0.000000000000e+00 -1.000000000000e+00 -4.480438453578e+00
P1: -9.600000000000e+02 0.000000000000e+00 5.542562584220e+02 2.483855277079e+02 -3.600000000000e+02 5.542562584220e+02 2.204364238465e-14 -3.724764274680e+02 -1.000000000000e+00 0.000000000000e+00 6.123233995737e-17 -1.034656742967e+00
P2: 5.542562584220e+02 0.000000000000e+00 9.600000000000e+02 0.000000000000e+00 0.000000000000e+00 5.542562584220e+02 3.600000000000e+02 0.000000000000e+00 0.000000000000e+00 0.000000000000e+00 1.000000000000e+00 0.000000000000e+00
P3: 5.542562584220e+02 0.000000000000e+00 9.600000000000e+02 -4.434052045133e+02 0.000000000000e+00 5.542562584220e+02 3.600000000000e+02 0.000000000000e+00 0.000000000000e+00 0.000000000000e+00 1.000000000000e+00 0.000000000000e+00
P4: 9.600000000000e+02 0.000000000000e+00 -5.542562584220e+02 -2.234928114241e+03 3.600000000000e+02 5.542562584220e+02 2.204364238465e-14 -3.724774102527e+02 1.000000000000e+00 0.000000000000e+00 6.123233995737e-17 -1.034659472924e+00
P5: 5.542562584220e+02 9.600000000000e+02 5.878304635907e-14 2.399999885559e+04 0.000000000000e+00 9.600000000000e+02 -5.542562584220e+02 2.399999885559e+04 0.000000000000e+00 1.000000000000e+00 6.123233995737e-17 2.499999880791e+01
R0_rect: 1.000000000000e+00 0.000000000000e+00 0.000000000000e+00 0.000000000000e+00 1.000000000000e+00 0.000000000000e+00 0.000000000000e+00 0.000000000000e+00 1.000000000000e+00
Tr_velo_to_p2: 0.000000000000e+00 -1.000000000000e+00 0.000000000000e+00 -2.918525459922e-06 0.000000000000e+00 0.000000000000e+00 -1.000000000000e+00 -5.000002197596e-01 1.000000000000e+00 0.000000000000e+00 0.000000000000e+00 -2.240218302149e+00
imu_to_world: -1.522044316683e-02 -9.998841623453e-01 -9.093578477164e-07 -5.425968933105e+01 9.998841623439e-01 -1.522044316507e-02 -1.921411929376e-06 6.939043426514e+01 1.907348528086e-06 -9.384972509059e-07 9.999999999977e-01 5.846805498004e-02
p2_to_world: -9.998841623453e-01 9.093578477164e-07 -1.522044316683e-02 -5.429378890991e+01 -1.522044316507e-02 1.921411929376e-06 9.998841623439e-01 7.163039398193e+01 -9.384972509059e-07 -9.999999999977e-01 1.907348528086e-06 2.096263170242e+00
