P0: -5.542562584220e+02 0.000000000000e+00 -9.600000000000e+02 -4.301220615106e+03 -4.408728476930e-14 5.542562584220e+02 -3.600000000000e+02 -1.612957730665e+03 -1.224646799147e-16 0.000000000000e+00 -1.000000000000e+00 -4.480438140736e+00
P1: -9.600000000000e+02 0.000000000000e+00 5.542562584220e+02 2.483860827537e+02 -3.600000000000e+02 5.542562584220e+02 2.204364238465e-14 -3.724770282696e+02 -1.000000000000e+00 0.000000000000e+00 6.123233995737e-17 -1.034658411860e+00
P2: 5.542562584220e+02 0.000000000000e+00 9.600000000000e+02 0.000000000000e+00 0.000000000000e+00 5.542562584220e+02 3.600000000000e+02 0.000000000000e+00 0.000000000000e+00 0.000000000000e+00 1.000000000000e+00 0.000000000000e+00
P3: 5.542562584220e+02 0.000000000000e+00 9.600000000000e+02 -4.434047387855e+02 0.000000000000e+00 5.542562584220e+02 3.600000000000e+02 0.000000000000e+00 0.000000000000e+00 0.000000000000e+00 1.000000000000e+00 0.000000000000e+00
P4: 9.600000000000e+02 0.000000000000e+00 -5.542562584220e+02 -2.234930325856e+03 3.600000000000e+02 5.542562584220e+02 2.204364238465e-14 -3.724775160023e+02 1.000000000000e+00 0.000000000000e+00 6.123233995737e-17 -1.034659766673e+00
P5: 5.542562584220e+02 9.600000000000e+02 5.878304635907e-14 2.399999061584e+04 0.000000000000e+00 9.600000000000e+02 -5.542562584220e+02 2.399999061584e+04 0.000000000000e+00 1.000000000000e+00 6.123233995737e-17 2.499999022484e+01
R0_rect: 1.000000000000e+00 0.000000000000e+00 0.000000000000e+00 0.000000000000e+00 1.000000000000e+00 0.000000000000e+00 0.000000000000e+00 0.000000000000e+00 1.000000000000e+00
Tr_velo_to_p2: 0.000000000000e+00 -1.000000000000e+00 0.000000000000e+00 -2.670219885361e-08 0.000000000000e+00 0.000000000000e+00 -1.000000000000e+00 -4.999999923924e-01 1.000000000000e+00 0.000000000000e+00 0.000000000000e+00 -2.240222609632e+00
imu_to_world: -1.721155486334e-02 -9.998518700618e-01 1.769661116206e-05 -5.431307983398e+01 9.998515891463e-01 -1.721156329345e-02 -7.495135234801e-04 7.248464965820e+01 7.497070844313e-04 4.793691662697e-06 9.999997189581e-01 5.815787985921e-02
p2_to_world: -9.998518700618e-01 -1.769661116206e-05 -1.721155486334e-02 -5.435160064697e+01 -1.721156329345e-02 7.495135234801e-04 9.998515891463e-01 7.472300720215e+01 4.793691662697e-06 -9.999997189581e-01 7.497070844313e-04 2.097627878189e+00
