P0: -5.542562584220e+02 0.000000000000e+00 -9.600000000000e+02 -4.301216220166e+03 -4.408728476930e-14 5.542562584220e+02 -3.600000000000e+02 -1.612956082562e+03 -1.224646799147e-16 0.000000000000e+00 -1.000000000000e+00 -4.480433562673e+00
P1: -9.600000000000e+02 0.000000000000e+00 5.542562584220e+02 2.483845092987e+02 -3.600000000000e+02 5.542562584220e+02 2.204364238465e-14 -3.724759744101e+02 -1.000000000000e+00 0.000000000000e+00 6.123233995737e-17 -1.034655484473e+00
P2: 5.542562584220e+02 0.000000000000e+00 9.600000000000e+02 0.000000000000e+00 0.000000000000e+00 5.542562584220e+02 3.600000000000e+02 0.000000000000e+00 0.000000000000e+00 0.000000000000e+00 1.000000000000e+00 0.000000000000e+00
P3: 5.542562584220e+02 0.000000000000e+00 9.600000000000e+02 -4.434049903310e+02 0.000000000000e+00 5.542562584220e+02 3.600000000000e+02 0.000000000000e+00 0.000000000000e+00 0.000000000000e+00 1.000000000000e+00 0.000000000000e+00
P4: 9.600000000000e+02 0.000000000000e+00 -5.542562584220e+02 -2.234920228054e+03 3.600000000000e+02 5.542562584220e+02 2.204364238465e-14 -3.724762079251e+02 1.000000000000e+00 0.000000000000e+00 6.123233995737e-17 -1.034656133125e+00
P5: 5.542562584220e+02 9.600000000000e+02 5.878304635907e-14 2.399999885559e+04 0.000000000000e+00 9.600000000000e+02 -5.542562584220e+02 2.399999885559e+04 0.000000000000e+00 1.000000000000e+00 6.123233995737e-17 2.499999880791e+01
R0_rect: 1.000000000000e+00 0.000000000000e+00 0.000000000000e+00 0.000000000000e+00 1.000000000000e+00 0.000000000000e+00 0.000000000000e+00 0.000000000000e+00 1.000000000000e+00
Tr_velo_to_p2: 0.000000000000e+00 -1.000000000000e+00 0.000000000000e+00 8.512520914282e-07 0.000000000000e+00 0.000000000000e+00 -1.000000000000e+00 -5.000002027508e-01 1.000000000000e+00 0.000000000000e+00 0.000000000000e+00 -2.240214766756e+00
imu_to_world: -1.858140318993e-02 -9.998273505388e-01 2.387588287875e-05 -5.431628417969e+01 9.998273398614e-01 -1.858139944467e-02 1.485272138246e-04 7.270125579834e+01 -1.480579233643e-04 2.663160451025e-05 9.999999886848e-01 5.853305757046e-02
p2_to_world: -9.998273505388e-01 -2.387588287875e-05 -1.858140318993e-02 -5.435786056519e+01 -1.858139944467e-02 -1.485272138246e-04 9.998273398614e-01 7.494138336182e+01 2.663160451025e-05 -9.999999886848e-01 -1.480579233643e-04 2.095992326736e+00
