P0: -5.542562584220e+02 0.000000000000e+00 -9.600000000000e+02 -4.301211814093e+03 -4.408728476930e-14 5.542562584220e+02 -3.600000000000e+02 -1.612954430285e+03 -1.224646799147e-16 0.000000000000e+00 -1.000000000000e+00 -4.480428973014e+00
P1: -9.600000000000e+02 0.000000000000e+00 5.542562584220e+02 2.483807039428e+02 -3.600000000000e+02 5.542562584220e+02 2.204364238465e-14 -3.724772213824e+02 -1.000000000000e+00 0.000000000000e+00 6.123233995737e-17 -1.034658948284e+00
P2: 5.542562584220e+02 0.000000000000e+00 9.600000000000e+02 0.000000000000e+00 0.000000000000e+00 5.542562584220e+02 3.600000000000e+02 0.000000000000e+00 0.000000000000e+00 0.000000000000e+00 1.000000000000e+00 0.000000000000e+00
P3: 5.542562584220e+02 0.000000000000e+00 9.600000000000e+02 -4.434036859590e+02 0.000000000000e+00 5.542562584220e+02 3.600000000000e+02 0.000000000000e+00 0.000000000000e+00 0.000000000000e+00 1.000000000000e+00 0.000000000000e+00
P4: 9.600000000000e+02 0.000000000000e+00 -5.542562584220e+02 -2.234925305395e+03 3.600000000000e+02 5.542562584220e+02 2.204364238465e-14 -3.724773003686e+02 1.000000000000e+00 0.000000000000e+00 6.123233995737e-17 -1.034659167691e+00
P5: 5.542562584220e+02 9.600000000000e+02 5.878304635907e-14 2.399998924255e+04 0.000000000000e+00 9.600000000000e+02 -5.542562584220e+02 2.399998924255e+04 0.000000000000e+00 1.000000000000e+00 6.123233995737e-17 2.499998879433e+01
R0_rect: 1.000000000000e+00 0.000000000000e+00 0.000000000000e+00 0.000000000000e+00 1.000000000000e+00 0.000000000000e+00 0.000000000000e+00 0.000000000000e+00 1.000000000000e+00
Tr_velo_to_p2: 0.000000000000e+00 -1.000000000000e+00 0.000000000000e+00 -2.242362687296e-06 0.000000000000e+00 0.000000000000e+00 -1.000000000000e+00 -4.999995528821e-01 1.000000000000e+00 0.000000000000e+00 0.000000000000e+00 -2.240214426732e+00
imu_to_world: -1.942333722087e-02 -9.998113489090e-01 -2.374918113738e-05 -5.433565902710e+01 9.998110590068e-01 -1.942334967568e-02 7.614295777491e-04 7.386113739014e+01 -7.617472218783e-04 -8.955190484944e-06 9.999997098304e-01 5.879848450422e-02
p2_to_world: -9.998113489090e-01 2.374918113738e-05 -1.942333722087e-02 -5.437921905518e+01 -1.942334967568e-02 -7.614295777491e-04 9.998110590068e-01 7.610248565674e+01 -8.955190484944e-06 -9.999997098304e-01 -7.617472218783e-04 2.094882726669e+00
