P0: -5.542562584220e+02 0.000000000000e+00 -9.600000000000e+02 -4.301207312733e+03 -4.408728476930e-14 5.542562584220e+02 -3.600000000000e+02 -1.612952742275e+03 -1.224646799147e-16 0.000000000000e+00 -1.000000000000e+00 -4.480424284097e+00
P1: -9.600000000000e+02 0.000000000000e+00 5.542562584220e+02 2.483708295043e+02 -3.600000000000e+02 5.542562584220e+02 2.204364238465e-14 -3.724791059431e+02 -1.000000000000e+00 0.000000000000e+00 6.123233995737e-17 -1.034664183175e+00
P2: 5.542562584220e+02 0.000000000000e+00 9.600000000000e+02 0.000000000000e+00 0.000000000000e+00 5.542562584220e+02 3.600000000000e+02 0.000000000000e+00 0.000000000000e+00 0.000000000000e+00 1.000000000000e+00 0.000000000000e+00
P3: 5.542562584220e+02 0.000000000000e+00 9.600000000000e+02 -4.434042756430e+02 0.000000000000e+00 5.542562584220e+02 3.600000000000e+02 0.000000000000e+00 0.000000000000e+00 0.000000000000e+00 1.000000000000e+00 0.000000000000e+00
P4: 9.600000000000e+02 0.000000000000e+00 -5.542562584220e+02 -2.234918814271e+03 3.600000000000e+02 5.542562584220e+02 2.204364238465e-14 -3.724755825823e+02 1.000000000000e+00 0.000000000000e+00 6.123233995737e-17 -1.034654396062e+00
P5: 5.542562584220e+02 9.600000000000e+02 5.878304635907e-14 2.399991851807e+04 0.000000000000e+00 9.600000000000e+02 -5.542562584220e+02 2.399991851807e+04 0.000000000000e+00 1.000000000000e+00 6.123233995737e-17 2.499991512299e+01
R0_rect: 1.000000000000e+00 0.000000000000e+00 0.000000000000e+00 0.000000000000e+00 1.000000000000e+00 0.000000000000e+00 0.000000000000e+00 0.000000000000e+00 1.000000000000e+00
Tr_velo_to_p2: 0.000000000000e+00 -1.000000000000e+00 0.000000000000e+00 -4.851953886042e-06 0.000000000000e+00 0.000000000000e+00 -1.000000000000e+00 -5.000001027076e-01 1.000000000000e+00 0.000000000000e+00 0.000000000000e+00 -2.240221172182e+00
imu_to_world: -1.599926878859e-02 -9.998720006032e-01 7.621031489083e-05 -5.425982284546e+01 9.998686238153e-01 -1.599941283826e-02 -2.598826357989e-03 6.941803741455e+01 2.599713030074e-03 3.462098123410e-05 9.999966201411e-01 5.734149739146e-02
p2_to_world: -9.998720006032e-01 -7.621031489083e-05 -1.599926878859e-02 -5.429551315308e+01 -1.599941283826e-02 2.598826357989e-03 9.998686238153e-01 7.165266418457e+01 3.462098123410e-05 -9.999966201411e-01 2.599713030074e-03 2.100949287415e+00
