P0: -5.542562584220e+02 0.000000000000e+00 -9.600000000000e+02 -4.301221138415e+03 -4.408728476930e-14 5.542562584220e+02 -3.600000000000e+02 -1.612957926906e+03 -1.224646799147e-16 0.000000000000e+00 -1.000000000000e+00 -4.480438685849e+00
P1: -9.600000000000e+02 0.000000000000e+00 5.542562584220e+02 2.483764660208e+02 -3.600000000000e+02 5.542562584220e+02 2.204364238465e-14 -3.724787630566e+02 -1.000000000000e+00 0.000000000000e+00 6.123233995737e-17 -1.034663230713e+00
P2: 5.542562584220e+02 0.000000000000e+00 9.600000000000e+02 0.000000000000e+00 0.000000000000e+00 5.542562584220e+02 3.600000000000e+02 0.000000000000e+00 0.000000000000e+00 0.000000000000e+00 1.000000000000e+00 0.000000000000e+00
P3: 5.542562584220e+02 0.000000000000e+00 9.600000000000e+02 -4.434030904375e+02 0.000000000000e+00 5.542562584220e+02 3.600000000000e+02 0.000000000000e+00 0.000000000000e+00 0.000000000000e+00 1.000000000000e+00 0.000000000000e+00
P4: 9.600000000000e+02 0.000000000000e+00 -5.542562584220e+02 -2.234920795895e+03 3.600000000000e+02 5.542562584220e+02 2.204364238465e-14 -3.724751164711e+02 1.000000000000e+00 0.000000000000e+00 6.123233995737e-17 -1.034653101309e+00
P5: 5.542562584220e+02 9.600000000000e+02 5.878304635907e-14 2.399999679565e+04 0.000000000000e+00 9.600000000000e+02 -5.542562584220e+02 2.399999679565e+04 0.000000000000e+00 1.000000000000e+00 6.123233995737e-17 2.499999666214e+01
R0_rect: 1.000000000000e+00 0.000000000000e+00 0.000000000000e+00 0.000000000000e+00 1.000000000000e+00 0.000000000000e+00 0.000000000000e+00 0.000000000000e+00 1.000000000000e+00
Tr_velo_to_p2: 0.000000000000e+00 -1.000000000000e+00 0.000000000000e+00 -8.055779405861e-07 0.000000000000e+00 0.000000000000e+00 -1.000000000000e+00 -5.000000666838e-01 1.000000000000e+00 0.000000000000e+00 0.000000000000e+00 -2.240218050849e+00
imu_to_world: -1.522270528087e-02 -9.998841278731e-01 8.447227683381e-06 -5.425975036621e+01 9.998840417998e-01 -1.522270747550e-02 -4.148869785198e-04 6.939459228516e+01 4.149674943592e-04 2.130545959185e-06 9.999999138987e-01 5.828880146146e-02
p2_to_world: -9.998841278731e-01 -8.447227683381e-06 -1.522270528087e-02 -5.429383850098e+01 -1.522270747550e-02 4.148869785198e-04 9.998840417998e-01 7.163370513916e+01 2.130545959185e-06 -9.999999138987e-01 4.149674943592e-04 2.097009181976e+00
