P0: -5.542562584220e+02 0.000000000000e+00 -9.600000000000e+02 -4.301216473646e+03 -4.408728476930e-14 5.542562584220e+02 -3.600000000000e+02 -1.612956177617e+03 -1.224646799147e-16 0.000000000000e+00 -1.000000000000e+00 -4.480433826714e+00
P1: -9.600000000000e+02 0.000000000000e+00 5.542562584220e+02 2.483825644336e+02 -3.600000000000e+02 5.542562584220e+02 2.204364238465e-14 -3.724770643255e+02 -1.000000000000e+00 0.000000000000e+00 6.123233995737e-17 -1.034658512015e+00
P2: 5.542562584220e+02 0.000000000000e+00 9.600000000000e+02 0.000000000000e+00 0.000000000000e+00 5.542562584220e+02 3.600000000000e+02 0.000000000000e+00 0.000000000000e+00 0.000000000000e+00 1.000000000000e+00 0.000000000000e+00
P3: 5.542562584220e+02 0.000000000000e+00 9.600000000000e+02 -4.434041482103e+02 0.000000000000e+00 5.542562584220e+02 3.600000000000e+02 0.000000000000e+00 0.000000000000e+00 0.000000000000e+00 1.000000000000e+00 0.000000000000e+00
P4: 9.600000000000e+02 0.000000000000e+00 -5.542562584220e+02 -2.234922079946e+03 3.600000000000e+02 5.542562584220e+02 2.204364238465e-14 -3.724756081880e+02 1.000000000000e+00 0.000000000000e+00 6.123233995737e-17 -1.034654467189e+00
P5: 5.542562584220e+02 9.600000000000e+02 5.878304635907e-14 2.399997436523e+04 0.000000000000e+00 9.600000000000e+02 -5.542562584220e+02 2.399997436523e+04 0.000000000000e+00 1.000000000000e+00 6.123233995737e-17 2.499997329712e+01
R0_rect: 1.000000000000e+00 0.000000000000e+00 0.000000000000e+00 0.000000000000e+00 1.000000000000e+00 0.000000000000e+00 0.000000000000e+00 0.000000000000e+00 1.000000000000e+00
Tr_velo_to_p2: 0.000000000000e+00 -1.000000000000e+00 0.000000000000e+00 -2.911101348805e-06 0.000000000000e+00 0.000000000000e+00 -1.000000000000e+00 -4.999997646094e-01 1.000000000000e+00 0.000000000000e+00 0.000000000000e+00 -2.240214640981e+00
imu_to_world: -1.821419865482e-02 -9.998341046880e-01 -7.791091856082e-05 -5.432249450684e+01 9.998331750532e-01 -1.821428804409e-02 1.364468437379e-03 7.303906250000e+01 -1.365661170374e-03 -5.304522189932e-05 9.999990660775e-01 5.905853211880e-02
p2_to_world: -9.998341046880e-01 7.791091856082e-05 -1.821419865482e-02 -5.436345672607e+01 -1.821428804409e-02 -1.364468437379e-03 9.998331750532e-01 7.528168487549e+01 -5.304522189932e-05 -9.999990660775e-01 -1.365661170374e-03 2.093788146973e+00
