P0: -5.542562584220e+02 0.000000000000e+00 -9.600000000000e+02 -4.300246395686e+03 -4.408728476930e-14 5.542562584220e+02 -3.600000000000e+02 -1.612592398382e+03 -1.224646799147e-16 0.000000000000e+00 -1.000000000000e+00 -4.479423328840e+00
P1: -9.600000000000e+02 0.000000000000e+00 5.542562584220e+02 2.481034814124e+02 -3.600000000000e+02 5.542562584220e+02 2.204364238465e-14 -3.724766069343e+02 -1.000000000000e+00 0.000000000000e+00 6.123233995737e-17 -1.034657241484e+00
P2: 5.542562584220e+02 0.000000000000e+00 9.600000000000e+02 0.000000000000e+00 0.000000000000e+00 5.542562584220e+02 3.600000000000e+02 0.000000000000e+00 0.000000000000e+00 0.000000000000e+00 1.000000000000e+00 0.000000000000e+00
P3: 5.542562584220e+02 0.000000000000e+00 9.600000000000e+02 -4.434055419127e+02 0.000000000000e+00 5.542562584220e+02 3.600000000000e+02 0.000000000000e+00 0.000000000000e+00 0.000000000000e+00 1.000000000000e+00 0.000000000000e+00
P4: 9.600000000000e+02 0.000000000000e+00 -5.542562584220e+02 -2.234648925417e+03 3.600000000000e+02 5.542562584220e+02 2.204364238465e-14 -3.724765186939e+02 1.000000000000e+00 0.000000000000e+00 6.123233995737e-17 -1.034656996372e+00
P5: 5.542562584220e+02 9.600000000000e+02 5.878304635907e-14 2.399458877563e+04 0.000000000000e+00 9.600000000000e+02 -5.542562584220e+02 2.399458877563e+04 0.000000000000e+00 1.000000000000e+00 6.123233995737e-17 2.499436330795e+01
R0_rect: 1.000000000000e+00 0.000000000000e+00 0.000000000000e+00 0.000000000000e+00 1.000000000000e+00 0.000000000000e+00 0.000000000000e+00 0.000000000000e+00 1.000000000000e+00
Tr_velo_to_p2: 0.000000000000e+00 -1.000000000000e+00 0.000000000000e+00 2.821907094401e-07 0.000000000000e+00 0.000000000000e+00 -1.000000000000e+00 -5.000002239501e-01 1.000000000000e+00 0.000000000000e+00 0.000000000000e+00 -2.240216854217e+00
imu_to_world: -1.730658143933e-02 -9.998500371348e-01 -6.208706196177e-04 -5.431280136108e+01 9.996249016842e-01 -1.731586033452e-02 2.121831552575e-02 7.246927642822e+01 -2.122588447530e-02 -2.534212264420e-04 9.997746734169e-01 6.770126521587e-02
p2_to_world: -9.998500371348e-01 6.208706196177e-04 -1.730658143933e-02 -5.435283660889e+01 -1.731586033452e-02 -2.121831552575e-02 9.996249016842e-01 7.475189208984e+01 -2.534212264420e-04 -9.997746734169e-01 -2.122588447530e-02 2.057482242584e+00
