P0: -5.542562584220e+02 0.000000000000e+00 -9.600000000000e+02 -4.301179204687e+03 -4.408728476930e-14 5.542562584220e+02 -3.600000000000e+02 -1.612942201758e+03 -1.224646799147e-16 0.000000000000e+00 -1.000000000000e+00 -4.480395004882e+00
P1: -9.600000000000e+02 0.000000000000e+00 5.542562584220e+02 2.483751875273e+02 -3.600000000000e+02 5.542562584220e+02 2.204364238465e-14 -3.724751576780e+02 -1.000000000000e+00 0.000000000000e+00 6.123233995737e-17 -1.034653215772e+00
P2: 5.542562584220e+02 0.000000000000e+00 9.600000000000e+02 0.000000000000e+00 0.000000000000e+00 5.542562584220e+02 3.600000000000e+02 0.000000000000e+00 0.000000000000e+00 0.000000000000e+00 1.000000000000e+00 0.000000000000e+00
P3: 5.542562584220e+02 0.000000000000e+00 9.600000000000e+02 -4.434051971618e+02 0.000000000000e+00 5.542562584220e+02 3.600000000000e+02 0.000000000000e+00 0.000000000000e+00 0.000000000000e+00 1.000000000000e+00 0.000000000000e+00
P4: 9.600000000000e+02 0.000000000000e+00 -5.542562584220e+02 -2.234916207656e+03 3.600000000000e+02 5.542562584220e+02 2.204364238465e-14 -3.724768164999e+02 1.000000000000e+00 0.000000000000e+00 6.123233995737e-17 -1.034657823611e+00
P5: 5.542562584220e+02 9.600000000000e+02 5.878304635907e-14 2.399976860046e+04 0.000000000000e+00 9.600000000000e+02 -5.542562584220e+02 2.399976860046e+04 0.000000000000e+00 1.000000000000e+00 6.123233995737e-17 2.499975895882e+01
R0_rect: 1.000000000000e+00 0.000000000000e+00 0.000000000000e+00 0.000000000000e+00 1.000000000000e+00 0.000000000000e+00 0.000000000000e+00 0.000000000000e+00 1.000000000000e+00
Tr_velo_to_p2: 0.000000000000e+00 -1.000000000000e+00 0.000000000000e+00 4.392482810567e-07 0.000000000000e+00 0.000000000000e+00 -1.000000000000e+00 -5.000000122695e-01 1.000000000000e+00 0.000000000000e+00 0.000000000000e+00 -2.240218010972e+00
imu_to_world: -1.754010796033e-02 -9.998461494233e-01 -1.486479934153e-04 -5.430863952637e+01 9.998365046243e-01 -1.754059175973e-02 4.392227378398e-03 7.222964477539e+01 -4.394159005451e-03 -7.158354775236e-05 9.999903430746e-01 6.037990376353e-02
p2_to_world: -9.998461494233e-01 1.486479934153e-04 -1.754010796033e-02 -5.434823608398e+01 -1.754059175973e-02 -4.392227378398e-03 9.998365046243e-01 7.447844696045e+01 -7.158354775236e-05 -9.999903430746e-01 -4.394159005451e-03 2.088307142258e+00
