P0: -5.542562584220e+02 0.000000000000e+00 -9.600000000000e+02 -4.301206314876e+03 -4.408728476930e-14 5.542562584220e+02 -3.600000000000e+02 -1.612952368079e+03 -1.224646799147e-16 0.000000000000e+00 -1.000000000000e+00 -4.480423244663e+00
P1: -9.600000000000e+02 0.000000000000e+00 5.542562584220e+02 2.483758242780e+02 -3.600000000000e+02 5.542562584220e+02 2.204364238465e-14 -3.724772359863e+02 -1.000000000000e+00 0.000000000000e+00 6.123233995737e-17 -1.034658988851e+00
P2: 5.542562584220e+02 0.000000000000e+00 9.600000000000e+02 0.000000000000e+00 0.000000000000e+00 5.542562584220e+02 3.600000000000e+02 0.000000000000e+00 0.000000000000e+00 0.000000000000e+00 1.000000000000e+00 0.000000000000e+00
P3: 5.542562584220e+02 0.000000000000e+00 9.600000000000e+02 -4.434039405093e+02 0.000000000000e+00 5.542562584220e+02 3.600000000000e+02 0.000000000000e+00 0.000000000000e+00 0.000000000000e+00 1.000000000000e+00 0.000000000000e+00
P4: 9.600000000000e+02 0.000000000000e+00 -5.542562584220e+02 -2.234923282904e+03 3.600000000000e+02 5.542562584220e+02 2.204364238465e-14 -3.724775027870e+02 1.000000000000e+00 0.000000000000e+00 6.123233995737e-17 -1.034659729964e+00
P5: 5.542562584220e+02 9.600000000000e+02 5.878304635907e-14 2.399996109009e+04 0.000000000000e+00 9.600000000000e+02 -5.542562584220e+02 2.399996109009e+04 0.000000000000e+00 1.000000000000e+00 6.123233995737e-17 2.499995946884e+01
R0_rect: 1.000000000000e+00 0.000000000000e+00 0.000000000000e+00 0.000000000000e+00 1.000000000000e+00 0.000000000000e+00 0.000000000000e+00 0.000000000000e+00 1.000000000000e+00
Tr_velo_to_p2: 0.000000000000e+00 -1.000000000000e+00 0.000000000000e+00 -1.088333386370e-06 0.000000000000e+00 0.000000000000e+00 -1.000000000000e+00 -5.000000526341e-01 1.000000000000e+00 0.000000000000e+00 0.000000000000e+00 -2.240213858180e+00
imu_to_world: -1.711700466439e-02 -9.998534927816e-01 -3.352221375430e-05 -5.433254241943e+01 9.998519306371e-01 -1.711703717837e-02 1.767438667618e-03 7.362237548828e+01 -1.767753526074e-03 -3.263994223821e-06 9.999984375172e-01 5.923828110099e-02
p2_to_world: -9.998534927816e-01 3.352221375430e-05 -1.711700466439e-02 -5.437095642090e+01 -1.711703717837e-02 -1.767438667618e-03 9.998519306371e-01 7.586585998535e+01 -3.263994223821e-06 -9.999984375172e-01 -1.767753526074e-03 2.093065738678e+00
