P0: -5.542562584220e+02 0.000000000000e+00 -9.600000000000e+02 -4.301129315327e+03 -4.408728476930e-14 5.542562584220e+02 -3.600000000000e+02 -1.612923493247e+03 -1.224646799147e-16 0.000000000000e+00 -1.000000000000e+00 -4.480343036798e+00
P1: -9.600000000000e+02 0.000000000000e+00 5.542562584220e+02 2.483585897098e+02 -3.600000000000e+02 5.542562584220e+02 2.204364238465e-14 -3.724758226383e+02 -1.000000000000e+00 0.000000000000e+00 6.123233995737e-17 -1.034655062884e+00
P2: 5.542562584220e+02 0.000000000000e+00 9.600000000000e+02 0.000000000000e+00 0.000000000000e+00 5.542562584220e+02 3.600000000000e+02 0.000000000000e+00 0.000000000000e+00 0.000000000000e+00 1.000000000000e+00 0.000000000000e+00
P3: 5.542562584220e+02 0.000000000000e+00 9.600000000000e+02 -4.434061593784e+02 0.000000000000e+00 5.542562584220e+02 3.600000000000e+02 0.000000000000e+00 0.000000000000e+00 0.000000000000e+00 1.000000000000e+00 0.000000000000e+00
P4: 9.600000000000e+02 0.000000000000e+00 -5.542562584220e+02 -2.234899974455e+03 3.600000000000e+02 5.542562584220e+02 2.204364238465e-14 -3.724759711913e+02 1.000000000000e+00 0.000000000000e+00 6.123233995737e-17 -1.034655475531e+00
P5: 5.542562584220e+02 9.600000000000e+02 5.878304635907e-14 2.399951637268e+04 0.000000000000e+00 9.600000000000e+02 -5.542562584220e+02 2.399951637268e+04 0.000000000000e+00 1.000000000000e+00 6.123233995737e-17 2.499949622154e+01
R0_rect: 1.000000000000e+00 0.000000000000e+00 0.000000000000e+00 0.000000000000e+00 1.000000000000e+00 0.000000000000e+00 0.000000000000e+00 0.000000000000e+00 1.000000000000e+00
Tr_velo_to_p2: 0.000000000000e+00 -1.000000000000e+00 0.000000000000e+00 2.894122307857e-06 0.000000000000e+00 0.000000000000e+00 -1.000000000000e+00 -4.999996564235e-01 1.000000000000e+00 0.000000000000e+00 0.000000000000e+00 -2.240219651110e+00
imu_to_world: -1.794105935829e-02 -9.998390371329e-01 1.349604215987e-04 -5.433987045288e+01 9.998189768395e-01 -1.794155431709e-02 -6.333575627812e-03 7.407187652588e+01 6.334977557054e-03 2.130493434788e-05 9.999799336014e-01 5.572624132037e-02
p2_to_world: -9.998390371329e-01 -1.349604215987e-04 -1.794105935829e-02 -5.437978744507e+01 -1.794155431709e-02 6.333575627812e-03 9.998189768395e-01 7.629878234863e+01 2.130493434788e-05 -9.999799336014e-01 6.334977557054e-03 2.107668161392e+00
