P0: -5.542562584220e+02 0.000000000000e+00 -9.600000000000e+02 -4.301208985188e+03 -4.408728476930e-14 5.542562584220e+02 -3.600000000000e+02 -1.612953369446e+03 -1.224646799147e-16 0.000000000000e+00 -1.000000000000e+00 -4.480426026238e+00
P1: -9.600000000000e+02 0.000000000000e+00 5.542562584220e+02 2.483802707604e+02 -3.600000000000e+02 5.542562584220e+02 2.204364238465e-14 -3.724776291163e+02 -1.000000000000e+00 0.000000000000e+00 6.123233995737e-17 -1.034660080879e+00
P2: 5.542562584220e+02 0.000000000000e+00 9.600000000000e+02 0.000000000000e+00 0.000000000000e+00 5.542562584220e+02 3.600000000000e+02 0.000000000000e+00 0.000000000000e+00 0.000000000000e+00 1.000000000000e+00 0.000000000000e+00
P3: 5.542562584220e+02 0.000000000000e+00 9.600000000000e+02 -4.434035828065e+02 0.000000000000e+00 5.542562584220e+02 3.600000000000e+02 0.000000000000e+00 0.000000000000e+00 0.000000000000e+00 1.000000000000e+00 0.000000000000e+00
P4: 9.600000000000e+02 0.000000000000e+00 -5.542562584220e+02 -2.234924269550e+03 3.600000000000e+02 5.542562584220e+02 2.204364238465e-14 -3.724761842214e+02 1.000000000000e+00 0.000000000000e+00 6.123233995737e-17 -1.034656067282e+00
P5: 5.542562584220e+02 9.600000000000e+02 5.878304635907e-14 2.399992561340e+04 0.000000000000e+00 9.600000000000e+02 -5.542562584220e+02 2.399992561340e+04 0.000000000000e+00 1.000000000000e+00 6.123233995737e-17 2.499992251396e+01
R0_rect: 1.000000000000e+00 0.000000000000e+00 0.000000000000e+00 0.000000000000e+00 1.000000000000e+00 0.000000000000e+00 0.000000000000e+00 0.000000000000e+00 1.000000000000e+00
Tr_velo_to_p2: 0.000000000000e+00 -1.000000000000e+00 0.000000000000e+00 2.766513576057e-07 0.000000000000e+00 0.000000000000e+00 -1.000000000000e+00 -4.999999659935e-01 1.000000000000e+00 0.000000000000e+00 0.000000000000e+00 -2.240223679286e+00
imu_to_world: -1.839722039773e-02 -9.998307567956e-01 -6.875206377132e-06 -5.433529281616e+01 9.998276641481e-01 -1.839718059432e-02 2.487116855959e-03 7.381694793701e+01 -2.486822412746e-03 3.888201542141e-05 9.999969070965e-01 5.954627692699e-02
p2_to_world: -9.998307567956e-01 6.875206377132e-06 -1.839722039773e-02 -5.437652206421e+01 -1.839718059432e-02 -2.487116855959e-03 9.998276641481e-01 7.606185150146e+01 3.888201542141e-05 -9.999969070965e-01 -2.486822412746e-03 2.091759920120e+00
