P0: -5.542562584220e+02 0.000000000000e+00 -9.600000000000e+02 -4.301202268319e+03 -4.408728476930e-14 5.542562584220e+02 -3.600000000000e+02 -1.612950850619e+03 -1.224646799147e-16 0.000000000000e+00 -1.000000000000e+00 -4.480419029499e+00
P1: -9.600000000000e+02 0.000000000000e+00 5.542562584220e+02 2.483809990992e+02 -3.600000000000e+02 5.542562584220e+02 2.204364238465e-14 -3.724769008600e+02 -1.000000000000e+00 0.000000000000e+00 6.123233995737e-17 -1.034658057945e+00
P2: 5.542562584220e+02 0.000000000000e+00 9.600000000000e+02 0.000000000000e+00 0.000000000000e+00 5.542562584220e+02 3.600000000000e+02 0.000000000000e+00 0.000000000000e+00 0.000000000000e+00 1.000000000000e+00 0.000000000000e+00
P3: 5.542562584220e+02 0.000000000000e+00 9.600000000000e+02 -4.434054028381e+02 0.000000000000e+00 5.542562584220e+02 3.600000000000e+02 0.000000000000e+00 0.000000000000e+00 0.000000000000e+00 1.000000000000e+00 0.000000000000e+00
P4: 9.600000000000e+02 0.000000000000e+00 -5.542562584220e+02 -2.234921815611e+03 3.600000000000e+02 5.542562584220e+02 2.204364238465e-14 -3.724762630942e+02 1.000000000000e+00 0.000000000000e+00 6.123233995737e-17 -1.034656286373e+00
P5: 5.542562584220e+02 9.600000000000e+02 5.878304635907e-14 2.399991645813e+04 0.000000000000e+00 9.600000000000e+02 -5.542562584220e+02 2.399991645813e+04 0.000000000000e+00 1.000000000000e+00 6.123233995737e-17 2.499991297722e+01
R0_rect: 1.000000000000e+00 0.000000000000e+00 0.000000000000e+00 0.000000000000e+00 1.000000000000e+00 0.000000000000e+00 0.000000000000e+00 0.000000000000e+00 1.000000000000e+00
Tr_velo_to_p2: 0.000000000000e+00 -1.000000000000e+00 0.000000000000e+00 -1.833287253175e-06 0.000000000000e+00 0.000000000000e+00 -1.000000000000e+00 -5.000001510019e-01 1.000000000000e+00 0.000000000000e+00 0.000000000000e+00 -2.240216171551e+00
imu_to_world: -1.784177149929e-02 -9.998408201451e-01 7.457374673242e-05 -5.429368591309e+01 9.998373702088e-01 -1.784190585023e-02 -2.626695566017e-03 7.137084197998e+01 2.627607986766e-03 2.769671673249e-05 9.999965474486e-01 5.732883140445e-02
p2_to_world: -9.998408201451e-01 -7.457374673242e-05 -1.784177149929e-02 -5.433350372314e+01 -1.784190585023e-02 2.626695566017e-03 9.998373702088e-01 7.360533905029e+01 2.769671673249e-05 -9.999965474486e-01 2.627607986766e-03 2.100999116898e+00
