P0: -5.542562584220e+02 0.000000000000e+00 -9.600000000000e+02 -4.301149805591e+03 -4.408728476930e-14 5.542562584220e+02 -3.600000000000e+02 -1.612931177097e+03 -1.224646799147e-16 0.000000000000e+00 -1.000000000000e+00 -4.480364380824e+00
P1: -9.600000000000e+02 0.000000000000e+00 5.542562584220e+02 2.483674586973e+02 -3.600000000000e+02 5.542562584220e+02 2.204364238465e-14 -3.724764862685e+02 -1.000000000000e+00 0.000000000000e+00 6.123233995737e-17 -1.034656906301e+00
P2: 5.542562584220e+02 0.000000000000e+00 9.600000000000e+02 0.000000000000e+00 0.000000000000e+00 5.542562584220e+02 3.600000000000e+02 0.000000000000e+00 0.000000000000e+00 0.000000000000e+00 1.000000000000e+00 0.000000000000e+00
P3: 5.542562584220e+02 0.000000000000e+00 9.600000000000e+02 -4.434044571357e+02 0.000000000000e+00 5.542562584220e+02 3.600000000000e+02 0.000000000000e+00 0.000000000000e+00 0.000000000000e+00 1.000000000000e+00 0.000000000000e+00
P4: 9.600000000000e+02 0.000000000000e+00 -5.542562584220e+02 -2.234907841219e+03 3.600000000000e+02 5.542562584220e+02 2.204364238465e-14 -3.724768889575e+02 1.000000000000e+00 0.000000000000e+00 6.123233995737e-17 -1.034658024882e+00
P5: 5.542562584220e+02 9.600000000000e+02 5.878304635907e-14 2.399960426331e+04 0.000000000000e+00 9.600000000000e+02 -5.542562584220e+02 2.399960426331e+04 0.000000000000e+00 1.000000000000e+00 6.123233995737e-17 2.499958777428e+01
R0_rect: 1.000000000000e+00 0.000000000000e+00 0.000000000000e+00 0.000000000000e+00 1.000000000000e+00 0.000000000000e+00 0.000000000000e+00 0.000000000000e+00 1.000000000000e+00
Tr_velo_to_p2: 0.000000000000e+00 -1.000000000000e+00 0.000000000000e+00 2.960537368847e-06 0.000000000000e+00 0.000000000000e+00 -1.000000000000e+00 -5.000001735373e-01 1.000000000000e+00 0.000000000000e+00 0.000000000000e+00 -2.240222855568e+00
imu_to_world: -1.744053616512e-02 -9.998478849944e-01 -1.859312965794e-04 -5.431166076660e+01 9.998314278098e-01 -1.744131600280e-02 5.737286800054e-03 7.240544128418e+01 -5.739656959138e-03 -8.583859580748e-05 9.999835243491e-01 6.096404790878e-02
p2_to_world: -9.998478849944e-01 1.859312965794e-04 -1.744053616512e-02 -5.435110855103e+01 -1.744131600280e-02 -5.737286800054e-03 9.998314278098e-01 7.465697479248e+01 -8.583859580748e-05 -9.999835243491e-01 -5.739656959138e-03 2.085863351822e+00
