P0: -5.542562584220e+02 0.000000000000e+00 -9.600000000000e+02 -4.301065683764e+03 -4.408728476930e-14 5.542562584220e+02 -3.600000000000e+02 -1.612899631411e+03 -1.224646799147e-16 0.000000000000e+00 -1.000000000000e+00 -4.480276753920e+00
P1: -9.600000000000e+02 0.000000000000e+00 5.542562584220e+02 2.483436997788e+02 -3.600000000000e+02 5.542562584220e+02 2.204364238465e-14 -3.724753132498e+02 -1.000000000000e+00 0.000000000000e+00 6.123233995737e-17 -1.034653647916e+00
P2: 5.542562584220e+02 0.000000000000e+00 9.600000000000e+02 0.000000000000e+00 0.000000000000e+00 5.542562584220e+02 3.600000000000e+02 0.000000000000e+00 0.000000000000e+00 0.000000000000e+00 1.000000000000e+00 0.000000000000e+00
P3: 5.542562584220e+02 0.000000000000e+00 9.600000000000e+02 -4.434067903675e+02 0.000000000000e+00 5.542562584220e+02 3.600000000000e+02 0.000000000000e+00 0.000000000000e+00 0.000000000000e+00 1.000000000000e+00 0.000000000000e+00
P4: 9.600000000000e+02 0.000000000000e+00 -5.542562584220e+02 -2.234888098729e+03 3.600000000000e+02 5.542562584220e+02 2.204364238465e-14 -3.724776305444e+02 1.000000000000e+00 0.000000000000e+00 6.123233995737e-17 -1.034660084845e+00
P5: 5.542562584220e+02 9.600000000000e+02 5.878304635907e-14 2.399913917542e+04 0.000000000000e+00 9.600000000000e+02 -5.542562584220e+02 2.399913917542e+04 0.000000000000e+00 1.000000000000e+00 6.123233995737e-17 2.499910330772e+01
R0_rect: 1.000000000000e+00 0.000000000000e+00 0.000000000000e+00 0.000000000000e+00 1.000000000000e+00 0.000000000000e+00 0.000000000000e+00 0.000000000000e+00 1.000000000000e+00
Tr_velo_to_p2: 0.000000000000e+00 -1.000000000000e+00 0.000000000000e+00 1.344238051593e-06 0.000000000000e+00 0.000000000000e+00 -1.000000000000e+00 -5.000000874878e-01 1.000000000000e+00 0.000000000000e+00 0.000000000000e+00 -2.240221709571e+00
imu_to_world: -1.853068047046e-02 -9.998282565155e-01 2.671226991899e-04 -5.431426620483e+01 9.997924486296e-01 -1.853227773306e-02 -8.462525943516e-03 7.258827209473e+01 8.466022951873e-03 1.102508932754e-04 9.999641565077e-01 5.481059849262e-02
p2_to_world: -9.998282565155e-01 -2.671226991899e-04 -1.853068047046e-02 -5.435523223877e+01 -1.853227773306e-02 8.462525943516e-03 9.997924486296e-01 7.481078338623e+01 1.102508932754e-04 -9.999641565077e-01 8.466022951873e-03 2.111494302750e+00
