P0: -5.542562584220e+02 0.000000000000e+00 -9.600000000000e+02 -4.301206103005e+03 -4.408728476930e-14 5.542562584220e+02 -3.600000000000e+02 -1.612952288627e+03 -1.224646799147e-16 0.000000000000e+00 -1.000000000000e+00 -4.480423023963e+00
P1: -9.600000000000e+02 0.000000000000e+00 5.542562584220e+02 2.483815467817e+02 -3.600000000000e+02 5.542562584220e+02 2.204364238465e-14 -3.724770514668e+02 -1.000000000000e+00 0.000000000000e+00 6.123233995737e-17 -1.034658476297e+00
P2: 5.542562584220e+02 0.000000000000e+00 9.600000000000e+02 0.000000000000e+00 0.000000000000e+00 5.542562584220e+02 3.600000000000e+02 0.000000000000e+00 0.000000000000e+00 0.000000000000e+00 1.000000000000e+00 0.000000000000e+00
P3: 5.542562584220e+02 0.000000000000e+00 9.600000000000e+02 -4.434046110874e+02 0.000000000000e+00 5.542562584220e+02 3.600000000000e+02 0.000000000000e+00 0.000000000000e+00 0.000000000000e+00 1.000000000000e+00 0.000000000000e+00
P4: 9.600000000000e+02 0.000000000000e+00 -5.542562584220e+02 -2.234923410756e+03 3.600000000000e+02 5.542562584220e+02 2.204364238465e-14 -3.724763725544e+02 1.000000000000e+00 0.000000000000e+00 6.123233995737e-17 -1.034656590429e+00
P5: 5.542562584220e+02 9.600000000000e+02 5.878304635907e-14 2.399991737366e+04 0.000000000000e+00 9.600000000000e+02 -5.542562584220e+02 2.399991737366e+04 0.000000000000e+00 1.000000000000e+00 6.123233995737e-17 2.499991393089e+01
R0_rect: 1.000000000000e+00 0.000000000000e+00 0.000000000000e+00 0.000000000000e+00 1.000000000000e+00 0.000000000000e+00 0.000000000000e+00 0.000000000000e+00 1.000000000000e+00
Tr_velo_to_p2: 0.000000000000e+00 -1.000000000000e+00 0.000000000000e+00 -5.282901749389e-07 0.000000000000e+00 0.000000000000e+00 -1.000000000000e+00 -5.000001198834e-01 1.000000000000e+00 0.000000000000e+00 0.000000000000e+00 -2.240218274486e+00
imu_to_world: -1.826914145651e-02 -9.998331024724e-01 -7.530550556960e-05 -5.433789443970e+01 9.998298583652e-01 -1.826927402563e-02 2.547145064887e-03 7.396269989014e+01 -2.548095729590e-03 -2.875853946710e-05 9.999967531853e-01 5.957618728280e-02
p2_to_world: -9.998331024724e-01 7.530550556960e-05 -1.826914145651e-02 -5.437897491455e+01 -1.826927402563e-02 -2.547145064887e-03 9.998298583652e-01 7.620773315430e+01 -2.875853946710e-05 -9.999967531853e-01 -2.548095729590e-03 2.091652154922e+00
