P0: -5.542562584220e+02 0.000000000000e+00 -9.600000000000e+02 -4.301223267075e+03 -4.408728476930e-14 5.542562584220e+02 -3.600000000000e+02 -1.612958725153e+03 -1.224646799147e-16 0.000000000000e+00 -1.000000000000e+00 -4.480440903203e+00
P1: -9.600000000000e+02 0.000000000000e+00 5.542562584220e+02 2.483872711310e+02 -3.600000000000e+02 5.542562584220e+02 2.204364238465e-14 -3.724758008733e+02 -1.000000000000e+00 0.000000000000e+00 6.123233995737e-17 -1.034655002426e+00
P2: 5.542562584220e+02 0.000000000000e+00 9.600000000000e+02 0.000000000000e+00 0.000000000000e+00 5.542562584220e+02 3.600000000000e+02 0.000000000000e+00 0.000000000000e+00 0.000000000000e+00 1.000000000000e+00 0.000000000000e+00
P3: 5.542562584220e+02 0.000000000000e+00 9.600000000000e+02 -4.434060835419e+02 0.000000000000e+00 5.542562584220e+02 3.600000000000e+02 0.000000000000e+00 0.000000000000e+00 0.000000000000e+00 1.000000000000e+00 0.000000000000e+00
P4: 9.600000000000e+02 0.000000000000e+00 -5.542562584220e+02 -2.234928656909e+03 3.600000000000e+02 5.542562584220e+02 2.204364238465e-14 -3.724771197292e+02 1.000000000000e+00 0.000000000000e+00 6.123233995737e-17 -1.034658665914e+00
P5: 5.542562584220e+02 9.600000000000e+02 5.878304635907e-14 2.400000022888e+04 0.000000000000e+00 9.600000000000e+02 -5.542562584220e+02 2.400000022888e+04 0.000000000000e+00 1.000000000000e+00 6.123233995737e-17 2.500000023842e+01
R0_rect: 1.000000000000e+00 0.000000000000e+00 0.000000000000e+00 0.000000000000e+00 1.000000000000e+00 0.000000000000e+00 0.000000000000e+00 0.000000000000e+00 1.000000000000e+00
Tr_velo_to_p2: 0.000000000000e+00 -1.000000000000e+00 0.000000000000e+00 1.596800417621e-06 0.000000000000e+00 0.000000000000e+00 -1.000000000000e+00 -5.000002644515e-01 1.000000000000e+00 0.000000000000e+00 0.000000000000e+00 -2.240212181120e+00
imu_to_world: -1.792557535042e-02 -9.998393236137e-01 2.653298054981e-05 -5.426175308228e+01 9.998392813782e-01 -1.792558232603e-02 -2.913955259719e-04 6.957750701904e+01 2.918243247190e-04 2.130528374817e-05 9.999999571923e-01 5.834182724357e-02
p2_to_world: -9.998393236137e-01 -2.653298054981e-05 -1.792557535042e-02 -5.430185317993e+01 -1.792558232603e-02 2.913955259719e-04 9.998392813782e-01 7.181677246094e+01 2.130528374817e-05 -9.999999571923e-01 2.918243247190e-04 2.096786260605e+00
