P0: -5.542562584220e+02 0.000000000000e+00 -9.600000000000e+02 -4.301155457349e+03 -4.408728476930e-14 5.542562584220e+02 -3.600000000000e+02 -1.612933296506e+03 -1.224646799147e-16 0.000000000000e+00 -1.000000000000e+00 -4.480370268072e+00
P1: -9.600000000000e+02 0.000000000000e+00 5.542562584220e+02 2.483690733848e+02 -3.600000000000e+02 5.542562584220e+02 2.204364238465e-14 -3.724754430290e+02 -1.000000000000e+00 0.000000000000e+00 6.123233995737e-17 -1.034654008414e+00
P2: 5.542562584220e+02 0.000000000000e+00 9.600000000000e+02 0.000000000000e+00 0.000000000000e+00 5.542562584220e+02 3.600000000000e+02 0.000000000000e+00 0.000000000000e+00 0.000000000000e+00 1.000000000000e+00 0.000000000000e+00
P3: 5.542562584220e+02 0.000000000000e+00 9.600000000000e+02 -4.434058562797e+02 0.000000000000e+00 5.542562584220e+02 3.600000000000e+02 0.000000000000e+00 0.000000000000e+00 0.000000000000e+00 1.000000000000e+00 0.000000000000e+00
P4: 9.600000000000e+02 0.000000000000e+00 -5.542562584220e+02 -2.234912280635e+03 3.600000000000e+02 5.542562584220e+02 2.204364238465e-14 -3.724785062495e+02 1.000000000000e+00 0.000000000000e+00 6.123233995737e-17 -1.034662517360e+00
P5: 5.542562584220e+02 9.600000000000e+02 5.878304635907e-14 2.399962417603e+04 0.000000000000e+00 9.600000000000e+02 -5.542562584220e+02 2.399962417603e+04 0.000000000000e+00 1.000000000000e+00 6.123233995737e-17 2.499960851669e+01
R0_rect: 1.000000000000e+00 0.000000000000e+00 0.000000000000e+00 0.000000000000e+00 1.000000000000e+00 0.000000000000e+00 0.000000000000e+00 0.000000000000e+00 1.000000000000e+00
Tr_velo_to_p2: 0.000000000000e+00 -1.000000000000e+00 0.000000000000e+00 3.944095815731e-06 0.000000000000e+00 0.000000000000e+00 -1.000000000000e+00 -4.999998732837e-01 1.000000000000e+00 0.000000000000e+00 0.000000000000e+00 -2.240217416482e+00
imu_to_world: -1.790026577465e-02 -9.998397669743e-01 1.444370822804e-04 -5.426334381104e+01 9.998240970767e-01 -1.790079390826e-02 -5.597899810447e-03 6.966531372070e+01 5.599588380465e-03 4.420778098851e-05 9.999843212049e-01 5.604526400566e-02
p2_to_world: -9.998397669743e-01 -1.444370822804e-04 -1.790026577465e-02 -5.430314636230e+01 -1.790079390826e-02 5.597899810447e-03 9.998240970767e-01 7.189373016357e+01 4.420778098851e-05 -9.999843212049e-01 5.599588380465e-03 2.106348514557e+00
