P0: -5.542562584220e+02 0.000000000000e+00 -9.600000000000e+02 -4.301220128904e+03 -4.408728476930e-14 5.542562584220e+02 -3.600000000000e+02 -1.612957548339e+03 -1.224646799147e-16 0.000000000000e+00 -1.000000000000e+00 -4.480437634274e+00
P1: -9.600000000000e+02 0.000000000000e+00 5.542562584220e+02 2.483794855787e+02 -3.600000000000e+02 5.542562584220e+02 2.204364238465e-14 -3.724779722952e+02 -1.000000000000e+00 0.000000000000e+00 6.123233995737e-17 -1.034661034153e+00
P2: 5.542562584220e+02 0.000000000000e+00 9.600000000000e+02 0.000000000000e+00 0.000000000000e+00 5.542562584220e+02 3.600000000000e+02 0.000000000000e+00 0.000000000000e+00 0.000000000000e+00 1.000000000000e+00 0.000000000000e+00
P3: 5.542562584220e+02 0.000000000000e+00 9.600000000000e+02 -4.434049699487e+02 0.000000000000e+00 5.542562584220e+02 3.600000000000e+02 0.000000000000e+00 0.000000000000e+00 0.000000000000e+00 1.000000000000e+00 0.000000000000e+00
P4: 9.600000000000e+02 0.000000000000e+00 -5.542562584220e+02 -2.234925846915e+03 3.600000000000e+02 5.542562584220e+02 2.204364238465e-14 -3.724759842574e+02 1.000000000000e+00 0.000000000000e+00 6.123233995737e-17 -1.034655511826e+00
P5: 5.542562584220e+02 9.600000000000e+02 5.878304635907e-14 2.399999633789e+04 0.000000000000e+00 9.600000000000e+02 -5.542562584220e+02 2.399999633789e+04 0.000000000000e+00 1.000000000000e+00 6.123233995737e-17 2.499999618530e+01
R0_rect: 1.000000000000e+00 0.000000000000e+00 0.000000000000e+00 0.000000000000e+00 1.000000000000e+00 0.000000000000e+00 0.000000000000e+00 0.000000000000e+00 1.000000000000e+00
Tr_velo_to_p2: 0.000000000000e+00 -1.000000000000e+00 0.000000000000e+00 -4.134897183542e-06 0.000000000000e+00 0.000000000000e+00 -1.000000000000e+00 -5.000000452143e-01 1.000000000000e+00 0.000000000000e+00 0.000000000000e+00 -2.240216844213e+00
imu_to_world: -1.639355043955e-02 -9.998656167190e-01 -2.673798191437e-06 -5.432925033569e+01 9.998655134031e-01 -1.639354752980e-02 -4.546499141341e-04 7.339698791504e+01 4.545449837492e-04 -1.012676490111e-05 9.999998966431e-01 5.827140808105e-02
p2_to_world: -9.998656167190e-01 2.673798191437e-06 -1.639355043955e-02 -5.436598587036e+01 -1.639354752980e-02 4.546499141341e-04 9.998655134031e-01 7.563597869873e+01 -1.012676490111e-05 -9.999998966431e-01 4.545449837492e-04 2.097080230713e+00
