P0: -5.542562584220e+02 0.000000000000e+00 -9.600000000000e+02 -4.301164479071e+03 -4.408728476930e-14 5.542562584220e+02 -3.600000000000e+02 -1.612936679651e+03 -1.224646799147e-16 0.000000000000e+00 -1.000000000000e+00 -4.480379665699e+00
P1: -9.600000000000e+02 0.000000000000e+00 5.542562584220e+02 2.483661901161e+02 -3.600000000000e+02 5.542562584220e+02 2.204364238465e-14 -3.724763857816e+02 -1.000000000000e+00 0.000000000000e+00 6.123233995737e-17 -1.034656627171e+00
P2: 5.542562584220e+02 0.000000000000e+00 9.600000000000e+02 0.000000000000e+00 0.000000000000e+00 5.542562584220e+02 3.600000000000e+02 0.000000000000e+00 0.000000000000e+00 0.000000000000e+00 1.000000000000e+00 0.000000000000e+00
P3: 5.542562584220e+02 0.000000000000e+00 9.600000000000e+02 -4.434061851745e+02 0.000000000000e+00 5.542562584220e+02 3.600000000000e+02 0.000000000000e+00 0.000000000000e+00 0.000000000000e+00 1.000000000000e+00 0.000000000000e+00
P4: 9.600000000000e+02 0.000000000000e+00 -5.542562584220e+02 -2.234907520889e+03 3.600000000000e+02 5.542562584220e+02 2.204364238465e-14 -3.724761867029e+02 1.000000000000e+00 0.000000000000e+00 6.123233995737e-17 -1.034656074175e+00
P5: 5.542562584220e+02 9.600000000000e+02 5.878304635907e-14 2.399968574524e+04 0.000000000000e+00 9.600000000000e+02 -5.542562584220e+02 2.399968574524e+04 0.000000000000e+00 1.000000000000e+00 6.123233995737e-17 2.499967265129e+01
R0_rect: 1.000000000000e+00 0.000000000000e+00 0.000000000000e+00 0.000000000000e+00 1.000000000000e+00 0.000000000000e+00 0.000000000000e+00 0.000000000000e+00 1.000000000000e+00
Tr_velo_to_p2: 0.000000000000e+00 -1.000000000000e+00 0.000000000000e+00 2.475528073781e-06 0.000000000000e+00 0.000000000000e+00 -1.000000000000e+00 -5.000000275489e-01 1.000000000000e+00 0.000000000000e+00 0.000000000000e+00 -2.240213961549e+00
imu_to_world: -1.820479253378e-02 -9.998342743178e-01 9.709909567203e-05 -5.432399749756e+01 9.998212736707e-01 -1.820505098257e-02 -5.098709070961e-03 7.312410736084e+01 5.099631777909e-03 4.260800680128e-06 9.999869967842e-01 5.626029893756e-02
p2_to_world: -9.998342743178e-01 -9.709909567203e-05 -1.820479253378e-02 -5.436458206177e+01 -1.820505098257e-02 5.098709070961e-03 9.998212736707e-01 7.535353088379e+01 4.260800680128e-06 -9.999869967842e-01 5.099631777909e-03 2.105448961258e+00
