P0: -5.542562584220e+02 0.000000000000e+00 -9.600000000000e+02 -4.301169262578e+03 -4.408728476930e-14 5.542562584220e+02 -3.600000000000e+02 -1.612938473467e+03 -1.224646799147e-16 0.000000000000e+00 -1.000000000000e+00 -4.480384648518e+00
P1: -9.600000000000e+02 0.000000000000e+00 5.542562584220e+02 2.483761479533e+02 -3.600000000000e+02 5.542562584220e+02 2.204364238465e-14 -3.724747739957e+02 -1.000000000000e+00 0.000000000000e+00 6.123233995737e-17 -1.034652149988e+00
P2: 5.542562584220e+02 0.000000000000e+00 9.600000000000e+02 0.000000000000e+00 0.000000000000e+00 5.542562584220e+02 3.600000000000e+02 0.000000000000e+00 0.000000000000e+00 0.000000000000e+00 1.000000000000e+00 0.000000000000e+00
P3: 5.542562584220e+02 0.000000000000e+00 9.600000000000e+02 -4.434072795565e+02 0.000000000000e+00 5.542562584220e+02 3.600000000000e+02 0.000000000000e+00 0.000000000000e+00 0.000000000000e+00 1.000000000000e+00 0.000000000000e+00
P4: 9.600000000000e+02 0.000000000000e+00 -5.542562584220e+02 -2.234912305188e+03 3.600000000000e+02 5.542562584220e+02 2.204364238465e-14 -3.724775085765e+02 1.000000000000e+00 0.000000000000e+00 6.123233995737e-17 -1.034659746046e+00
P5: 5.542562584220e+02 9.600000000000e+02 5.878304635907e-14 2.399974113464e+04 0.000000000000e+00 9.600000000000e+02 -5.542562584220e+02 2.399974113464e+04 0.000000000000e+00 1.000000000000e+00 6.123233995737e-17 2.499973034859e+01
R0_rect: 1.000000000000e+00 0.000000000000e+00 0.000000000000e+00 0.000000000000e+00 1.000000000000e+00 0.000000000000e+00 0.000000000000e+00 0.000000000000e+00 1.000000000000e+00
Tr_velo_to_p2: 0.000000000000e+00 -1.000000000000e+00 0.000000000000e+00 3.100267542792e-06 0.000000000000e+00 0.000000000000e+00 -1.000000000000e+00 -4.999999274334e-01 1.000000000000e+00 0.000000000000e+00 0.000000000000e+00 -2.240217374677e+00
imu_to_world: -1.670811423985e-02 -9.998603903215e-01 1.969380655440e-04 -5.426142120361e+01 9.998496102944e-01 -1.670884890272e-02 -4.644476558177e-03 6.953312683105e+01 4.647118752678e-03 1.193080031680e-04 9.999891949681e-01 5.644302070141e-02
p2_to_world: -9.998603903215e-01 -1.969380655440e-04 -1.670811423985e-02 -5.429844665527e+01 -1.670884890272e-02 4.644476558177e-03 9.998496102944e-01 7.176354217529e+01 1.193080031680e-04 -9.999891949681e-01 4.647118752678e-03 2.104622602463e+00
