P0: -5.542562584220e+02 0.000000000000e+00 -9.600000000000e+02 -4.301215108604e+03 -4.408728476930e-14 5.542562584220e+02 -3.600000000000e+02 -1.612955665727e+03 -1.224646799147e-16 0.000000000000e+00 -1.000000000000e+00 -4.480432404796e+00
P1: -9.600000000000e+02 0.000000000000e+00 5.542562584220e+02 2.483825696869e+02 -3.600000000000e+02 5.542562584220e+02 2.204364238465e-14 -3.724762390030e+02 -1.000000000000e+00 0.000000000000e+00 6.123233995737e-17 -1.034656219453e+00
P2: 5.542562584220e+02 0.000000000000e+00 9.600000000000e+02 0.000000000000e+00 0.000000000000e+00 5.542562584220e+02 3.600000000000e+02 0.000000000000e+00 0.000000000000e+00 0.000000000000e+00 1.000000000000e+00 0.000000000000e+00
P3: 5.542562584220e+02 0.000000000000e+00 9.600000000000e+02 -4.434042969586e+02 0.000000000000e+00 5.542562584220e+02 3.600000000000e+02 0.000000000000e+00 0.000000000000e+00 0.000000000000e+00 1.000000000000e+00 0.000000000000e+00
P4: 9.600000000000e+02 0.000000000000e+00 -5.542562584220e+02 -2.234927066764e+03 3.600000000000e+02 5.542562584220e+02 2.204364238465e-14 -3.724769797398e+02 1.000000000000e+00 0.000000000000e+00 6.123233995737e-17 -1.034658277055e+00
P5: 5.542562584220e+02 9.600000000000e+02 5.878304635907e-14 2.399999565125e+04 0.000000000000e+00 9.600000000000e+02 -5.542562584220e+02 2.399999565125e+04 0.000000000000e+00 1.000000000000e+00 6.123233995737e-17 2.499999547005e+01
R0_rect: 1.000000000000e+00 0.000000000000e+00 0.000000000000e+00 0.000000000000e+00 1.000000000000e+00 0.000000000000e+00 0.000000000000e+00 0.000000000000e+00 1.000000000000e+00
Tr_velo_to_p2: 0.000000000000e+00 -1.000000000000e+00 0.000000000000e+00 4.987314937435e-06 0.000000000000e+00 0.000000000000e+00 -1.000000000000e+00 -4.999998223424e-01 1.000000000000e+00 0.000000000000e+00 0.000000000000e+00 -2.240215229713e+00
imu_to_world: -1.874941721770e-02 -9.998242126082e-01 -5.688850959880e-05 -5.433726882935e+01 9.998240880877e-01 -1.874944340299e-02 5.012501811251e-04 7.393885040283e+01 -5.022286955542e-04 -4.748035345593e-05 9.999998727560e-01 5.868530273438e-02
p2_to_world: -9.998242126082e-01 5.688850959880e-05 -1.874941721770e-02 -5.437938690186e+01 -1.874944340299e-02 -5.012501811251e-04 9.998240880877e-01 7.617969512939e+01 -4.748035345593e-05 -9.999998727560e-01 -5.022286955542e-04 2.095350980759e+00
