P0: -5.542562584220e+02 0.000000000000e+00 -9.600000000000e+02 -4.301062422756e+03 -4.408728476930e-14 5.542562584220e+02 -3.600000000000e+02 -1.612898408534e+03 -1.224646799147e-16 0.000000000000e+00 -1.000000000000e+00 -4.480273357038e+00
P1: -9.600000000000e+02 0.000000000000e+00 5.542562584220e+02 2.483425910802e+02 -3.600000000000e+02 5.542562584220e+02 2.204364238465e-14 -3.724759744152e+02 -1.000000000000e+00 0.000000000000e+00 6.123233995737e-17 -1.034655484487e+00
P2: 5.542562584220e+02 0.000000000000e+00 9.600000000000e+02 0.000000000000e+00 0.000000000000e+00 5.542562584220e+02 3.600000000000e+02 0.000000000000e+00 0.000000000000e+00 0.000000000000e+00 1.000000000000e+00 0.000000000000e+00
P3: 5.542562584220e+02 0.000000000000e+00 9.600000000000e+02 -4.434061593617e+02 0.000000000000e+00 5.542562584220e+02 3.600000000000e+02 0.000000000000e+00 0.000000000000e+00 0.000000000000e+00 1.000000000000e+00 0.000000000000e+00
P4: 9.600000000000e+02 0.000000000000e+00 -5.542562584220e+02 -2.234879547878e+03 3.600000000000e+02 5.542562584220e+02 2.204364238465e-14 -3.724769461823e+02 1.000000000000e+00 0.000000000000e+00 6.123233995737e-17 -1.034658183840e+00
P5: 5.542562584220e+02 9.600000000000e+02 5.878304635907e-14 2.399908653259e+04 0.000000000000e+00 9.600000000000e+02 -5.542562584220e+02 2.399908653259e+04 0.000000000000e+00 1.000000000000e+00 6.123233995737e-17 2.499904847145e+01
R0_rect: 1.000000000000e+00 0.000000000000e+00 0.000000000000e+00 0.000000000000e+00 1.000000000000e+00 0.000000000000e+00 0.000000000000e+00 0.000000000000e+00 1.000000000000e+00
Tr_velo_to_p2: 0.000000000000e+00 -1.000000000000e+00 0.000000000000e+00 2.612358983544e-06 0.000000000000e+00 0.000000000000e+00 -1.000000000000e+00 -4.999998284370e-01 1.000000000000e+00 0.000000000000e+00 0.000000000000e+00 -2.240226160610e+00
imu_to_world: -1.792875488998e-02 -9.998392253409e-01 2.884751307509e-04 -5.427424240112e+01 9.998012124221e-01 -1.793058901841e-02 -8.719496353710e-03 7.027579498291e+01 8.723267008667e-03 1.320880725887e-04 9.999619428585e-01 5.467510223389e-02
p2_to_world: -9.998392253409e-01 -2.884751307509e-04 -1.792875488998e-02 -5.431381607056e+01 -1.793058901841e-02 8.719496353710e-03 9.998012124221e-01 7.249780273438e+01 1.320880725887e-04 -9.999619428585e-01 8.723267008667e-03 2.111930608749e+00
