P0: -5.542562584220e+02 0.000000000000e+00 -9.600000000000e+02 -4.300956675087e+03 -4.408728476930e-14 5.542562584220e+02 -3.600000000000e+02 -1.612858753158e+03 -1.224646799147e-16 0.000000000000e+00 -1.000000000000e+00 -4.480163203216e+00
P1: -9.600000000000e+02 0.000000000000e+00 5.542562584220e+02 2.483045317073e+02 -3.600000000000e+02 5.542562584220e+02 2.204364238465e-14 -3.724766872021e+02 -1.000000000000e+00 0.000000000000e+00 6.123233995737e-17 -1.034657464450e+00
P2: 5.542562584220e+02 0.000000000000e+00 9.600000000000e+02 0.000000000000e+00 0.000000000000e+00 5.542562584220e+02 3.600000000000e+02 0.000000000000e+00 0.000000000000e+00 0.000000000000e+00 1.000000000000e+00 0.000000000000e+00
P3: 5.542562584220e+02 0.000000000000e+00 9.600000000000e+02 -4.434054687128e+02 0.000000000000e+00 5.542562584220e+02 3.600000000000e+02 0.000000000000e+00 0.000000000000e+00 0.000000000000e+00 1.000000000000e+00 0.000000000000e+00
P4: 9.600000000000e+02 0.000000000000e+00 -5.542562584220e+02 -2.234848980820e+03 3.600000000000e+02 5.542562584220e+02 2.204364238465e-14 -3.724763908791e+02 1.000000000000e+00 0.000000000000e+00 6.123233995737e-17 -1.034656641331e+00
P5: 5.542562584220e+02 9.600000000000e+02 5.878304635907e-14 2.399854545593e+04 0.000000000000e+00 9.600000000000e+02 -5.542562584220e+02 2.399854545593e+04 0.000000000000e+00 1.000000000000e+00 6.123233995737e-17 2.499848484993e+01
R0_rect: 1.000000000000e+00 0.000000000000e+00 0.000000000000e+00 0.000000000000e+00 1.000000000000e+00 0.000000000000e+00 0.000000000000e+00 0.000000000000e+00 1.000000000000e+00
Tr_velo_to_p2: 0.000000000000e+00 -1.000000000000e+00 0.000000000000e+00 2.143866530827e-06 0.000000000000e+00 0.000000000000e+00 -1.000000000000e+00 -5.000000923459e-01 1.000000000000e+00 0.000000000000e+00 0.000000000000e+00 -2.240216641744e+00
imu_to_world: -1.730650416366e-02 -9.998501530030e-01 -3.955420065997e-04 -5.431288146973e+01 9.997896594180e-01 -1.730980882220e-02 1.100033814546e-02 7.247356414795e+01 -1.100553653434e-02 -2.050814101477e-04 9.999394162184e-01 6.320010870695e-02
p2_to_world: -9.998501530030e-01 3.955420065997e-04 -1.730650416366e-02 -5.435245513916e+01 -1.730980882220e-02 -1.100033814546e-02 9.997896594180e-01 7.473572540283e+01 -2.050814101477e-04 -9.999394162184e-01 -1.100553653434e-02 2.076212644577e+00
