P0: -5.542562584220e+02 0.000000000000e+00 -9.600000000000e+02 -4.301206122673e+03 -4.408728476930e-14 5.542562584220e+02 -3.600000000000e+02 -1.612952296002e+03 -1.224646799147e-16 0.000000000000e+00 -1.000000000000e+00 -4.480423044451e+00
P1: -9.600000000000e+02 0.000000000000e+00 5.542562584220e+02 2.483824165698e+02 -3.600000000000e+02 5.542562584220e+02 2.204364238465e-14 -3.724763081022e+02 -1.000000000000e+00 0.000000000000e+00 6.123233995737e-17 -1.034656411395e+00
P2: 5.542562584220e+02 0.000000000000e+00 9.600000000000e+02 0.000000000000e+00 0.000000000000e+00 5.542562584220e+02 3.600000000000e+02 0.000000000000e+00 0.000000000000e+00 0.000000000000e+00 1.000000000000e+00 0.000000000000e+00
P3: 5.542562584220e+02 0.000000000000e+00 9.600000000000e+02 -4.434049747198e+02 0.000000000000e+00 5.542562584220e+02 3.600000000000e+02 0.000000000000e+00 0.000000000000e+00 0.000000000000e+00 1.000000000000e+00 0.000000000000e+00
P4: 9.600000000000e+02 0.000000000000e+00 -5.542562584220e+02 -2.234920762179e+03 3.600000000000e+02 5.542562584220e+02 2.204364238465e-14 -3.724765578460e+02 1.000000000000e+00 0.000000000000e+00 6.123233995737e-17 -1.034657105128e+00
P5: 5.542562584220e+02 9.600000000000e+02 5.878304635907e-14 2.399990295410e+04 0.000000000000e+00 9.600000000000e+02 -5.542562584220e+02 2.399990295410e+04 0.000000000000e+00 1.000000000000e+00 6.123233995737e-17 2.499989891052e+01
R0_rect: 1.000000000000e+00 0.000000000000e+00 0.000000000000e+00 0.000000000000e+00 1.000000000000e+00 0.000000000000e+00 0.000000000000e+00 0.000000000000e+00 1.000000000000e+00
Tr_velo_to_p2: 0.000000000000e+00 -1.000000000000e+00 0.000000000000e+00 2.231758574949e-06 0.000000000000e+00 0.000000000000e+00 -1.000000000000e+00 -5.000002359295e-01 1.000000000000e+00 0.000000000000e+00 0.000000000000e+00 -2.240218007293e+00
imu_to_world: -1.750772141302e-02 -9.998467251917e-01 -7.625145278662e-05 -5.432582855225e+01 9.998427114776e-01 -1.750786719823e-02 2.833176876891e-03 7.321415710449e+01 -2.834077622557e-03 -2.663698783388e-05 9.999959836392e-01 5.969760939479e-02
p2_to_world: -9.998467251917e-01 7.625145278662e-05 -1.750772141302e-02 -5.436520385742e+01 -1.750786719823e-02 -2.833176876891e-03 9.998427114776e-01 7.545980072021e+01 -2.663698783388e-05 -9.999959836392e-01 -2.834077622557e-03 2.091131210327e+00
