P0: -5.542562584220e+02 0.000000000000e+00 -9.600000000000e+02 -4.301148527679e+03 -4.408728476930e-14 5.542562584220e+02 -3.600000000000e+02 -1.612930697880e+03 -1.224646799147e-16 0.000000000000e+00 -1.000000000000e+00 -4.480363049666e+00
P1: -9.600000000000e+02 0.000000000000e+00 5.542562584220e+02 2.483643660146e+02 -3.600000000000e+02 5.542562584220e+02 2.204364238465e-14 -3.724767963723e+02 -1.000000000000e+00 0.000000000000e+00 6.123233995737e-17 -1.034657767701e+00
P2: 5.542562584220e+02 0.000000000000e+00 9.600000000000e+02 0.000000000000e+00 0.000000000000e+00 5.542562584220e+02 3.600000000000e+02 0.000000000000e+00 0.000000000000e+00 0.000000000000e+00 1.000000000000e+00 0.000000000000e+00
P3: 5.542562584220e+02 0.000000000000e+00 9.600000000000e+02 -4.434058562735e+02 0.000000000000e+00 5.542562584220e+02 3.600000000000e+02 0.000000000000e+00 0.000000000000e+00 0.000000000000e+00 1.000000000000e+00 0.000000000000e+00
P4: 9.600000000000e+02 0.000000000000e+00 -5.542562584220e+02 -2.234910335243e+03 3.600000000000e+02 5.542562584220e+02 2.204364238465e-14 -3.724772512531e+02 1.000000000000e+00 0.000000000000e+00 6.123233995737e-17 -1.034659031259e+00
P5: 5.542562584220e+02 9.600000000000e+02 5.878304635907e-14 2.399960494995e+04 0.000000000000e+00 9.600000000000e+02 -5.542562584220e+02 2.399960494995e+04 0.000000000000e+00 1.000000000000e+00 6.123233995737e-17 2.499958848953e+01
R0_rect: 1.000000000000e+00 0.000000000000e+00 0.000000000000e+00 0.000000000000e+00 1.000000000000e+00 0.000000000000e+00 0.000000000000e+00 0.000000000000e+00 1.000000000000e+00
Tr_velo_to_p2: 0.000000000000e+00 -1.000000000000e+00 0.000000000000e+00 1.489212895190e-06 0.000000000000e+00 0.000000000000e+00 -1.000000000000e+00 -5.000000734649e-01 1.000000000000e+00 0.000000000000e+00 0.000000000000e+00 -2.240217373007e+00
imu_to_world: -1.790544359692e-02 -9.998396689625e-01 1.773658580816e-04 -5.428555679321e+01 9.998231984511e-01 -1.790616677957e-02 -5.739427690649e-03 7.091062927246e+01 5.741683424888e-03 7.456750072970e-05 9.999835136197e-01 5.597541853786e-02
p2_to_world: -9.998396689625e-01 -1.773658580816e-04 -1.790544359692e-02 -5.432530593872e+01 -1.790616677957e-02 5.739427690649e-03 9.998231984511e-01 7.313875579834e+01 7.456750072970e-05 -9.999835136197e-01 5.741683424888e-03 2.106595516205e+00
