P0: -5.542562584220e+02 0.000000000000e+00 -9.600000000000e+02 -4.300642224622e+03 -4.408728476930e-14 5.542562584220e+02 -3.600000000000e+02 -1.612740834233e+03 -1.224646799147e-16 0.000000000000e+00 -1.000000000000e+00 -4.479835650648e+00
P1: -9.600000000000e+02 0.000000000000e+00 5.542562584220e+02 2.482163537120e+02 -3.600000000000e+02 5.542562584220e+02 2.204364238465e-14 -3.724779164492e+02 -1.000000000000e+00 0.000000000000e+00 6.123233995737e-17 -1.034660879026e+00
P2: 5.542562584220e+02 0.000000000000e+00 9.600000000000e+02 0.000000000000e+00 0.000000000000e+00 5.542562584220e+02 3.600000000000e+02 0.000000000000e+00 0.000000000000e+00 0.000000000000e+00 1.000000000000e+00 0.000000000000e+00
P3: 5.542562584220e+02 0.000000000000e+00 9.600000000000e+02 -4.434034279201e+02 0.000000000000e+00 5.542562584220e+02 3.600000000000e+02 0.000000000000e+00 0.000000000000e+00 0.000000000000e+00 1.000000000000e+00 0.000000000000e+00
P4: 9.600000000000e+02 0.000000000000e+00 -5.542562584220e+02 -2.234764924112e+03 3.600000000000e+02 5.542562584220e+02 2.204364238465e-14 -3.724779553533e+02 1.000000000000e+00 0.000000000000e+00 6.123233995737e-17 -1.034660987093e+00
P5: 5.542562584220e+02 9.600000000000e+02 5.878304635907e-14 2.399678810120e+04 0.000000000000e+00 9.600000000000e+02 -5.542562584220e+02 2.399678810120e+04 0.000000000000e+00 1.000000000000e+00 6.123233995737e-17 2.499665427208e+01
R0_rect: 1.000000000000e+00 0.000000000000e+00 0.000000000000e+00 0.000000000000e+00 1.000000000000e+00 0.000000000000e+00 0.000000000000e+00 0.000000000000e+00 1.000000000000e+00
Tr_velo_to_p2: 0.000000000000e+00 -1.000000000000e+00 0.000000000000e+00 -2.255690557994e-06 0.000000000000e+00 0.000000000000e+00 -1.000000000000e+00 -5.000004475994e-01 1.000000000000e+00 0.000000000000e+00 0.000000000000e+00 -2.240218411749e+00
imu_to_world: -1.731175995417e-02 -9.998500519071e-01 -4.203196065921e-04 -5.431281661987e+01 9.997163464190e-01 -1.731631881975e-02 1.635150773524e-02 7.247058105469e+01 -1.635633424616e-02 -1.371270046292e-04 9.998662168141e-01 6.561599671841e-02
p2_to_world: -9.998500519071e-01 4.203196065921e-04 -1.731175995417e-02 -5.435245513916e+01 -1.731631881975e-02 -1.635150773524e-02 9.997163464190e-01 7.474349212646e+01 -1.371270046292e-04 -9.998662168141e-01 -1.635633424616e-02 2.066492319107e+00
