P0: -5.542562584220e+02 0.000000000000e+00 -9.600000000000e+02 -4.301099103620e+03 -4.408728476930e-14 5.542562584220e+02 -3.600000000000e+02 -1.612912163858e+03 -1.224646799147e-16 0.000000000000e+00 -1.000000000000e+00 -4.480311566271e+00
P1: -9.600000000000e+02 0.000000000000e+00 5.542562584220e+02 2.483484078433e+02 -3.600000000000e+02 5.542562584220e+02 2.204364238465e-14 -3.724767350146e+02 -1.000000000000e+00 0.000000000000e+00 6.123233995737e-17 -1.034657597263e+00
P2: 5.542562584220e+02 0.000000000000e+00 9.600000000000e+02 0.000000000000e+00 0.000000000000e+00 5.542562584220e+02 3.600000000000e+02 0.000000000000e+00 0.000000000000e+00 0.000000000000e+00 1.000000000000e+00 0.000000000000e+00
P3: 5.542562584220e+02 0.000000000000e+00 9.600000000000e+02 -4.434039695645e+02 0.000000000000e+00 5.542562584220e+02 3.600000000000e+02 0.000000000000e+00 0.000000000000e+00 0.000000000000e+00 1.000000000000e+00 0.000000000000e+00
P4: 9.600000000000e+02 0.000000000000e+00 -5.542562584220e+02 -2.234887322089e+03 3.600000000000e+02 5.542562584220e+02 2.204364238465e-14 -3.724748617568e+02 1.000000000000e+00 0.000000000000e+00 6.123233995737e-17 -1.034652393769e+00
P5: 5.542562584220e+02 9.600000000000e+02 5.878304635907e-14 2.399932662964e+04 0.000000000000e+00 9.600000000000e+02 -5.542562584220e+02 2.399932662964e+04 0.000000000000e+00 1.000000000000e+00 6.123233995737e-17 2.499929857254e+01
R0_rect: 1.000000000000e+00 0.000000000000e+00 0.000000000000e+00 0.000000000000e+00 1.000000000000e+00 0.000000000000e+00 0.000000000000e+00 0.000000000000e+00 1.000000000000e+00
Tr_velo_to_p2: 0.000000000000e+00 -1.000000000000e+00 0.000000000000e+00 -5.714458260296e-06 0.000000000000e+00 0.000000000000e+00 -1.000000000000e+00 -5.000000386487e-01 1.000000000000e+00 0.000000000000e+00 0.000000000000e+00 -2.240222579886e+00
imu_to_world: -1.792787049660e-02 -9.998392527000e-01 2.453973492496e-04 -5.427773284912e+01 9.998113066277e-01 -1.792920435687e-02 -7.476280532751e-03 7.047127532959e+01 7.479478520064e-03 1.113172552088e-04 9.999720221134e-01 5.521659553051e-02
p2_to_world: -9.998392527000e-01 -2.453973492496e-04 -1.792787049660e-02 -5.431739807129e+01 -1.792920435687e-02 7.476280532751e-03 9.998113066277e-01 7.269583892822e+01 1.113172552088e-04 -9.999720221134e-01 7.479478520064e-03 2.109706401825e+00
