P0: -5.542562584220e+02 0.000000000000e+00 -9.600000000000e+02 -4.301211113321e+03 -4.408728476930e-14 5.542562584220e+02 -3.600000000000e+02 -1.612954167495e+03 -1.224646799147e-16 0.000000000000e+00 -1.000000000000e+00 -4.480428243043e+00
P1: -9.600000000000e+02 0.000000000000e+00 5.542562584220e+02 2.483830781646e+02 -3.600000000000e+02 5.542562584220e+02 2.204364238465e-14 -3.724769219187e+02 -1.000000000000e+00 0.000000000000e+00 6.123233995737e-17 -1.034658116441e+00
P2: 5.542562584220e+02 0.000000000000e+00 9.600000000000e+02 0.000000000000e+00 0.000000000000e+00 5.542562584220e+02 3.600000000000e+02 0.000000000000e+00 0.000000000000e+00 0.000000000000e+00 1.000000000000e+00 0.000000000000e+00
P3: 5.542562584220e+02 0.000000000000e+00 9.600000000000e+02 -4.434027682681e+02 0.000000000000e+00 5.542562584220e+02 3.600000000000e+02 0.000000000000e+00 0.000000000000e+00 0.000000000000e+00 1.000000000000e+00 0.000000000000e+00
P4: 9.600000000000e+02 0.000000000000e+00 -5.542562584220e+02 -2.234921276633e+03 3.600000000000e+02 5.542562584220e+02 2.204364238465e-14 -3.724749323801e+02 1.000000000000e+00 0.000000000000e+00 6.123233995737e-17 -1.034652589945e+00
P5: 5.542562584220e+02 9.600000000000e+02 5.878304635907e-14 2.399999404907e+04 0.000000000000e+00 9.600000000000e+02 -5.542562584220e+02 2.399999404907e+04 0.000000000000e+00 1.000000000000e+00 6.123233995737e-17 2.499999380112e+01
R0_rect: 1.000000000000e+00 0.000000000000e+00 0.000000000000e+00 0.000000000000e+00 1.000000000000e+00 0.000000000000e+00 0.000000000000e+00 0.000000000000e+00 1.000000000000e+00
Tr_velo_to_p2: 0.000000000000e+00 -1.000000000000e+00 0.000000000000e+00 -4.278917848797e-06 0.000000000000e+00 0.000000000000e+00 -1.000000000000e+00 -4.999997251607e-01 1.000000000000e+00 0.000000000000e+00 0.000000000000e+00 -2.240210328871e+00
imu_to_world: -1.805125191959e-02 -9.998370627773e-01 -1.417641647058e-05 -5.433853912354e+01 9.998367826055e-01 -1.805123624127e-02 -7.490121569257e-04 7.399501037598e+01 7.486342131223e-04 -2.769470976832e-05 9.999997193899e-01 5.814342200756e-02
p2_to_world: -9.998370627773e-01 1.417641647058e-05 -1.805125191959e-02 -5.437900924683e+01 -1.805123624127e-02 7.490121569257e-04 9.998367826055e-01 7.623332977295e+01 -2.769470976832e-05 -9.999997193899e-01 7.486342131223e-04 2.097610950470e+00
