P0: -5.542562584220e+02 0.000000000000e+00 -9.600000000000e+02 -4.301180593113e+03 -4.408728476930e-14 5.542562584220e+02 -3.600000000000e+02 -1.612942722417e+03 -1.224646799147e-16 0.000000000000e+00 -1.000000000000e+00 -4.480396451159e+00
P1: -9.600000000000e+02 0.000000000000e+00 5.542562584220e+02 2.483716217027e+02 -3.600000000000e+02 5.542562584220e+02 2.204364238465e-14 -3.724771348514e+02 -1.000000000000e+00 0.000000000000e+00 6.123233995737e-17 -1.034658707921e+00
P2: 5.542562584220e+02 0.000000000000e+00 9.600000000000e+02 0.000000000000e+00 0.000000000000e+00 5.542562584220e+02 3.600000000000e+02 0.000000000000e+00 0.000000000000e+00 0.000000000000e+00 1.000000000000e+00 0.000000000000e+00
P3: 5.542562584220e+02 0.000000000000e+00 9.600000000000e+02 -4.434057522390e+02 0.000000000000e+00 5.542562584220e+02 3.600000000000e+02 0.000000000000e+00 0.000000000000e+00 0.000000000000e+00 1.000000000000e+00 0.000000000000e+00
P4: 9.600000000000e+02 0.000000000000e+00 -5.542562584220e+02 -2.234915184710e+03 3.600000000000e+02 5.542562584220e+02 2.204364238465e-14 -3.724767566914e+02 1.000000000000e+00 0.000000000000e+00 6.123233995737e-17 -1.034657657476e+00
P5: 5.542562584220e+02 9.600000000000e+02 5.878304635907e-14 2.399981208801e+04 0.000000000000e+00 9.600000000000e+02 -5.542562584220e+02 2.399981208801e+04 0.000000000000e+00 1.000000000000e+00 6.123233995737e-17 2.499980425835e+01
R0_rect: 1.000000000000e+00 0.000000000000e+00 0.000000000000e+00 0.000000000000e+00 1.000000000000e+00 0.000000000000e+00 0.000000000000e+00 0.000000000000e+00 1.000000000000e+00
Tr_velo_to_p2: 0.000000000000e+00 -1.000000000000e+00 0.000000000000e+00 4.087084332620e-06 0.000000000000e+00 0.000000000000e+00 -1.000000000000e+00 -5.000000043167e-01 1.000000000000e+00 0.000000000000e+00 0.000000000000e+00 -2.240214577017e+00
imu_to_world: -1.966229614696e-02 -9.998066728366e-01 -1.051745684570e-04 -5.433629226685e+01 9.997989005630e-01 -1.966255801343e-02 3.942365445777e-03 7.390200805664e+01 -3.943671280502e-03 -2.763746099612e-05 9.999922233163e-01 6.018344685435e-02
p2_to_world: -9.998066728366e-01 1.051745684570e-04 -1.966229614696e-02 -5.438055419922e+01 -1.966255801343e-02 -3.942365445777e-03 9.997989005630e-01 7.614981079102e+01 -2.763746099612e-05 -9.999922233163e-01 -3.943671280502e-03 2.089123964310e+00
