P0: -5.542562584220e+02 0.000000000000e+00 -9.600000000000e+02 -4.301218005326e+03 -4.408728476930e-14 5.542562584220e+02 -3.600000000000e+02 -1.612956751997e+03 -1.224646799147e-16 0.000000000000e+00 -1.000000000000e+00 -4.480435422214e+00
P1: -9.600000000000e+02 0.000000000000e+00 5.542562584220e+02 2.483799253610e+02 -3.600000000000e+02 5.542562584220e+02 2.204364238465e-14 -3.724773389986e+02 -1.000000000000e+00 0.000000000000e+00 6.123233995737e-17 -1.034659274996e+00
P2: 5.542562584220e+02 0.000000000000e+00 9.600000000000e+02 0.000000000000e+00 0.000000000000e+00 5.542562584220e+02 3.600000000000e+02 0.000000000000e+00 0.000000000000e+00 0.000000000000e+00 1.000000000000e+00 0.000000000000e+00
P3: 5.542562584220e+02 0.000000000000e+00 9.600000000000e+02 -4.434056472676e+02 0.000000000000e+00 5.542562584220e+02 3.600000000000e+02 0.000000000000e+00 0.000000000000e+00 0.000000000000e+00 1.000000000000e+00 0.000000000000e+00
P4: 9.600000000000e+02 0.000000000000e+00 -5.542562584220e+02 -2.234920909239e+03 3.600000000000e+02 5.542562584220e+02 2.204364238465e-14 -3.724757081132e+02 1.000000000000e+00 0.000000000000e+00 6.123233995737e-17 -1.034654744759e+00
P5: 5.542562584220e+02 9.600000000000e+02 5.878304635907e-14 2.399999542236e+04 0.000000000000e+00 9.600000000000e+02 -5.542562584220e+02 2.399999542236e+04 0.000000000000e+00 1.000000000000e+00 6.123233995737e-17 2.499999523163e+01
R0_rect: 1.000000000000e+00 0.000000000000e+00 0.000000000000e+00 0.000000000000e+00 1.000000000000e+00 0.000000000000e+00 0.000000000000e+00 0.000000000000e+00 1.000000000000e+00
Tr_velo_to_p2: 0.000000000000e+00 -1.000000000000e+00 0.000000000000e+00 5.922989056004e-07 0.000000000000e+00 0.000000000000e+00 -1.000000000000e+00 -5.000002784373e-01 1.000000000000e+00 0.000000000000e+00 0.000000000000e+00 -2.240212096697e+00
imu_to_world: -1.814005551951e-02 -9.998354546963e-01 -4.379561762138e-05 -5.433277893066e+01 9.998352716094e-01 -1.814007874057e-02 6.059612828023e-04 7.366017913818e+01 -6.066560306711e-04 -3.279623192706e-05 9.999998154464e-01 5.873092636466e-02
p2_to_world: -9.998354546963e-01 4.379561762138e-05 -1.814005551951e-02 -5.437350463867e+01 -1.814007874057e-02 -6.059612828023e-04 9.998352716094e-01 7.590126037598e+01 -3.279623192706e-05 -9.999998154464e-01 -6.066560306711e-04 2.095162391663e+00
