P0: -5.542562584220e+02 0.000000000000e+00 -9.600000000000e+02 -4.301221419378e+03 -4.408728476930e-14 5.542562584220e+02 -3.600000000000e+02 -1.612958032267e+03 -1.224646799147e-16 0.000000000000e+00 -1.000000000000e+00 -4.480438978519e+00
P1: -9.600000000000e+02 0.000000000000e+00 5.542562584220e+02 2.483837095612e+02 -3.600000000000e+02 5.542562584220e+02 2.204364238465e-14 -3.724771269006e+02 -1.000000000000e+00 0.000000000000e+00 6.123233995737e-17 -1.034658685835e+00
P2: 5.542562584220e+02 0.000000000000e+00 9.600000000000e+02 0.000000000000e+00 0.000000000000e+00 5.542562584220e+02 3.600000000000e+02 0.000000000000e+00 0.000000000000e+00 0.000000000000e+00 1.000000000000e+00 0.000000000000e+00
P3: 5.542562584220e+02 0.000000000000e+00 9.600000000000e+02 -4.434027299001e+02 0.000000000000e+00 5.542562584220e+02 3.600000000000e+02 0.000000000000e+00 0.000000000000e+00 0.000000000000e+00 1.000000000000e+00 0.000000000000e+00
P4: 9.600000000000e+02 0.000000000000e+00 -5.542562584220e+02 -2.234925356938e+03 3.600000000000e+02 5.542562584220e+02 2.204364238465e-14 -3.724762727171e+02 1.000000000000e+00 0.000000000000e+00 6.123233995737e-17 -1.034656313103e+00
P5: 5.542562584220e+02 9.600000000000e+02 5.878304635907e-14 2.399998626709e+04 0.000000000000e+00 9.600000000000e+02 -5.542562584220e+02 2.399998626709e+04 0.000000000000e+00 1.000000000000e+00 6.123233995737e-17 2.499998569489e+01
R0_rect: 1.000000000000e+00 0.000000000000e+00 0.000000000000e+00 0.000000000000e+00 1.000000000000e+00 0.000000000000e+00 0.000000000000e+00 0.000000000000e+00 1.000000000000e+00
Tr_velo_to_p2: 0.000000000000e+00 -1.000000000000e+00 0.000000000000e+00 -1.994706595397e-06 0.000000000000e+00 0.000000000000e+00 -1.000000000000e+00 -4.999999323933e-01 1.000000000000e+00 0.000000000000e+00 0.000000000000e+00 -2.240216193029e+00
imu_to_world: -1.577696848014e-02 -9.998755311974e-01 -9.684186430953e-05 -5.432863235474e+01 9.998749975158e-01 -1.577706041910e-02 1.036198507542e-03 7.334433746338e+01 -1.037597413098e-03 -8.048168764326e-05 9.999994584570e-01 5.891689285636e-02
p2_to_world: -9.998755311974e-01 9.684186430953e-05 -1.577696848014e-02 -5.436417388916e+01 -1.577706041910e-02 -1.036198507542e-03 9.998749975158e-01 7.558638763428e+01 -8.048168764326e-05 -9.999994584570e-01 -1.037597413098e-03 2.094382286072e+00
