P0: -5.542562584220e+02 0.000000000000e+00 -9.600000000000e+02 -4.301182915278e+03 -4.408728476930e-14 5.542562584220e+02 -3.600000000000e+02 -1.612943593229e+03 -1.224646799147e-16 0.000000000000e+00 -1.000000000000e+00 -4.480398870082e+00
P1: -9.600000000000e+02 0.000000000000e+00 5.542562584220e+02 2.483705123858e+02 -3.600000000000e+02 5.542562584220e+02 2.204364238465e-14 -3.724776207729e+02 -1.000000000000e+00 0.000000000000e+00 6.123233995737e-17 -1.034660057703e+00
P2: 5.542562584220e+02 0.000000000000e+00 9.600000000000e+02 0.000000000000e+00 0.000000000000e+00 5.542562584220e+02 3.600000000000e+02 0.000000000000e+00 0.000000000000e+00 0.000000000000e+00 1.000000000000e+00 0.000000000000e+00
P3: 5.542562584220e+02 0.000000000000e+00 9.600000000000e+02 -4.434057049674e+02 0.000000000000e+00 5.542562584220e+02 3.600000000000e+02 0.000000000000e+00 0.000000000000e+00 0.000000000000e+00 1.000000000000e+00 0.000000000000e+00
P4: 9.600000000000e+02 0.000000000000e+00 -5.542562584220e+02 -2.234914444999e+03 3.600000000000e+02 5.542562584220e+02 2.204364238465e-14 -3.724760337052e+02 1.000000000000e+00 0.000000000000e+00 6.123233995737e-17 -1.034655649181e+00
P5: 5.542562584220e+02 9.600000000000e+02 5.878304635907e-14 2.399980247498e+04 0.000000000000e+00 9.600000000000e+02 -5.542562584220e+02 2.399980247498e+04 0.000000000000e+00 1.000000000000e+00 6.123233995737e-17 2.499979424477e+01
R0_rect: 1.000000000000e+00 0.000000000000e+00 0.000000000000e+00 0.000000000000e+00 1.000000000000e+00 0.000000000000e+00 0.000000000000e+00 0.000000000000e+00 1.000000000000e+00
Tr_velo_to_p2: 0.000000000000e+00 -1.000000000000e+00 0.000000000000e+00 3.564385879627e-06 0.000000000000e+00 0.000000000000e+00 -1.000000000000e+00 -4.999998110232e-01 1.000000000000e+00 0.000000000000e+00 0.000000000000e+00 -2.240217852190e+00
imu_to_world: -1.787696640953e-02 -9.998401863299e-01 1.259831943760e-04 -5.428960800171e+01 9.998319176053e-01 -1.787733097660e-02 -4.066641723783e-03 7.113941955566e+01 4.068244062108e-03 5.326280132332e-05 9.999917232424e-01 5.670192465186e-02
p2_to_world: -9.998401863299e-01 -1.259831943760e-04 -1.787696640953e-02 -5.432939910889e+01 -1.787733097660e-02 4.066641723783e-03 9.998319176053e-01 7.337097167969e+01 5.326280132332e-05 -9.999917232424e-01 4.068244062108e-03 2.103589773178e+00
