P0: -5.542562584220e+02 0.000000000000e+00 -9.600000000000e+02 -4.301207718988e+03 -4.408728476930e-14 5.542562584220e+02 -3.600000000000e+02 -1.612952894620e+03 -1.224646799147e-16 0.000000000000e+00 -1.000000000000e+00 -4.480424707279e+00
P1: -9.600000000000e+02 0.000000000000e+00 5.542562584220e+02 2.483790206620e+02 -3.600000000000e+02 5.542562584220e+02 2.204364238465e-14 -3.724775625136e+02 -1.000000000000e+00 0.000000000000e+00 6.123233995737e-17 -1.034659895871e+00
P2: 5.542562584220e+02 0.000000000000e+00 9.600000000000e+02 0.000000000000e+00 0.000000000000e+00 5.542562584220e+02 3.600000000000e+02 0.000000000000e+00 0.000000000000e+00 0.000000000000e+00 1.000000000000e+00 0.000000000000e+00
P3: 5.542562584220e+02 0.000000000000e+00 9.600000000000e+02 -4.434053977740e+02 0.000000000000e+00 5.542562584220e+02 3.600000000000e+02 0.000000000000e+00 0.000000000000e+00 0.000000000000e+00 1.000000000000e+00 0.000000000000e+00
P4: 9.600000000000e+02 0.000000000000e+00 -5.542562584220e+02 -2.234918053007e+03 3.600000000000e+02 5.542562584220e+02 2.204364238465e-14 -3.724751530685e+02 1.000000000000e+00 0.000000000000e+00 6.123233995737e-17 -1.034653202968e+00
P5: 5.542562584220e+02 9.600000000000e+02 5.878304635907e-14 2.399991096497e+04 0.000000000000e+00 9.600000000000e+02 -5.542562584220e+02 2.399991096497e+04 0.000000000000e+00 1.000000000000e+00 6.123233995737e-17 2.499990725517e+01
R0_rect: 1.000000000000e+00 0.000000000000e+00 0.000000000000e+00 0.000000000000e+00 1.000000000000e+00 0.000000000000e+00 0.000000000000e+00 0.000000000000e+00 1.000000000000e+00
Tr_velo_to_p2: 0.000000000000e+00 -1.000000000000e+00 0.000000000000e+00 -2.902194476355e-06 0.000000000000e+00 0.000000000000e+00 -1.000000000000e+00 -5.000000643896e-01 1.000000000000e+00 0.000000000000e+00 0.000000000000e+00 -2.240223291592e+00
imu_to_world: -1.524302217846e-02 -9.998838152434e-01 -7.930444277686e-05 -5.432921600342e+01 9.998801945804e-01 -1.524318042196e-02 2.691084646962e-03 7.336731719971e+01 -2.691980835877e-03 -3.827467871707e-05 9.999963758805e-01 5.963867157698e-02
p2_to_world: -9.998838152434e-01 7.930444277686e-05 -1.524302217846e-02 -5.436352920532e+01 -1.524318042196e-02 -2.691084646962e-03 9.998801945804e-01 7.561275482178e+01 -3.827467871707e-05 -9.999963758805e-01 -2.691980835877e-03 2.091391801834e+00
