P0: -5.542562584220e+02 0.000000000000e+00 -9.600000000000e+02 -4.301213745087e+03 -4.408728476930e-14 5.542562584220e+02 -3.600000000000e+02 -1.612955154407e+03 -1.224646799147e-16 0.000000000000e+00 -1.000000000000e+00 -4.480430984465e+00
P1: -9.600000000000e+02 0.000000000000e+00 5.542562584220e+02 2.483803905995e+02 -3.600000000000e+02 5.542562584220e+02 2.204364238465e-14 -3.724771373254e+02 -1.000000000000e+00 0.000000000000e+00 6.123233995737e-17 -1.034658714793e+00
P2: 5.542562584220e+02 0.000000000000e+00 9.600000000000e+02 0.000000000000e+00 0.000000000000e+00 5.542562584220e+02 3.600000000000e+02 0.000000000000e+00 0.000000000000e+00 0.000000000000e+00 1.000000000000e+00 0.000000000000e+00
P3: 5.542562584220e+02 0.000000000000e+00 9.600000000000e+02 -4.434076559292e+02 0.000000000000e+00 5.542562584220e+02 3.600000000000e+02 0.000000000000e+00 0.000000000000e+00 0.000000000000e+00 1.000000000000e+00 0.000000000000e+00
P4: 9.600000000000e+02 0.000000000000e+00 -5.542562584220e+02 -2.234927247301e+03 3.600000000000e+02 5.542562584220e+02 2.204364238465e-14 -3.724774089501e+02 1.000000000000e+00 0.000000000000e+00 6.123233995737e-17 -1.034659469306e+00
P5: 5.542562584220e+02 9.600000000000e+02 5.878304635907e-14 2.399995101929e+04 0.000000000000e+00 9.600000000000e+02 -5.542562584220e+02 2.399995101929e+04 0.000000000000e+00 1.000000000000e+00 6.123233995737e-17 2.499994897842e+01
R0_rect: 1.000000000000e+00 0.000000000000e+00 0.000000000000e+00 0.000000000000e+00 1.000000000000e+00 0.000000000000e+00 0.000000000000e+00 0.000000000000e+00 1.000000000000e+00
Tr_velo_to_p2: 0.000000000000e+00 -1.000000000000e+00 0.000000000000e+00 8.587546695777e-07 0.000000000000e+00 0.000000000000e+00 -1.000000000000e+00 -5.000000686136e-01 1.000000000000e+00 0.000000000000e+00 0.000000000000e+00 -2.240226217405e+00
imu_to_world: -1.731617153625e-02 -9.998500610072e-01 -7.554661603777e-05 -5.431291961670e+01 9.998480540643e-01 -1.731628817645e-02 2.003733402224e-03 7.247666168213e+01 -2.004741151430e-03 -4.083814573068e-05 9.999979896706e-01 5.934558808804e-02
p2_to_world: -9.998500610072e-01 7.554661603777e-05 -1.731617153625e-02 -5.435186386108e+01 -1.731628817645e-02 -2.003733402224e-03 9.998480540643e-01 7.472062683105e+01 -4.083814573068e-05 -9.999979896706e-01 -2.004741151430e-03 2.092641353607e+00
