P0: -5.542562584220e+02 0.000000000000e+00 -9.600000000000e+02 -4.301210836183e+03 -4.408728476930e-14 5.542562584220e+02 -3.600000000000e+02 -1.612954063569e+03 -1.224646799147e-16 0.000000000000e+00 -1.000000000000e+00 -4.480427954358e+00
P1: -9.600000000000e+02 0.000000000000e+00 5.542562584220e+02 2.483820539540e+02 -3.600000000000e+02 5.542562584220e+02 2.204364238465e-14 -3.724759499326e+02 -1.000000000000e+00 0.000000000000e+00 6.123233995737e-17 -1.034655416479e+00
P2: 5.542562584220e+02 0.000000000000e+00 9.600000000000e+02 0.000000000000e+00 0.000000000000e+00 5.542562584220e+02 3.600000000000e+02 0.000000000000e+00 0.000000000000e+00 0.000000000000e+00 1.000000000000e+00 0.000000000000e+00
P3: 5.542562584220e+02 0.000000000000e+00 9.600000000000e+02 -4.434065619507e+02 0.000000000000e+00 5.542562584220e+02 3.600000000000e+02 0.000000000000e+00 0.000000000000e+00 0.000000000000e+00 1.000000000000e+00 0.000000000000e+00
P4: 9.600000000000e+02 0.000000000000e+00 -5.542562584220e+02 -2.234921208935e+03 3.600000000000e+02 5.542562584220e+02 2.204364238465e-14 -3.724767962301e+02 1.000000000000e+00 0.000000000000e+00 6.123233995737e-17 -1.034657767306e+00
P5: 5.542562584220e+02 9.600000000000e+02 5.878304635907e-14 2.399994575500e+04 0.000000000000e+00 9.600000000000e+02 -5.542562584220e+02 2.399994575500e+04 0.000000000000e+00 1.000000000000e+00 6.123233995737e-17 2.499994349480e+01
R0_rect: 1.000000000000e+00 0.000000000000e+00 0.000000000000e+00 0.000000000000e+00 1.000000000000e+00 0.000000000000e+00 0.000000000000e+00 0.000000000000e+00 1.000000000000e+00
Tr_velo_to_p2: 0.000000000000e+00 -1.000000000000e+00 0.000000000000e+00 4.763455642452e-08 0.000000000000e+00 0.000000000000e+00 -1.000000000000e+00 -4.999997522419e-01 1.000000000000e+00 0.000000000000e+00 0.000000000000e+00 -2.240214230678e+00
imu_to_world: -1.717863453489e-02 -9.998524338579e-01 -7.088039695736e-05 -5.432750320435e+01 9.998501082188e-01 -1.717874747417e-02 2.156787001802e-03 7.330417633057e+01 -2.157686369505e-03 -3.381911689484e-05 9.999976716202e-01 5.940810963511e-02
p2_to_world: -9.998524338579e-01 7.088039695736e-05 -1.717863453489e-02 -5.436613082886e+01 -1.717874747417e-02 -2.156787001802e-03 9.998501082188e-01 7.554845428467e+01 -3.381911689484e-05 -9.999976716202e-01 -2.157686369505e-03 2.092360734940e+00
