P0: -5.542562584220e+02 0.000000000000e+00 -9.600000000000e+02 -4.301165060067e+03 -4.408728476930e-14 5.542562584220e+02 -3.600000000000e+02 -1.612936897525e+03 -1.224646799147e-16 0.000000000000e+00 -1.000000000000e+00 -4.480380270903e+00
P1: -9.600000000000e+02 0.000000000000e+00 5.542562584220e+02 2.483673977695e+02 -3.600000000000e+02 5.542562584220e+02 2.204364238465e-14 -3.724771444551e+02 -1.000000000000e+00 0.000000000000e+00 6.123233995737e-17 -1.034658734598e+00
P2: 5.542562584220e+02 0.000000000000e+00 9.600000000000e+02 0.000000000000e+00 0.000000000000e+00 5.542562584220e+02 3.600000000000e+02 0.000000000000e+00 0.000000000000e+00 0.000000000000e+00 1.000000000000e+00 0.000000000000e+00
P3: 5.542562584220e+02 0.000000000000e+00 9.600000000000e+02 -4.434048169986e+02 0.000000000000e+00 5.542562584220e+02 3.600000000000e+02 0.000000000000e+00 0.000000000000e+00 0.000000000000e+00 1.000000000000e+00 0.000000000000e+00
P4: 9.600000000000e+02 0.000000000000e+00 -5.542562584220e+02 -2.234907389465e+03 3.600000000000e+02 5.542562584220e+02 2.204364238465e-14 -3.724756223925e+02 1.000000000000e+00 0.000000000000e+00 6.123233995737e-17 -1.034654506646e+00
P5: 5.542562584220e+02 9.600000000000e+02 5.878304635907e-14 2.399967773438e+04 0.000000000000e+00 9.600000000000e+02 -5.542562584220e+02 2.399967773438e+04 0.000000000000e+00 1.000000000000e+00 6.123233995737e-17 2.499966430664e+01
R0_rect: 1.000000000000e+00 0.000000000000e+00 0.000000000000e+00 0.000000000000e+00 1.000000000000e+00 0.000000000000e+00 0.000000000000e+00 0.000000000000e+00 1.000000000000e+00
Tr_velo_to_p2: 0.000000000000e+00 -1.000000000000e+00 0.000000000000e+00 3.357234219803e-07 0.000000000000e+00 0.000000000000e+00 -1.000000000000e+00 -4.999996403317e-01 1.000000000000e+00 0.000000000000e+00 0.000000000000e+00 -2.240222872746e+00
imu_to_world: -1.930140249227e-02 -9.998137002110e-01 -1.439869447261e-04 -5.432135772705e+01 9.998004077651e-01 -1.930188838035e-02 5.155748027930e-03 7.299988555908e+01 -5.157566733096e-03 -4.444503821418e-05 9.999866986766e-01 6.071162968874e-02
p2_to_world: -9.998137002110e-01 1.439869447261e-04 -1.930140249227e-02 -5.436489105225e+01 -1.930188838035e-02 -5.155748027930e-03 9.998004077651e-01 7.525016784668e+01 -4.444503821418e-05 -9.999866986766e-01 -5.157566733096e-03 2.086921691895e+00
