P0: -5.542562584220e+02 0.000000000000e+00 -9.600000000000e+02 -4.301190566433e+03 -4.408728476930e-14 5.542562584220e+02 -3.600000000000e+02 -1.612946462412e+03 -1.224646799147e-16 0.000000000000e+00 -1.000000000000e+00 -4.480406840034e+00
P1: -9.600000000000e+02 0.000000000000e+00 5.542562584220e+02 2.483773597722e+02 -3.600000000000e+02 5.542562584220e+02 2.204364238465e-14 -3.724750283909e+02 -1.000000000000e+00 0.000000000000e+00 6.123233995737e-17 -1.034652856641e+00
P2: 5.542562584220e+02 0.000000000000e+00 9.600000000000e+02 0.000000000000e+00 0.000000000000e+00 5.542562584220e+02 3.600000000000e+02 0.000000000000e+00 0.000000000000e+00 0.000000000000e+00 1.000000000000e+00 0.000000000000e+00
P3: 5.542562584220e+02 0.000000000000e+00 9.600000000000e+02 -4.434067800218e+02 0.000000000000e+00 5.542562584220e+02 3.600000000000e+02 0.000000000000e+00 0.000000000000e+00 0.000000000000e+00 1.000000000000e+00 0.000000000000e+00
P4: 9.600000000000e+02 0.000000000000e+00 -5.542562584220e+02 -2.234924314236e+03 3.600000000000e+02 5.542562584220e+02 2.204364238465e-14 -3.724780955208e+02 1.000000000000e+00 0.000000000000e+00 6.123233995737e-17 -1.034661376447e+00
P5: 5.542562584220e+02 9.600000000000e+02 5.878304635907e-14 2.399982353210e+04 0.000000000000e+00 9.600000000000e+02 -5.542562584220e+02 2.399982353210e+04 0.000000000000e+00 1.000000000000e+00 6.123233995737e-17 2.499981617928e+01
R0_rect: 1.000000000000e+00 0.000000000000e+00 0.000000000000e+00 0.000000000000e+00 1.000000000000e+00 0.000000000000e+00 0.000000000000e+00 0.000000000000e+00 1.000000000000e+00
Tr_velo_to_p2: 0.000000000000e+00 -1.000000000000e+00 0.000000000000e+00 -1.255861748646e-07 0.000000000000e+00 0.000000000000e+00 -1.000000000000e+00 -4.999997096362e-01 1.000000000000e+00 0.000000000000e+00 0.000000000000e+00 -2.240222924430e+00
imu_to_world: -1.720211485387e-02 -9.998520268354e-01 -1.080632553274e-04 -5.433257293701e+01 9.998447556501e-01 -1.720240190427e-02 3.813393201653e-03 7.362624359131e+01 -3.814687869342e-03 -4.244805127976e-05 9.999927231508e-01 6.012763828039e-02
p2_to_world: -9.998520268354e-01 1.080632553274e-04 -1.720211485387e-02 -5.437132644653e+01 -1.720240190427e-02 -3.813393201653e-03 9.998447556501e-01 7.587388610840e+01 -4.244805127976e-05 -9.999927231508e-01 -3.814687869342e-03 2.089358091354e+00
