P0: -5.542562584220e+02 0.000000000000e+00 -9.600000000000e+02 -4.300590455621e+03 -4.408728476930e-14 5.542562584220e+02 -3.600000000000e+02 -1.612721420858e+03 -1.224646799147e-16 0.000000000000e+00 -1.000000000000e+00 -4.479781724605e+00
P1: -9.600000000000e+02 0.000000000000e+00 5.542562584220e+02 2.481960251331e+02 -3.600000000000e+02 5.542562584220e+02 2.204364238465e-14 -3.724777682443e+02 -1.000000000000e+00 0.000000000000e+00 6.123233995737e-17 -1.034660467345e+00
P2: 5.542562584220e+02 0.000000000000e+00 9.600000000000e+02 0.000000000000e+00 0.000000000000e+00 5.542562584220e+02 3.600000000000e+02 0.000000000000e+00 0.000000000000e+00 0.000000000000e+00 1.000000000000e+00 0.000000000000e+00
P3: 5.542562584220e+02 0.000000000000e+00 9.600000000000e+02 -4.434034278977e+02 0.000000000000e+00 5.542562584220e+02 3.600000000000e+02 0.000000000000e+00 0.000000000000e+00 0.000000000000e+00 1.000000000000e+00 0.000000000000e+00
P4: 9.600000000000e+02 0.000000000000e+00 -5.542562584220e+02 -2.234744676295e+03 3.600000000000e+02 5.542562584220e+02 2.204364238465e-14 -3.724753573742e+02 1.000000000000e+00 0.000000000000e+00 6.123233995737e-17 -1.034653770484e+00
P5: 5.542562584220e+02 9.600000000000e+02 5.878304635907e-14 2.399645484924e+04 0.000000000000e+00 9.600000000000e+02 -5.542562584220e+02 2.399645484924e+04 0.000000000000e+00 1.000000000000e+00 6.123233995737e-17 2.499630713463e+01
R0_rect: 1.000000000000e+00 0.000000000000e+00 0.000000000000e+00 0.000000000000e+00 1.000000000000e+00 0.000000000000e+00 0.000000000000e+00 0.000000000000e+00 1.000000000000e+00
Tr_velo_to_p2: 0.000000000000e+00 -1.000000000000e+00 0.000000000000e+00 -3.322991632640e-06 0.000000000000e+00 0.000000000000e+00 -1.000000000000e+00 -5.000003443541e-01 1.000000000000e+00 0.000000000000e+00 0.000000000000e+00 -2.240216500213e+00
imu_to_world: -1.730513150725e-02 -9.998500935698e-01 -5.681654516958e-04 -5.431283950806e+01 9.997026691158e-01 -1.731233757345e-02 1.717138114759e-02 7.247135925293e+01 -1.717864331923e-02 -2.708435096396e-04 9.998523995358e-01 6.588218361139e-02
p2_to_world: -9.998500935698e-01 5.681654516958e-04 -1.730513150725e-02 -5.435276794434e+01 -1.731233757345e-02 -1.717138114759e-02 9.997026691158e-01 7.474590301514e+01 -2.708435096396e-04 -9.998523995358e-01 -1.717864331923e-02 2.064888238907e+00
