P0: -5.542562584220e+02 0.000000000000e+00 -9.600000000000e+02 -4.301146442818e+03 -4.408728476930e-14 5.542562584220e+02 -3.600000000000e+02 -1.612929916057e+03 -1.224646799147e-16 0.000000000000e+00 -1.000000000000e+00 -4.480360877935e+00
P1: -9.600000000000e+02 0.000000000000e+00 5.542562584220e+02 2.483556414860e+02 -3.600000000000e+02 5.542562584220e+02 2.204364238465e-14 -3.724776409315e+02 -1.000000000000e+00 0.000000000000e+00 6.123233995737e-17 -1.034660113699e+00
P2: 5.542562584220e+02 0.000000000000e+00 9.600000000000e+02 0.000000000000e+00 0.000000000000e+00 5.542562584220e+02 3.600000000000e+02 0.000000000000e+00 0.000000000000e+00 0.000000000000e+00 1.000000000000e+00 0.000000000000e+00
P3: 5.542562584220e+02 0.000000000000e+00 9.600000000000e+02 -4.434041777150e+02 0.000000000000e+00 5.542562584220e+02 3.600000000000e+02 0.000000000000e+00 0.000000000000e+00 0.000000000000e+00 1.000000000000e+00 0.000000000000e+00
P4: 9.600000000000e+02 0.000000000000e+00 -5.542562584220e+02 -2.234896398765e+03 3.600000000000e+02 5.542562584220e+02 2.204364238465e-14 -3.724747756060e+02 1.000000000000e+00 0.000000000000e+00 6.123233995737e-17 -1.034652154461e+00
P5: 5.542562584220e+02 9.600000000000e+02 5.878304635907e-14 2.399957061768e+04 0.000000000000e+00 9.600000000000e+02 -5.542562584220e+02 2.399957061768e+04 0.000000000000e+00 1.000000000000e+00 6.123233995737e-17 2.499955272675e+01
R0_rect: 1.000000000000e+00 0.000000000000e+00 0.000000000000e+00 0.000000000000e+00 1.000000000000e+00 0.000000000000e+00 0.000000000000e+00 0.000000000000e+00 1.000000000000e+00
Tr_velo_to_p2: 0.000000000000e+00 -1.000000000000e+00 0.000000000000e+00 4.551748361519e-07 0.000000000000e+00 0.000000000000e+00 -1.000000000000e+00 -4.999999813868e-01 1.000000000000e+00 0.000000000000e+00 0.000000000000e+00 -2.240214464591e+00
imu_to_world: -1.898645834142e-02 -9.998197007684e-01 2.834696015732e-04 -5.431522369385e+01 9.998018418078e-01 -1.898781417283e-02 -5.978296630580e-03 7.265369415283e+01 5.982601216410e-03 1.699067498202e-04 9.999820896468e-01 5.586158484221e-02
p2_to_world: -9.998197007684e-01 -2.834696015732e-04 -1.898645834142e-02 -5.435718154907e+01 -1.898781417283e-02 5.978296630580e-03 9.998018418078e-01 7.488128662109e+01 1.699067498202e-04 -9.999820896468e-01 5.982601216410e-03 2.107018470764e+00
