P0: -5.542562584220e+02 0.000000000000e+00 -9.600000000000e+02 -4.301167940513e+03 -4.408728476930e-14 5.542562584220e+02 -3.600000000000e+02 -1.612937977692e+03 -1.224646799147e-16 0.000000000000e+00 -1.000000000000e+00 -4.480383271367e+00
P1: -9.600000000000e+02 0.000000000000e+00 5.542562584220e+02 2.483657759527e+02 -3.600000000000e+02 5.542562584220e+02 2.204364238465e-14 -3.724780256875e+02 -1.000000000000e+00 0.000000000000e+00 6.123233995737e-17 -1.034661182465e+00
P2: 5.542562584220e+02 0.000000000000e+00 9.600000000000e+02 0.000000000000e+00 0.000000000000e+00 5.542562584220e+02 3.600000000000e+02 0.000000000000e+00 0.000000000000e+00 0.000000000000e+00 1.000000000000e+00 0.000000000000e+00
P3: 5.542562584220e+02 0.000000000000e+00 9.600000000000e+02 -4.434036100102e+02 0.000000000000e+00 5.542562584220e+02 3.600000000000e+02 0.000000000000e+00 0.000000000000e+00 0.000000000000e+00 1.000000000000e+00 0.000000000000e+00
P4: 9.600000000000e+02 0.000000000000e+00 -5.542562584220e+02 -2.234907251000e+03 3.600000000000e+02 5.542562584220e+02 2.204364238465e-14 -3.724752207935e+02 1.000000000000e+00 0.000000000000e+00 6.123233995737e-17 -1.034653391093e+00
P5: 5.542562584220e+02 9.600000000000e+02 5.878304635907e-14 2.399970794678e+04 0.000000000000e+00 9.600000000000e+02 -5.542562584220e+02 2.399970794678e+04 0.000000000000e+00 1.000000000000e+00 6.123233995737e-17 2.499969577789e+01
R0_rect: 1.000000000000e+00 0.000000000000e+00 0.000000000000e+00 0.000000000000e+00 1.000000000000e+00 0.000000000000e+00 0.000000000000e+00 0.000000000000e+00 1.000000000000e+00
Tr_velo_to_p2: 0.000000000000e+00 -1.000000000000e+00 0.000000000000e+00 -3.523144358115e-06 0.000000000000e+00 0.000000000000e+00 -1.000000000000e+00 -4.999999498539e-01 1.000000000000e+00 0.000000000000e+00 0.000000000000e+00 -2.240220544032e+00
imu_to_world: -1.815461658592e-02 -9.998351790272e-01 1.570865761681e-04 -5.433532714844e+01 9.998230503610e-01 -1.815517017136e-02 -4.925217047395e-03 7.381308746338e+01 4.927257201852e-03 6.764335265725e-05 9.999878587067e-01 5.632579699159e-02
p2_to_world: -9.998351790272e-01 -1.570865761681e-04 -1.815461658592e-02 -5.437567901611e+01 -1.815517017136e-02 4.925217047395e-03 9.998230503610e-01 7.604286956787e+01 6.764335265725e-05 -9.999878587067e-01 4.927257201852e-03 2.105130195618e+00
