P0: -5.542562584220e+02 0.000000000000e+00 -9.600000000000e+02 -4.301187459654e+03 -4.408728476930e-14 5.542562584220e+02 -3.600000000000e+02 -1.612945297370e+03 -1.224646799147e-16 0.000000000000e+00 -1.000000000000e+00 -4.480403603806e+00
P1: -9.600000000000e+02 0.000000000000e+00 5.542562584220e+02 2.483740520384e+02 -3.600000000000e+02 5.542562584220e+02 2.204364238465e-14 -3.724773213296e+02 -1.000000000000e+00 0.000000000000e+00 6.123233995737e-17 -1.034659225915e+00
P2: 5.542562584220e+02 0.000000000000e+00 9.600000000000e+02 0.000000000000e+00 0.000000000000e+00 5.542562584220e+02 3.600000000000e+02 0.000000000000e+00 0.000000000000e+00 0.000000000000e+00 1.000000000000e+00 0.000000000000e+00
P3: 5.542562584220e+02 0.000000000000e+00 9.600000000000e+02 -4.434053866316e+02 0.000000000000e+00 5.542562584220e+02 3.600000000000e+02 0.000000000000e+00 0.000000000000e+00 0.000000000000e+00 1.000000000000e+00 0.000000000000e+00
P4: 9.600000000000e+02 0.000000000000e+00 -5.542562584220e+02 -2.234917800421e+03 3.600000000000e+02 5.542562584220e+02 2.204364238465e-14 -3.724757637602e+02 1.000000000000e+00 0.000000000000e+00 6.123233995737e-17 -1.034654899334e+00
P5: 5.542562584220e+02 9.600000000000e+02 5.878304635907e-14 2.399985008240e+04 0.000000000000e+00 9.600000000000e+02 -5.542562584220e+02 2.399985008240e+04 0.000000000000e+00 1.000000000000e+00 6.123233995737e-17 2.499984383583e+01
R0_rect: 1.000000000000e+00 0.000000000000e+00 0.000000000000e+00 0.000000000000e+00 1.000000000000e+00 0.000000000000e+00 0.000000000000e+00 0.000000000000e+00 1.000000000000e+00
Tr_velo_to_p2: 0.000000000000e+00 -1.000000000000e+00 0.000000000000e+00 2.674807097697e-07 0.000000000000e+00 0.000000000000e+00 -1.000000000000e+00 -5.000002315545e-01 1.000000000000e+00 0.000000000000e+00 0.000000000000e+00 -2.240216653436e+00
imu_to_world: -1.912939969343e-02 -9.998170158610e-01 -2.936406384619e-05 -5.431957244873e+01 9.998108496864e-01 -1.912938485097e-02 3.511621363545e-03 7.289766693115e+01 -3.511540509012e-03 3.781669901095e-05 9.999938338076e-01 5.999290198088e-02
p2_to_world: -9.998170158610e-01 2.936406384619e-05 -1.912939969343e-02 -5.436248779297e+01 -1.912938485097e-02 -3.511621363545e-03 9.998108496864e-01 7.514461517334e+01 3.781669901095e-05 -9.999938338076e-01 -3.511540509012e-03 2.089904546738e+00
