P0: -5.542562584220e+02 0.000000000000e+00 -9.600000000000e+02 -4.301137114407e+03 -4.408728476930e-14 5.542562584220e+02 -3.600000000000e+02 -1.612926417903e+03 -1.224646799147e-16 0.000000000000e+00 -1.000000000000e+00 -4.480351160841e+00
P1: -9.600000000000e+02 0.000000000000e+00 5.542562584220e+02 2.483620680749e+02 -3.600000000000e+02 5.542562584220e+02 2.204364238465e-14 -3.724768431954e+02 -1.000000000000e+00 0.000000000000e+00 6.123233995737e-17 -1.034657897765e+00
P2: 5.542562584220e+02 0.000000000000e+00 9.600000000000e+02 0.000000000000e+00 0.000000000000e+00 5.542562584220e+02 3.600000000000e+02 0.000000000000e+00 0.000000000000e+00 0.000000000000e+00 1.000000000000e+00 0.000000000000e+00
P3: 5.542562584220e+02 0.000000000000e+00 9.600000000000e+02 -4.434046929767e+02 0.000000000000e+00 5.542562584220e+02 3.600000000000e+02 0.000000000000e+00 0.000000000000e+00 0.000000000000e+00 1.000000000000e+00 0.000000000000e+00
P4: 9.600000000000e+02 0.000000000000e+00 -5.542562584220e+02 -2.234904351752e+03 3.600000000000e+02 5.542562584220e+02 2.204364238465e-14 -3.724766635435e+02 1.000000000000e+00 0.000000000000e+00 6.123233995737e-17 -1.034657398732e+00
P5: 5.542562584220e+02 9.600000000000e+02 5.878304635907e-14 2.399954223633e+04 0.000000000000e+00 9.600000000000e+02 -5.542562584220e+02 2.399954223633e+04 0.000000000000e+00 1.000000000000e+00 6.123233995737e-17 2.499952316284e+01
R0_rect: 1.000000000000e+00 0.000000000000e+00 0.000000000000e+00 0.000000000000e+00 1.000000000000e+00 0.000000000000e+00 0.000000000000e+00 0.000000000000e+00 1.000000000000e+00
Tr_velo_to_p2: 0.000000000000e+00 -1.000000000000e+00 0.000000000000e+00 -1.946185863097e-06 0.000000000000e+00 0.000000000000e+00 -1.000000000000e+00 -5.000000735692e-01 1.000000000000e+00 0.000000000000e+00 0.000000000000e+00 -2.240214119358e+00
imu_to_world: -1.635889014990e-02 -9.998661763925e-01 1.265677176199e-04 -5.433041763306e+01 9.998471214992e-01 -1.635935978861e-02 -6.172922900773e-03 7.347209930420e+01 6.174167384792e-03 2.556620049943e-05 9.999809393201e-01 5.579639226198e-02
p2_to_world: -9.998661763925e-01 -1.265677176199e-04 -1.635889014990e-02 -5.436680984497e+01 -1.635935978861e-02 6.172922900773e-03 9.998471214992e-01 7.569939422607e+01 2.556620049943e-05 -9.999809393201e-01 6.174167384792e-03 2.107379913330e+00
