P0: -5.542562584220e+02 0.000000000000e+00 -9.600000000000e+02 -4.301166866032e+03 -4.408728476930e-14 5.542562584220e+02 -3.600000000000e+02 -1.612937574762e+03 -1.224646799147e-16 0.000000000000e+00 -1.000000000000e+00 -4.480382152117e+00
P1: -9.600000000000e+02 0.000000000000e+00 5.542562584220e+02 2.483692672890e+02 -3.600000000000e+02 5.542562584220e+02 2.204364238465e-14 -3.724760099599e+02 -1.000000000000e+00 0.000000000000e+00 6.123233995737e-17 -1.034655583222e+00
P2: 5.542562584220e+02 0.000000000000e+00 9.600000000000e+02 0.000000000000e+00 0.000000000000e+00 5.542562584220e+02 3.600000000000e+02 0.000000000000e+00 0.000000000000e+00 0.000000000000e+00 1.000000000000e+00 0.000000000000e+00
P3: 5.542562584220e+02 0.000000000000e+00 9.600000000000e+02 -4.434052261892e+02 0.000000000000e+00 5.542562584220e+02 3.600000000000e+02 0.000000000000e+00 0.000000000000e+00 0.000000000000e+00 1.000000000000e+00 0.000000000000e+00
P4: 9.600000000000e+02 0.000000000000e+00 -5.542562584220e+02 -2.234907739019e+03 3.600000000000e+02 5.542562584220e+02 2.204364238465e-14 -3.724765298158e+02 1.000000000000e+00 0.000000000000e+00 6.123233995737e-17 -1.034657027266e+00
P5: 5.542562584220e+02 9.600000000000e+02 5.878304635907e-14 2.399968070984e+04 0.000000000000e+00 9.600000000000e+02 -5.542562584220e+02 2.399968070984e+04 0.000000000000e+00 1.000000000000e+00 6.123233995737e-17 2.499966740608e+01
R0_rect: 1.000000000000e+00 0.000000000000e+00 0.000000000000e+00 0.000000000000e+00 1.000000000000e+00 0.000000000000e+00 0.000000000000e+00 0.000000000000e+00 1.000000000000e+00
Tr_velo_to_p2: 0.000000000000e+00 -1.000000000000e+00 0.000000000000e+00 -5.668808760301e-07 0.000000000000e+00 0.000000000000e+00 -1.000000000000e+00 -5.000000978428e-01 1.000000000000e+00 0.000000000000e+00 0.000000000000e+00 -2.240216255153e+00
imu_to_world: -1.860538770842e-02 -9.998268967086e-01 1.271468094091e-04 -5.431790542603e+01 9.998136666441e-01 -1.860579561767e-02 -5.143574744216e-03 7.279252624512e+01 5.145050042047e-03 3.142491539401e-05 9.999867636487e-01 5.624255910516e-02
p2_to_world: -9.998268967086e-01 -1.271468094091e-04 -1.860538770842e-02 -5.435932540894e+01 -1.860579561767e-02 5.143574744216e-03 9.998136666441e-01 7.502184295654e+01 3.142491539401e-05 -9.999867636487e-01 5.145050042047e-03 2.105532407761e+00
