P0: -5.542562584220e+02 0.000000000000e+00 -9.600000000000e+02 -4.301205921020e+03 -4.408728476930e-14 5.542562584220e+02 -3.600000000000e+02 -1.612952220382e+03 -1.224646799147e-16 0.000000000000e+00 -1.000000000000e+00 -4.480422834396e+00
P1: -9.600000000000e+02 0.000000000000e+00 5.542562584220e+02 2.483751341003e+02 -3.600000000000e+02 5.542562584220e+02 2.204364238465e-14 -3.724776860025e+02 -1.000000000000e+00 0.000000000000e+00 6.123233995737e-17 -1.034660238896e+00
P2: 5.542562584220e+02 0.000000000000e+00 9.600000000000e+02 0.000000000000e+00 0.000000000000e+00 5.542562584220e+02 3.600000000000e+02 0.000000000000e+00 0.000000000000e+00 0.000000000000e+00 1.000000000000e+00 0.000000000000e+00
P3: 5.542562584220e+02 0.000000000000e+00 9.600000000000e+02 -4.434030300718e+02 0.000000000000e+00 5.542562584220e+02 3.600000000000e+02 0.000000000000e+00 0.000000000000e+00 0.000000000000e+00 1.000000000000e+00 0.000000000000e+00
P4: 9.600000000000e+02 0.000000000000e+00 -5.542562584220e+02 -2.234922479568e+03 3.600000000000e+02 5.542562584220e+02 2.204364238465e-14 -3.724758771563e+02 1.000000000000e+00 0.000000000000e+00 6.123233995737e-17 -1.034655214323e+00
P5: 5.542562584220e+02 9.600000000000e+02 5.878304635907e-14 2.399995925903e+04 0.000000000000e+00 9.600000000000e+02 -5.542562584220e+02 2.399995925903e+04 0.000000000000e+00 1.000000000000e+00 6.123233995737e-17 2.499995756149e+01
R0_rect: 1.000000000000e+00 0.000000000000e+00 0.000000000000e+00 0.000000000000e+00 1.000000000000e+00 0.000000000000e+00 0.000000000000e+00 0.000000000000e+00 1.000000000000e+00
Tr_velo_to_p2: 0.000000000000e+00 -1.000000000000e+00 0.000000000000e+00 -3.760536974726e-06 0.000000000000e+00 0.000000000000e+00 -1.000000000000e+00 -4.999998989073e-01 1.000000000000e+00 0.000000000000e+00 0.000000000000e+00 -2.240217758899e+00
imu_to_world: -1.935235242141e-02 -9.998127239023e-01 -5.982373339196e-05 -5.432040023804e+01 9.998111477094e-01 -1.935242815027e-02 1.775511391859e-03 7.294991302490e+01 -1.776336615516e-03 -2.545211335941e-05 9.999984219890e-01 5.923824012280e-02
p2_to_world: -9.998127239023e-01 5.982373339196e-05 -1.935235242141e-02 -5.436387634277e+01 -1.935242815027e-02 -1.775511391859e-03 9.998111477094e-01 7.519332122803e+01 -2.545211335941e-05 -9.999984219890e-01 -1.776336615516e-03 2.093046665192e+00
