P0: -5.542562584220e+02 0.000000000000e+00 -9.600000000000e+02 -4.301217068938e+03 -4.408728476930e-14 5.542562584220e+02 -3.600000000000e+02 -1.612956400852e+03 -1.224646799147e-16 0.000000000000e+00 -1.000000000000e+00 -4.480434446811e+00
P1: -9.600000000000e+02 0.000000000000e+00 5.542562584220e+02 2.483834222582e+02 -3.600000000000e+02 5.542562584220e+02 2.204364238465e-14 -3.724758112655e+02 -1.000000000000e+00 0.000000000000e+00 6.123233995737e-17 -1.034655031293e+00
P2: 5.542562584220e+02 0.000000000000e+00 9.600000000000e+02 0.000000000000e+00 0.000000000000e+00 5.542562584220e+02 3.600000000000e+02 0.000000000000e+00 0.000000000000e+00 0.000000000000e+00 1.000000000000e+00 0.000000000000e+00
P3: 5.542562584220e+02 0.000000000000e+00 9.600000000000e+02 -4.434067643149e+02 0.000000000000e+00 5.542562584220e+02 3.600000000000e+02 0.000000000000e+00 0.000000000000e+00 0.000000000000e+00 1.000000000000e+00 0.000000000000e+00
P4: 9.600000000000e+02 0.000000000000e+00 -5.542562584220e+02 -2.234925658483e+03 3.600000000000e+02 5.542562584220e+02 2.204364238465e-14 -3.724775038828e+02 1.000000000000e+00 0.000000000000e+00 6.123233995737e-17 -1.034659733008e+00
P5: 5.542562584220e+02 9.600000000000e+02 5.878304635907e-14 2.399999382019e+04 0.000000000000e+00 9.600000000000e+02 -5.542562584220e+02 2.399999382019e+04 0.000000000000e+00 1.000000000000e+00 6.123233995737e-17 2.499999356270e+01
R0_rect: 1.000000000000e+00 0.000000000000e+00 0.000000000000e+00 0.000000000000e+00 1.000000000000e+00 0.000000000000e+00 0.000000000000e+00 0.000000000000e+00 1.000000000000e+00
Tr_velo_to_p2: 0.000000000000e+00 -1.000000000000e+00 0.000000000000e+00 1.099947802576e-06 0.000000000000e+00 0.000000000000e+00 -1.000000000000e+00 -4.999998994154e-01 1.000000000000e+00 0.000000000000e+00 0.000000000000e+00 -2.240215813049e+00
imu_to_world: -1.774876664758e-02 -9.998424754179e-01 -7.505062415007e-05 -5.432658386230e+01 9.998422695470e-01 -1.774881139065e-02 6.447645673347e-04 7.326581573486e+01 -6.459950604385e-04 -6.359501053287e-05 9.999997893230e-01 5.874831974506e-02
p2_to_world: -9.998424754179e-01 7.505062415007e-05 -1.774876664758e-02 -5.436649703979e+01 -1.774881139065e-02 -6.447645673347e-04 9.998422695470e-01 7.550699615479e+01 -6.359501053287e-05 -9.999997893230e-01 -6.459950604385e-04 2.095091581345e+00
