P0: -5.542562584220e+02 0.000000000000e+00 -9.600000000000e+02 -4.301161082997e+03 -4.408728476930e-14 5.542562584220e+02 -3.600000000000e+02 -1.612935406124e+03 -1.224646799147e-16 0.000000000000e+00 -1.000000000000e+00 -4.480376128122e+00
P1: -9.600000000000e+02 0.000000000000e+00 5.542562584220e+02 2.483704957858e+02 -3.600000000000e+02 5.542562584220e+02 2.204364238465e-14 -3.724762884222e+02 -1.000000000000e+00 0.000000000000e+00 6.123233995737e-17 -1.034656356728e+00
P2: 5.542562584220e+02 0.000000000000e+00 9.600000000000e+02 0.000000000000e+00 0.000000000000e+00 5.542562584220e+02 3.600000000000e+02 0.000000000000e+00 0.000000000000e+00 0.000000000000e+00 1.000000000000e+00 0.000000000000e+00
P3: 5.542562584220e+02 0.000000000000e+00 9.600000000000e+02 -4.434058775512e+02 0.000000000000e+00 5.542562584220e+02 3.600000000000e+02 0.000000000000e+00 0.000000000000e+00 0.000000000000e+00 1.000000000000e+00 0.000000000000e+00
P4: 9.600000000000e+02 0.000000000000e+00 -5.542562584220e+02 -2.234908669833e+03 3.600000000000e+02 5.542562584220e+02 2.204364238465e-14 -3.724756847395e+02 1.000000000000e+00 0.000000000000e+00 6.123233995737e-17 -1.034654679832e+00
P5: 5.542562584220e+02 9.600000000000e+02 5.878304635907e-14 2.399968894958e+04 0.000000000000e+00 9.600000000000e+02 -5.542562584220e+02 2.399968894958e+04 0.000000000000e+00 1.000000000000e+00 6.123233995737e-17 2.499967598915e+01
R0_rect: 1.000000000000e+00 0.000000000000e+00 0.000000000000e+00 0.000000000000e+00 1.000000000000e+00 0.000000000000e+00 0.000000000000e+00 0.000000000000e+00 1.000000000000e+00
Tr_velo_to_p2: 0.000000000000e+00 -1.000000000000e+00 0.000000000000e+00 -8.165267792399e-07 0.000000000000e+00 0.000000000000e+00 -1.000000000000e+00 -4.999998151553e-01 1.000000000000e+00 0.000000000000e+00 0.000000000000e+00 -2.240219986042e+00
imu_to_world: -1.816192474192e-02 -9.998350537151e-01 9.925786801685e-05 -5.433405303955e+01 9.998221334250e-01 -1.816219465011e-02 -5.082932114968e-03 7.373659515381e+01 5.083896444918e-03 6.924382819482e-06 9.999870768910e-01 5.626709014177e-02
p2_to_world: -9.998350537151e-01 -9.925786801685e-05 -1.816192474192e-02 -5.437453460693e+01 -1.816219465011e-02 5.082932114968e-03 9.998221334250e-01 7.596605682373e+01 6.924382819482e-06 -9.999870768910e-01 5.083896444918e-03 2.105420827866e+00
