P0: -5.542562584220e+02 0.000000000000e+00 -9.600000000000e+02 -4.301161363181e+03 -4.408728476930e-14 5.542562584220e+02 -3.600000000000e+02 -1.612935511193e+03 -1.224646799147e-16 0.000000000000e+00 -1.000000000000e+00 -4.480376419981e+00
P1: -9.600000000000e+02 0.000000000000e+00 5.542562584220e+02 2.483637895341e+02 -3.600000000000e+02 5.542562584220e+02 2.204364238465e-14 -3.724778334769e+02 -1.000000000000e+00 0.000000000000e+00 6.123233995737e-17 -1.034660648547e+00
P2: 5.542562584220e+02 0.000000000000e+00 9.600000000000e+02 0.000000000000e+00 0.000000000000e+00 5.542562584220e+02 3.600000000000e+02 0.000000000000e+00 0.000000000000e+00 0.000000000000e+00 1.000000000000e+00 0.000000000000e+00
P3: 5.542562584220e+02 0.000000000000e+00 9.600000000000e+02 -4.434049826486e+02 0.000000000000e+00 5.542562584220e+02 3.600000000000e+02 0.000000000000e+00 0.000000000000e+00 0.000000000000e+00 1.000000000000e+00 0.000000000000e+00
P4: 9.600000000000e+02 0.000000000000e+00 -5.542562584220e+02 -2.234911360172e+03 3.600000000000e+02 5.542562584220e+02 2.204364238465e-14 -3.724772630437e+02 1.000000000000e+00 0.000000000000e+00 6.123233995737e-17 -1.034659064010e+00
P5: 5.542562584220e+02 9.600000000000e+02 5.878304635907e-14 2.399967384338e+04 0.000000000000e+00 9.600000000000e+02 -5.542562584220e+02 2.399967384338e+04 0.000000000000e+00 1.000000000000e+00 6.123233995737e-17 2.499966025352e+01
R0_rect: 1.000000000000e+00 0.000000000000e+00 0.000000000000e+00 0.000000000000e+00 1.000000000000e+00 0.000000000000e+00 0.000000000000e+00 0.000000000000e+00 1.000000000000e+00
Tr_velo_to_p2: 0.000000000000e+00 -1.000000000000e+00 0.000000000000e+00 -2.171892887672e-06 0.000000000000e+00 0.000000000000e+00 -1.000000000000e+00 -5.000001422162e-01 1.000000000000e+00 0.000000000000e+00 0.000000000000e+00 -2.240218183780e+00
imu_to_world: -1.907893364421e-02 -9.998179591374e-01 2.070681672864e-04 -5.431943130493e+01 9.998043803918e-01 -1.907975394487e-02 -5.211903558462e-03 7.288764190674e+01 5.214905588724e-03 1.075900985407e-04 9.999863964995e-01 5.620250478387e-02
p2_to_world: -9.998179591374e-01 -2.070681672864e-04 -1.907893364421e-02 -5.436175155640e+01 -1.907975394487e-02 5.211903558462e-03 9.998043803918e-01 7.511680603027e+01 1.075900985407e-04 -9.999863964995e-01 5.214905588724e-03 2.105648279190e+00
