P0: -5.542562584220e+02 0.000000000000e+00 -9.600000000000e+02 -4.301032539796e+03 -4.408728476930e-14 5.542562584220e+02 -3.600000000000e+02 -1.612887202424e+03 -1.224646799147e-16 0.000000000000e+00 -1.000000000000e+00 -4.480242228955e+00
P1: -9.600000000000e+02 0.000000000000e+00 5.542562584220e+02 2.483320511858e+02 -3.600000000000e+02 5.542562584220e+02 2.204364238465e-14 -3.724766523136e+02 -1.000000000000e+00 0.000000000000e+00 6.123233995737e-17 -1.034657367538e+00
P2: 5.542562584220e+02 0.000000000000e+00 9.600000000000e+02 0.000000000000e+00 0.000000000000e+00 5.542562584220e+02 3.600000000000e+02 0.000000000000e+00 0.000000000000e+00 0.000000000000e+00 1.000000000000e+00 0.000000000000e+00
P3: 5.542562584220e+02 0.000000000000e+00 9.600000000000e+02 -4.434060835331e+02 0.000000000000e+00 5.542562584220e+02 3.600000000000e+02 0.000000000000e+00 0.000000000000e+00 0.000000000000e+00 1.000000000000e+00 0.000000000000e+00
P4: 9.600000000000e+02 0.000000000000e+00 -5.542562584220e+02 -2.234872618372e+03 3.600000000000e+02 5.542562584220e+02 2.204364238465e-14 -3.724775429058e+02 1.000000000000e+00 0.000000000000e+00 6.123233995737e-17 -1.034659841405e+00
P5: 5.542562584220e+02 9.600000000000e+02 5.878304635907e-14 2.399894554138e+04 0.000000000000e+00 9.600000000000e+02 -5.542562584220e+02 2.399894554138e+04 0.000000000000e+00 1.000000000000e+00 6.123233995737e-17 2.499890160561e+01
R0_rect: 1.000000000000e+00 0.000000000000e+00 0.000000000000e+00 0.000000000000e+00 1.000000000000e+00 0.000000000000e+00 0.000000000000e+00 0.000000000000e+00 1.000000000000e+00
Tr_velo_to_p2: 0.000000000000e+00 -1.000000000000e+00 0.000000000000e+00 7.186536468627e-07 0.000000000000e+00 0.000000000000e+00 -1.000000000000e+00 -5.000000448483e-01 1.000000000000e+00 0.000000000000e+00 0.000000000000e+00 -2.240223607632e+00
imu_to_world: -1.792106245731e-02 -9.998393563048e-01 3.116158896794e-04 -5.427099609375e+01 9.997955502341e-01 -1.792319459353e-02 -9.360386081115e-03 7.009424591064e+01 9.364467546335e-03 1.438041162995e-04 9.999561420722e-01 5.439487472177e-02
p2_to_world: -9.998393563048e-01 -3.116158896794e-04 -1.792106245731e-02 -5.431050491333e+01 -1.792319459353e-02 9.360386081115e-03 9.997955502341e-01 7.231493377686e+01 1.438041162995e-04 -9.999561420722e-01 9.364467546335e-03 2.113075017929e+00
