P0: -5.542562584220e+02 0.000000000000e+00 -9.600000000000e+02 -4.301219280641e+03 -4.408728476930e-14 5.542562584220e+02 -3.600000000000e+02 -1.612957230240e+03 -1.224646799147e-16 0.000000000000e+00 -1.000000000000e+00 -4.480436750668e+00
P1: -9.600000000000e+02 0.000000000000e+00 5.542562584220e+02 2.483885415653e+02 -3.600000000000e+02 5.542562584220e+02 2.204364238465e-14 -3.724756742962e+02 -1.000000000000e+00 0.000000000000e+00 6.123233995737e-17 -1.034654650823e+00
P2: 5.542562584220e+02 0.000000000000e+00 9.600000000000e+02 0.000000000000e+00 0.000000000000e+00 5.542562584220e+02 3.600000000000e+02 0.000000000000e+00 0.000000000000e+00 0.000000000000e+00 1.000000000000e+00 0.000000000000e+00
P3: 5.542562584220e+02 0.000000000000e+00 9.600000000000e+02 -4.434048756575e+02 0.000000000000e+00 5.542562584220e+02 3.600000000000e+02 0.000000000000e+00 0.000000000000e+00 0.000000000000e+00 1.000000000000e+00 0.000000000000e+00
P4: 9.600000000000e+02 0.000000000000e+00 -5.542562584220e+02 -2.234927685141e+03 3.600000000000e+02 5.542562584220e+02 2.204364238465e-14 -3.724779823360e+02 1.000000000000e+00 0.000000000000e+00 6.123233995737e-17 -1.034661062044e+00
P5: 5.542562584220e+02 9.600000000000e+02 5.878304635907e-14 2.399997024536e+04 0.000000000000e+00 9.600000000000e+02 -5.542562584220e+02 2.399997024536e+04 0.000000000000e+00 1.000000000000e+00 6.123233995737e-17 2.499996900558e+01
R0_rect: 1.000000000000e+00 0.000000000000e+00 0.000000000000e+00 0.000000000000e+00 1.000000000000e+00 0.000000000000e+00 0.000000000000e+00 0.000000000000e+00 1.000000000000e+00
Tr_velo_to_p2: 0.000000000000e+00 -1.000000000000e+00 0.000000000000e+00 3.392081251941e-06 0.000000000000e+00 0.000000000000e+00 -1.000000000000e+00 -4.999998648887e-01 1.000000000000e+00 0.000000000000e+00 0.000000000000e+00 -2.240220189632e+00
imu_to_world: -1.777804118717e-02 -9.998419575341e-01 3.472598485256e-05 -5.429781723022e+01 9.998408715941e-01 -1.777807305985e-02 -1.473637735272e-03 7.160514831543e+01 1.474022199026e-03 8.522066609314e-06 9.999989135924e-01 5.783038958907e-02
p2_to_world: -9.998419575341e-01 -3.472598485256e-05 -1.777804118717e-02 -5.433757019043e+01 -1.777807305985e-02 1.473637735272e-03 9.998408715941e-01 7.384201049805e+01 8.522066609314e-06 -9.999989135924e-01 1.474022199026e-03 2.098921298981e+00
