P0: -5.542562584220e+02 0.000000000000e+00 -9.600000000000e+02 -4.301207160862e+03 -4.408728476930e-14 5.542562584220e+02 -3.600000000000e+02 -1.612952685323e+03 -1.224646799147e-16 0.000000000000e+00 -1.000000000000e+00 -4.480424125898e+00
P1: -9.600000000000e+02 0.000000000000e+00 5.542562584220e+02 2.483810931211e+02 -3.600000000000e+02 5.542562584220e+02 2.204364238465e-14 -3.724763382256e+02 -1.000000000000e+00 0.000000000000e+00 6.123233995737e-17 -1.034656495071e+00
P2: 5.542562584220e+02 0.000000000000e+00 9.600000000000e+02 0.000000000000e+00 0.000000000000e+00 5.542562584220e+02 3.600000000000e+02 0.000000000000e+00 0.000000000000e+00 0.000000000000e+00 1.000000000000e+00 0.000000000000e+00
P3: 5.542562584220e+02 0.000000000000e+00 9.600000000000e+02 -4.434036780875e+02 0.000000000000e+00 5.542562584220e+02 3.600000000000e+02 0.000000000000e+00 0.000000000000e+00 0.000000000000e+00 1.000000000000e+00 0.000000000000e+00
P4: 9.600000000000e+02 0.000000000000e+00 -5.542562584220e+02 -2.234922887694e+03 3.600000000000e+02 5.542562584220e+02 2.204364238465e-14 -3.724766499998e+02 1.000000000000e+00 0.000000000000e+00 6.123233995737e-17 -1.034657361111e+00
P5: 5.542562584220e+02 9.600000000000e+02 5.878304635907e-14 2.399993362427e+04 0.000000000000e+00 9.600000000000e+02 -5.542562584220e+02 2.399993362427e+04 0.000000000000e+00 1.000000000000e+00 6.123233995737e-17 2.499993085861e+01
R0_rect: 1.000000000000e+00 0.000000000000e+00 0.000000000000e+00 0.000000000000e+00 1.000000000000e+00 0.000000000000e+00 0.000000000000e+00 0.000000000000e+00 1.000000000000e+00
Tr_velo_to_p2: 0.000000000000e+00 -1.000000000000e+00 0.000000000000e+00 1.512870289934e-06 0.000000000000e+00 0.000000000000e+00 -1.000000000000e+00 -4.999997203071e-01 1.000000000000e+00 0.000000000000e+00 0.000000000000e+00 -2.240223223455e+00
imu_to_world: -1.761931217799e-02 -9.998447645133e-01 -8.193754484666e-05 -5.430537796021e+01 9.998419986876e-01 -1.761945619456e-02 2.352110509747e-03 7.203984069824e+01 -2.353189073709e-03 -4.048202925867e-05 9.999972304274e-01 5.949340760708e-02
p2_to_world: -9.998447645133e-01 8.193754484666e-05 -1.761931217799e-02 -5.434501647949e+01 -1.761945619456e-02 -2.352110509747e-03 9.998419986876e-01 7.428450012207e+01 -4.048202925867e-05 -9.999972304274e-01 -2.353189073709e-03 2.092007160187e+00
