P0: -5.542562584220e+02 0.000000000000e+00 -9.600000000000e+02 -4.301213091529e+03 -4.408728476930e-14 5.542562584220e+02 -3.600000000000e+02 -1.612954909324e+03 -1.224646799147e-16 0.000000000000e+00 -1.000000000000e+00 -4.480430303676e+00
P1: -9.600000000000e+02 0.000000000000e+00 5.542562584220e+02 2.483793570616e+02 -3.600000000000e+02 5.542562584220e+02 2.204364238465e-14 -3.724767982809e+02 -1.000000000000e+00 0.000000000000e+00 6.123233995737e-17 -1.034657773002e+00
P2: 5.542562584220e+02 0.000000000000e+00 9.600000000000e+02 0.000000000000e+00 0.000000000000e+00 5.542562584220e+02 3.600000000000e+02 0.000000000000e+00 0.000000000000e+00 0.000000000000e+00 1.000000000000e+00 0.000000000000e+00
P3: 5.542562584220e+02 0.000000000000e+00 9.600000000000e+02 -4.434045338419e+02 0.000000000000e+00 5.542562584220e+02 3.600000000000e+02 0.000000000000e+00 0.000000000000e+00 0.000000000000e+00 1.000000000000e+00 0.000000000000e+00
P4: 9.600000000000e+02 0.000000000000e+00 -5.542562584220e+02 -2.234926719049e+03 3.600000000000e+02 5.542562584220e+02 2.204364238465e-14 -3.724766257336e+02 1.000000000000e+00 0.000000000000e+00 6.123233995737e-17 -1.034657293704e+00
P5: 5.542562584220e+02 9.600000000000e+02 5.878304635907e-14 2.399997299194e+04 0.000000000000e+00 9.600000000000e+02 -5.542562584220e+02 2.399997299194e+04 0.000000000000e+00 1.000000000000e+00 6.123233995737e-17 2.499997186661e+01
R0_rect: 1.000000000000e+00 0.000000000000e+00 0.000000000000e+00 0.000000000000e+00 1.000000000000e+00 0.000000000000e+00 0.000000000000e+00 0.000000000000e+00 1.000000000000e+00
Tr_velo_to_p2: 0.000000000000e+00 -1.000000000000e+00 0.000000000000e+00 -3.449362091743e-06 0.000000000000e+00 0.000000000000e+00 -1.000000000000e+00 -4.999999171541e-01 1.000000000000e+00 0.000000000000e+00 0.000000000000e+00 -2.240219511824e+00
imu_to_world: -1.826438995523e-02 -9.998331914322e-01 -3.701491402383e-05 -5.433786010742e+01 9.998322107938e-01 -1.826442388528e-02 1.400385407038e-03 7.396015167236e+01 -1.400827866834e-03 -1.143151815903e-05 9.999990187748e-01 5.907760560513e-02
p2_to_world: -9.998331914322e-01 3.701491402383e-05 -1.826438995523e-02 -5.437885284424e+01 -1.826442388528e-02 -1.400385407038e-03 9.998322107938e-01 7.620285034180e+01 -1.143151815903e-05 -9.999990187748e-01 -1.400827866834e-03 2.093728542328e+00
