P0: -5.542562584220e+02 0.000000000000e+00 -9.600000000000e+02 -4.301163098524e+03 -4.408728476930e-14 5.542562584220e+02 -3.600000000000e+02 -1.612936161947e+03 -1.224646799147e-16 0.000000000000e+00 -1.000000000000e+00 -4.480378227629e+00
P1: -9.600000000000e+02 0.000000000000e+00 5.542562584220e+02 2.483691789608e+02 -3.600000000000e+02 5.542562584220e+02 2.204364238465e-14 -3.724770671729e+02 -1.000000000000e+00 0.000000000000e+00 6.123233995737e-17 -1.034658519925e+00
P2: 5.542562584220e+02 0.000000000000e+00 9.600000000000e+02 0.000000000000e+00 0.000000000000e+00 5.542562584220e+02 3.600000000000e+02 0.000000000000e+00 0.000000000000e+00 0.000000000000e+00 1.000000000000e+00 0.000000000000e+00
P3: 5.542562584220e+02 0.000000000000e+00 9.600000000000e+02 -4.434024172535e+02 0.000000000000e+00 5.542562584220e+02 3.600000000000e+02 0.000000000000e+00 0.000000000000e+00 0.000000000000e+00 1.000000000000e+00 0.000000000000e+00
P4: 9.600000000000e+02 0.000000000000e+00 -5.542562584220e+02 -2.234912264854e+03 3.600000000000e+02 5.542562584220e+02 2.204364238465e-14 -3.724769089759e+02 1.000000000000e+00 0.000000000000e+00 6.123233995737e-17 -1.034658080489e+00
P5: 5.542562584220e+02 9.600000000000e+02 5.878304635907e-14 2.399968505859e+04 0.000000000000e+00 9.600000000000e+02 -5.542562584220e+02 2.399968505859e+04 0.000000000000e+00 1.000000000000e+00 6.123233995737e-17 2.499967193604e+01
R0_rect: 1.000000000000e+00 0.000000000000e+00 0.000000000000e+00 0.000000000000e+00 1.000000000000e+00 0.000000000000e+00 0.000000000000e+00 0.000000000000e+00 1.000000000000e+00
Tr_velo_to_p2: 0.000000000000e+00 -1.000000000000e+00 0.000000000000e+00 -8.279840339344e-08 0.000000000000e+00 0.000000000000e+00 -1.000000000000e+00 -5.000001147651e-01 1.000000000000e+00 0.000000000000e+00 0.000000000000e+00 -2.240216769881e+00
imu_to_world: -1.662113886365e-02 -9.998618410524e-01 1.911812312833e-04 -5.433140563965e+01 9.998488828885e-01 -1.662189699860e-02 -5.091554458496e-03 7.354228210449e+01 5.094028809424e-03 1.065249068414e-04 9.999870196772e-01 5.625068396330e-02
p2_to_world: -9.998618410524e-01 -1.911812312833e-04 -1.662113886365e-02 -5.436825180054e+01 -1.662189699860e-02 5.091554458496e-03 9.998488828885e-01 7.577178955078e+01 1.065249068414e-04 -9.999870196772e-01 5.094028809424e-03 2.105426788330e+00
