P0: -5.542562584220e+02 0.000000000000e+00 -9.600000000000e+02 -4.301215996166e+03 -4.408728476930e-14 5.542562584220e+02 -3.600000000000e+02 -1.612955998562e+03 -1.224646799147e-16 0.000000000000e+00 -1.000000000000e+00 -4.480433329339e+00
P1: -9.600000000000e+02 0.000000000000e+00 5.542562584220e+02 2.483876210464e+02 -3.600000000000e+02 5.542562584220e+02 2.204364238465e-14 -3.724751180569e+02 -1.000000000000e+00 0.000000000000e+00 6.123233995737e-17 -1.034653105714e+00
P2: 5.542562584220e+02 0.000000000000e+00 9.600000000000e+02 0.000000000000e+00 0.000000000000e+00 5.542562584220e+02 3.600000000000e+02 0.000000000000e+00 0.000000000000e+00 0.000000000000e+00 1.000000000000e+00 0.000000000000e+00
P3: 5.542562584220e+02 0.000000000000e+00 9.600000000000e+02 -4.434048304542e+02 0.000000000000e+00 5.542562584220e+02 3.600000000000e+02 0.000000000000e+00 0.000000000000e+00 0.000000000000e+00 1.000000000000e+00 0.000000000000e+00
P4: 9.600000000000e+02 0.000000000000e+00 -5.542562584220e+02 -2.234923198848e+03 3.600000000000e+02 5.542562584220e+02 2.204364238465e-14 -3.724760955565e+02 1.000000000000e+00 0.000000000000e+00 6.123233995737e-17 -1.034655820990e+00
P5: 5.542562584220e+02 9.600000000000e+02 5.878304635907e-14 2.399997825623e+04 0.000000000000e+00 9.600000000000e+02 -5.542562584220e+02 2.399997825623e+04 0.000000000000e+00 1.000000000000e+00 6.123233995737e-17 2.499997735023e+01
R0_rect: 1.000000000000e+00 0.000000000000e+00 0.000000000000e+00 0.000000000000e+00 1.000000000000e+00 0.000000000000e+00 0.000000000000e+00 0.000000000000e+00 1.000000000000e+00
Tr_velo_to_p2: 0.000000000000e+00 -1.000000000000e+00 0.000000000000e+00 -2.713473002042e-06 0.000000000000e+00 0.000000000000e+00 -1.000000000000e+00 -5.000003979570e-01 1.000000000000e+00 0.000000000000e+00 0.000000000000e+00 -2.240221838604e+00
imu_to_world: -1.694966146942e-02 -9.998563436013e-01 3.371038205515e-05 -5.426139450073e+01 9.998554856960e-01 -1.694960272585e-02 1.310988557763e-03 6.953688049316e+01 -1.310228848285e-03 5.592632266712e-05 9.999991400859e-01 5.903324112296e-02
p2_to_world: -9.998563436013e-01 -3.371038205515e-05 -1.694966146942e-02 -5.429929733276e+01 -1.694960272585e-02 -1.310988557763e-03 9.998554856960e-01 7.177944946289e+01 5.592632266712e-05 -9.999991400859e-01 -1.310228848285e-03 2.093887090683e+00
