P0: -5.542562584220e+02 0.000000000000e+00 -9.600000000000e+02 -4.300988207815e+03 -4.408728476930e-14 5.542562584220e+02 -3.600000000000e+02 -1.612870577931e+03 -1.224646799147e-16 0.000000000000e+00 -1.000000000000e+00 -4.480196049807e+00
P1: -9.600000000000e+02 0.000000000000e+00 5.542562584220e+02 2.483211422449e+02 -3.600000000000e+02 5.542562584220e+02 2.204364238465e-14 -3.724761981313e+02 -1.000000000000e+00 0.000000000000e+00 6.123233995737e-17 -1.034656105920e+00
P2: 5.542562584220e+02 0.000000000000e+00 9.600000000000e+02 0.000000000000e+00 0.000000000000e+00 5.542562584220e+02 3.600000000000e+02 0.000000000000e+00 0.000000000000e+00 0.000000000000e+00 1.000000000000e+00 0.000000000000e+00
P3: 5.542562584220e+02 0.000000000000e+00 9.600000000000e+02 -4.434060077462e+02 0.000000000000e+00 5.542562584220e+02 3.600000000000e+02 0.000000000000e+00 0.000000000000e+00 0.000000000000e+00 1.000000000000e+00 0.000000000000e+00
P4: 9.600000000000e+02 0.000000000000e+00 -5.542562584220e+02 -2.234864375525e+03 3.600000000000e+02 5.542562584220e+02 2.204364238465e-14 -3.724779478829e+02 1.000000000000e+00 0.000000000000e+00 6.123233995737e-17 -1.034660966341e+00
P5: 5.542562584220e+02 9.600000000000e+02 5.878304635907e-14 2.399872261047e+04 0.000000000000e+00 9.600000000000e+02 -5.542562584220e+02 2.399872261047e+04 0.000000000000e+00 1.000000000000e+00 6.123233995737e-17 2.499866938591e+01
R0_rect: 1.000000000000e+00 0.000000000000e+00 0.000000000000e+00 0.000000000000e+00 1.000000000000e+00 0.000000000000e+00 0.000000000000e+00 0.000000000000e+00 1.000000000000e+00
Tr_velo_to_p2: 0.000000000000e+00 -1.000000000000e+00 0.000000000000e+00 1.790354903033e-07 0.000000000000e+00 0.000000000000e+00 -1.000000000000e+00 -5.000002394651e-01 1.000000000000e+00 0.000000000000e+00 0.000000000000e+00 -2.240216900176e+00
imu_to_world: -1.791476994030e-02 -9.998394627295e-01 3.313409168888e-04 -5.426818084717e+01 9.997862564353e-01 -1.791723517843e-02 -1.031572230063e-02 6.993613433838e+01 1.032000295586e-02 1.464663031164e-04 9.999467366248e-01 5.398601293564e-02
p2_to_world: -9.998394627295e-01 -3.313409168888e-04 -1.791476994030e-02 -5.430764007568e+01 -1.791723517843e-02 1.031572230063e-02 9.997862564353e-01 7.215485382080e+01 1.464663031164e-04 -9.999467366248e-01 1.032000295586e-02 2.114787340164e+00
