P0: -5.542562584220e+02 0.000000000000e+00 -9.600000000000e+02 -4.301002591481e+03 -4.408728476930e-14 5.542562584220e+02 -3.600000000000e+02 -1.612875971805e+03 -1.224646799147e-16 0.000000000000e+00 -1.000000000000e+00 -4.480211032793e+00
P1: -9.600000000000e+02 0.000000000000e+00 5.542562584220e+02 2.483218706991e+02 -3.600000000000e+02 5.542562584220e+02 2.204364238465e-14 -3.724769235313e+02 -1.000000000000e+00 0.000000000000e+00 6.123233995737e-17 -1.034658120920e+00
P2: 5.542562584220e+02 0.000000000000e+00 9.600000000000e+02 0.000000000000e+00 0.000000000000e+00 5.542562584220e+02 3.600000000000e+02 0.000000000000e+00 0.000000000000e+00 0.000000000000e+00 1.000000000000e+00 0.000000000000e+00
P3: 5.542562584220e+02 0.000000000000e+00 9.600000000000e+02 -4.434060077401e+02 0.000000000000e+00 5.542562584220e+02 3.600000000000e+02 0.000000000000e+00 0.000000000000e+00 0.000000000000e+00 1.000000000000e+00 0.000000000000e+00
P4: 9.600000000000e+02 0.000000000000e+00 -5.542562584220e+02 -2.234868158442e+03 3.600000000000e+02 5.542562584220e+02 2.204364238465e-14 -3.724772224823e+02 1.000000000000e+00 0.000000000000e+00 6.123233995737e-17 -1.034658951340e+00
P5: 5.542562584220e+02 9.600000000000e+02 5.878304635907e-14 2.399878280640e+04 0.000000000000e+00 9.600000000000e+02 -5.542562584220e+02 2.399878280640e+04 0.000000000000e+00 1.000000000000e+00 6.123233995737e-17 2.499873209000e+01
R0_rect: 1.000000000000e+00 0.000000000000e+00 0.000000000000e+00 0.000000000000e+00 1.000000000000e+00 0.000000000000e+00 0.000000000000e+00 0.000000000000e+00 1.000000000000e+00
Tr_velo_to_p2: 0.000000000000e+00 -1.000000000000e+00 0.000000000000e+00 6.019443283776e-07 0.000000000000e+00 0.000000000000e+00 -1.000000000000e+00 -4.999999894656e-01 1.000000000000e+00 0.000000000000e+00 0.000000000000e+00 -2.240217347983e+00
imu_to_world: -1.791215439827e-02 -9.998395222955e-01 2.904837224853e-04 -5.426564788818e+01 9.997889302894e-01 -1.791417039749e-02 -1.005869622699e-02 6.979435729980e+01 1.006228580541e-02 1.102494903069e-04 9.999493678429e-01 5.411182343960e-02
p2_to_world: -9.998395222955e-01 -2.904837224853e-04 -1.791215439827e-02 -5.430518341064e+01 -1.791417039749e-02 1.005869622699e-02 9.997889302894e-01 7.201360321045e+01 1.102494903069e-04 -9.999493678429e-01 1.006228580541e-02 2.114341259003e+00
