P0: -5.542562584220e+02 0.000000000000e+00 -9.600000000000e+02 -4.301210940055e+03 -4.408728476930e-14 5.542562584220e+02 -3.600000000000e+02 -1.612954102521e+03 -1.224646799147e-16 0.000000000000e+00 -1.000000000000e+00 -4.480428062558e+00
P1: -9.600000000000e+02 0.000000000000e+00 5.542562584220e+02 2.483774139122e+02 -3.600000000000e+02 5.542562584220e+02 2.204364238465e-14 -3.724780163591e+02 -1.000000000000e+00 0.000000000000e+00 6.123233995737e-17 -1.034661156553e+00
P2: 5.542562584220e+02 0.000000000000e+00 9.600000000000e+02 0.000000000000e+00 0.000000000000e+00 5.542562584220e+02 3.600000000000e+02 0.000000000000e+00 0.000000000000e+00 0.000000000000e+00 1.000000000000e+00 0.000000000000e+00
P3: 5.542562584220e+02 0.000000000000e+00 9.600000000000e+02 -4.434032316619e+02 0.000000000000e+00 5.542562584220e+02 3.600000000000e+02 0.000000000000e+00 0.000000000000e+00 0.000000000000e+00 1.000000000000e+00 0.000000000000e+00
P4: 9.600000000000e+02 0.000000000000e+00 -5.542562584220e+02 -2.234918160438e+03 3.600000000000e+02 5.542562584220e+02 2.204364238465e-14 -3.724743435969e+02 1.000000000000e+00 0.000000000000e+00 6.123233995737e-17 -1.034650954436e+00
P5: 5.542562584220e+02 9.600000000000e+02 5.878304635907e-14 2.399999633789e+04 0.000000000000e+00 9.600000000000e+02 -5.542562584220e+02 2.399999633789e+04 0.000000000000e+00 1.000000000000e+00 6.123233995737e-17 2.499999618530e+01
R0_rect: 1.000000000000e+00 0.000000000000e+00 0.000000000000e+00 0.000000000000e+00 1.000000000000e+00 0.000000000000e+00 0.000000000000e+00 0.000000000000e+00 1.000000000000e+00
Tr_velo_to_p2: 0.000000000000e+00 -1.000000000000e+00 0.000000000000e+00 -1.665056868904e-07 0.000000000000e+00 0.000000000000e+00 -1.000000000000e+00 -5.000000888081e-01 1.000000000000e+00 0.000000000000e+00 0.000000000000e+00 -2.240216396836e+00
imu_to_world: -1.757089653040e-02 -9.998456198660e-01 -5.461214561493e-06 -5.433178710938e+01 9.998454831104e-01 -1.757089698352e-02 5.229558912531e-04 7.358876800537e+01 -5.229711156910e-04 3.728433143564e-06 9.999998632436e-01 5.869502946734e-02
p2_to_world: -9.998456198660e-01 5.461214561493e-06 -1.757089653040e-02 -5.437116241455e+01 -1.757089698352e-02 -5.229558912531e-04 9.998454831104e-01 7.582970428467e+01 3.728433143564e-06 -9.999998632436e-01 -5.229711156910e-04 2.095314025879e+00
