P0: -5.542562584220e+02 0.000000000000e+00 -9.600000000000e+02 -4.301214651685e+03 -4.408728476930e-14 5.542562584220e+02 -3.600000000000e+02 -1.612955494382e+03 -1.224646799147e-16 0.000000000000e+00 -1.000000000000e+00 -4.480431928839e+00
P1: -9.600000000000e+02 0.000000000000e+00 5.542562584220e+02 2.483754019287e+02 -3.600000000000e+02 5.542562584220e+02 2.204364238465e-14 -3.724774394241e+02 -1.000000000000e+00 0.000000000000e+00 6.123233995737e-17 -1.034659553956e+00
P2: 5.542562584220e+02 0.000000000000e+00 9.600000000000e+02 0.000000000000e+00 0.000000000000e+00 5.542562584220e+02 3.600000000000e+02 0.000000000000e+00 0.000000000000e+00 0.000000000000e+00 1.000000000000e+00 0.000000000000e+00
P3: 5.542562584220e+02 0.000000000000e+00 9.600000000000e+02 -4.434053333167e+02 0.000000000000e+00 5.542562584220e+02 3.600000000000e+02 0.000000000000e+00 0.000000000000e+00 0.000000000000e+00 1.000000000000e+00 0.000000000000e+00
P4: 9.600000000000e+02 0.000000000000e+00 -5.542562584220e+02 -2.234922070394e+03 3.600000000000e+02 5.542562584220e+02 2.204364238465e-14 -3.724752761481e+02 1.000000000000e+00 0.000000000000e+00 6.123233995737e-17 -1.034653544856e+00
P5: 5.542562584220e+02 9.600000000000e+02 5.878304635907e-14 2.399996429443e+04 0.000000000000e+00 9.600000000000e+02 -5.542562584220e+02 2.399996429443e+04 0.000000000000e+00 1.000000000000e+00 6.123233995737e-17 2.499996280670e+01
R0_rect: 1.000000000000e+00 0.000000000000e+00 0.000000000000e+00 0.000000000000e+00 1.000000000000e+00 0.000000000000e+00 0.000000000000e+00 0.000000000000e+00 1.000000000000e+00
Tr_velo_to_p2: 0.000000000000e+00 -1.000000000000e+00 0.000000000000e+00 -2.033374440558e-06 0.000000000000e+00 0.000000000000e+00 -1.000000000000e+00 -5.000000327236e-01 1.000000000000e+00 0.000000000000e+00 0.000000000000e+00 -2.240214754099e+00
imu_to_world: -1.523639644502e-02 -9.998839178479e-01 -5.525000016595e-05 -5.432919311523e+01 9.998823548180e-01 -1.523647033115e-02 1.768189901326e-03 7.336477661133e+01 -1.768826461026e-03 -2.830265794293e-05 9.999984352247e-01 5.923728644848e-02
p2_to_world: -9.998839178479e-01 5.525000016595e-05 -1.523639644502e-02 -5.436344146729e+01 -1.523647033115e-02 -1.768189901326e-03 9.998823548180e-01 7.560832977295e+01 -2.830265794293e-05 -9.999984352247e-01 -1.768826461026e-03 2.093062400818e+00
