P0: -5.542562584220e+02 0.000000000000e+00 -9.600000000000e+02 -4.301211613301e+03 -4.408728476930e-14 5.542562584220e+02 -3.600000000000e+02 -1.612954354988e+03 -1.224646799147e-16 0.000000000000e+00 -1.000000000000e+00 -4.480428763855e+00
P1: -9.600000000000e+02 0.000000000000e+00 5.542562584220e+02 2.483793099598e+02 -3.600000000000e+02 5.542562584220e+02 2.204364238465e-14 -3.724772347449e+02 -1.000000000000e+00 0.000000000000e+00 6.123233995737e-17 -1.034658985403e+00
P2: 5.542562584220e+02 0.000000000000e+00 9.600000000000e+02 0.000000000000e+00 0.000000000000e+00 5.542562584220e+02 3.600000000000e+02 0.000000000000e+00 0.000000000000e+00 0.000000000000e+00 1.000000000000e+00 0.000000000000e+00
P3: 5.542562584220e+02 0.000000000000e+00 9.600000000000e+02 -4.434059186307e+02 0.000000000000e+00 5.542562584220e+02 3.600000000000e+02 0.000000000000e+00 0.000000000000e+00 0.000000000000e+00 1.000000000000e+00 0.000000000000e+00
P4: 9.600000000000e+02 0.000000000000e+00 -5.542562584220e+02 -2.234925737795e+03 3.600000000000e+02 5.542562584220e+02 2.204364238465e-14 -3.724769810042e+02 1.000000000000e+00 0.000000000000e+00 6.123233995737e-17 -1.034658280567e+00
P5: 5.542562584220e+02 9.600000000000e+02 5.878304635907e-14 2.399995788574e+04 0.000000000000e+00 9.600000000000e+02 -5.542562584220e+02 2.399995788574e+04 0.000000000000e+00 1.000000000000e+00 6.123233995737e-17 2.499995613098e+01
R0_rect: 1.000000000000e+00 0.000000000000e+00 0.000000000000e+00 0.000000000000e+00 1.000000000000e+00 0.000000000000e+00 0.000000000000e+00 0.000000000000e+00 1.000000000000e+00
Tr_velo_to_p2: 0.000000000000e+00 -1.000000000000e+00 0.000000000000e+00 -2.010463502622e-06 0.000000000000e+00 0.000000000000e+00 -1.000000000000e+00 -4.999999739650e-01 1.000000000000e+00 0.000000000000e+00 0.000000000000e+00 -2.240211537228e+00
imu_to_world: -1.968278493860e-02 -9.998062746603e-01 -3.357014966720e-05 -5.433619689941e+01 9.998045805690e-01 -1.968281338636e-02 1.840524502138e-03 7.389759063721e+01 -1.840828700895e-03 2.663058542148e-06 9.999983056699e-01 5.926986411214e-02
p2_to_world: -9.998062746603e-01 3.357014966720e-05 -1.968278493860e-02 -5.438035583496e+01 -1.968281338636e-02 -1.840524502138e-03 9.998045805690e-01 7.614112091064e+01 2.663058542148e-06 -9.999983056699e-01 -1.840828700895e-03 2.092933654785e+00
