P0: -5.542562584220e+02 0.000000000000e+00 -9.600000000000e+02 -4.301184890519e+03 -4.408728476930e-14 5.542562584220e+02 -3.600000000000e+02 -1.612944333944e+03 -1.224646799147e-16 0.000000000000e+00 -1.000000000000e+00 -4.480400927624e+00
P1: -9.600000000000e+02 0.000000000000e+00 5.542562584220e+02 2.483734392960e+02 -3.600000000000e+02 5.542562584220e+02 2.204364238465e-14 -3.724761815486e+02 -1.000000000000e+00 0.000000000000e+00 6.123233995737e-17 -1.034656059857e+00
P2: 5.542562584220e+02 0.000000000000e+00 9.600000000000e+02 0.000000000000e+00 0.000000000000e+00 5.542562584220e+02 3.600000000000e+02 0.000000000000e+00 0.000000000000e+00 0.000000000000e+00 1.000000000000e+00 0.000000000000e+00
P3: 5.542562584220e+02 0.000000000000e+00 9.600000000000e+02 -4.434061645013e+02 0.000000000000e+00 5.542562584220e+02 3.600000000000e+02 0.000000000000e+00 0.000000000000e+00 0.000000000000e+00 1.000000000000e+00 0.000000000000e+00
P4: 9.600000000000e+02 0.000000000000e+00 -5.542562584220e+02 -2.234919585993e+03 3.600000000000e+02 5.542562584220e+02 2.204364238465e-14 -3.724772206412e+02 1.000000000000e+00 0.000000000000e+00 6.123233995737e-17 -1.034658946225e+00
P5: 5.542562584220e+02 9.600000000000e+02 5.878304635907e-14 2.399979446411e+04 0.000000000000e+00 9.600000000000e+02 -5.542562584220e+02 2.399979446411e+04 0.000000000000e+00 1.000000000000e+00 6.123233995737e-17 2.499978590012e+01
R0_rect: 1.000000000000e+00 0.000000000000e+00 0.000000000000e+00 0.000000000000e+00 1.000000000000e+00 0.000000000000e+00 0.000000000000e+00 0.000000000000e+00 1.000000000000e+00
Tr_velo_to_p2: 0.000000000000e+00 -1.000000000000e+00 0.000000000000e+00 4.035602065077e-06 0.000000000000e+00 0.000000000000e+00 -1.000000000000e+00 -5.000000645501e-01 1.000000000000e+00 0.000000000000e+00 0.000000000000e+00 -2.240213623153e+00
imu_to_world: -1.846435355132e-02 -9.998295121097e-01 1.198428961637e-04 -5.431302642822e+01 9.998210080790e-01 -1.846469081398e-02 -4.123954056762e-03 7.251659393311e+01 4.125463834559e-03 4.367529952007e-05 9.999914892841e-01 5.669322982430e-02
p2_to_world: -9.998295121097e-01 -1.198428961637e-04 -1.846435355132e-02 -5.435414505005e+01 -1.846469081398e-02 4.123954056762e-03 9.998210080790e-01 7.474800872803e+01 4.367529952007e-05 -9.999914892841e-01 4.125463834559e-03 2.103708744049e+00
