P0: -5.542562584220e+02 0.000000000000e+00 -9.600000000000e+02 -4.301204150205e+03 -4.408728476930e-14 5.542562584220e+02 -3.600000000000e+02 -1.612951556327e+03 -1.224646799147e-16 0.000000000000e+00 -1.000000000000e+00 -4.480420989797e+00
P1: -9.600000000000e+02 0.000000000000e+00 5.542562584220e+02 2.483765470613e+02 -3.600000000000e+02 5.542562584220e+02 2.204364238465e-14 -3.724770741402e+02 -1.000000000000e+00 0.000000000000e+00 6.123233995737e-17 -1.034658539278e+00
P2: 5.542562584220e+02 0.000000000000e+00 9.600000000000e+02 0.000000000000e+00 0.000000000000e+00 5.542562584220e+02 3.600000000000e+02 0.000000000000e+00 0.000000000000e+00 0.000000000000e+00 1.000000000000e+00 0.000000000000e+00
P3: 5.542562584220e+02 0.000000000000e+00 9.600000000000e+02 -4.434049804288e+02 0.000000000000e+00 5.542562584220e+02 3.600000000000e+02 0.000000000000e+00 0.000000000000e+00 0.000000000000e+00 1.000000000000e+00 0.000000000000e+00
P4: 9.600000000000e+02 0.000000000000e+00 -5.542562584220e+02 -2.234922416445e+03 3.600000000000e+02 5.542562584220e+02 2.204364238465e-14 -3.724761702201e+02 1.000000000000e+00 0.000000000000e+00 6.123233995737e-17 -1.034656028389e+00
P5: 5.542562584220e+02 9.600000000000e+02 5.878304635907e-14 2.399992584229e+04 0.000000000000e+00 9.600000000000e+02 -5.542562584220e+02 2.399992584229e+04 0.000000000000e+00 1.000000000000e+00 6.123233995737e-17 2.499992275238e+01
R0_rect: 1.000000000000e+00 0.000000000000e+00 0.000000000000e+00 0.000000000000e+00 1.000000000000e+00 0.000000000000e+00 0.000000000000e+00 0.000000000000e+00 1.000000000000e+00
Tr_velo_to_p2: 0.000000000000e+00 -1.000000000000e+00 0.000000000000e+00 -1.632971614524e-06 0.000000000000e+00 0.000000000000e+00 -1.000000000000e+00 -4.999999360232e-01 1.000000000000e+00 0.000000000000e+00 0.000000000000e+00 -2.240214510263e+00
imu_to_world: -1.933075583918e-02 -9.998131418072e-01 -5.786383389279e-05 -5.432125854492e+01 9.998100626053e-01 -1.933083991485e-02 2.481399077947e-03 7.299577331543e+01 -2.482053964710e-03 -9.885523671575e-06 9.999969196505e-01 5.954864248633e-02
p2_to_world: -9.998131418072e-01 5.786383389279e-05 -1.933075583918e-02 -5.436468124390e+01 -1.933083991485e-02 -2.481399077947e-03 9.998100626053e-01 7.524062347412e+01 -9.885523671575e-06 -9.999969196505e-01 -2.482053964710e-03 2.091773033142e+00
