P0: -5.542562584220e+02 0.000000000000e+00 -9.600000000000e+02 -4.301220575963e+03 -4.408728476930e-14 5.542562584220e+02 -3.600000000000e+02 -1.612957715986e+03 -1.224646799147e-16 0.000000000000e+00 -1.000000000000e+00 -4.480438099961e+00
P1: -9.600000000000e+02 0.000000000000e+00 5.542562584220e+02 2.483865806798e+02 -3.600000000000e+02 5.542562584220e+02 2.204364238465e-14 -3.724764903807e+02 -1.000000000000e+00 0.000000000000e+00 6.123233995737e-17 -1.034656917724e+00
P2: 5.542562584220e+02 0.000000000000e+00 9.600000000000e+02 0.000000000000e+00 0.000000000000e+00 5.542562584220e+02 3.600000000000e+02 0.000000000000e+00 0.000000000000e+00 0.000000000000e+00 1.000000000000e+00 0.000000000000e+00
P3: 5.542562584220e+02 0.000000000000e+00 9.600000000000e+02 -4.434064523017e+02 0.000000000000e+00 5.542562584220e+02 3.600000000000e+02 0.000000000000e+00 0.000000000000e+00 0.000000000000e+00 1.000000000000e+00 0.000000000000e+00
P4: 9.600000000000e+02 0.000000000000e+00 -5.542562584220e+02 -2.234923090452e+03 3.600000000000e+02 5.542562584220e+02 2.204364238465e-14 -3.724760304761e+02 1.000000000000e+00 0.000000000000e+00 6.123233995737e-17 -1.034655640211e+00
P5: 5.542562584220e+02 9.600000000000e+02 5.878304635907e-14 2.399997482300e+04 0.000000000000e+00 9.600000000000e+02 -5.542562584220e+02 2.399997482300e+04 0.000000000000e+00 1.000000000000e+00 6.123233995737e-17 2.499997377396e+01
R0_rect: 1.000000000000e+00 0.000000000000e+00 0.000000000000e+00 0.000000000000e+00 1.000000000000e+00 0.000000000000e+00 0.000000000000e+00 0.000000000000e+00 1.000000000000e+00
Tr_velo_to_p2: 0.000000000000e+00 -1.000000000000e+00 0.000000000000e+00 3.862485434455e-06 0.000000000000e+00 0.000000000000e+00 -1.000000000000e+00 -4.999998992361e-01 1.000000000000e+00 0.000000000000e+00 0.000000000000e+00 -2.240224649459e+00
imu_to_world: -1.899809606407e-02 -9.998195174425e-01 6.990734109712e-05 -5.431529235840e+01 9.998185482129e-01 -1.899798007438e-02 1.395493628144e-03 7.265795135498e+01 -1.393913667612e-03 9.640637828944e-05 9.999990238548e-01 5.906780064106e-02
p2_to_world: -9.998195174425e-01 -6.990734109712e-05 -1.899809606407e-02 -5.435770797729e+01 -1.899798007438e-02 -1.395493628144e-03 9.998185482129e-01 7.490061187744e+01 9.640637828944e-05 -9.999990238548e-01 -1.393913667612e-03 2.093734264374e+00
