P0: -5.542562584220e+02 0.000000000000e+00 -9.600000000000e+02 -4.301131409870e+03 -4.408728476930e-14 5.542562584220e+02 -3.600000000000e+02 -1.612924278701e+03 -1.224646799147e-16 0.000000000000e+00 -1.000000000000e+00 -4.480345218614e+00
P1: -9.600000000000e+02 0.000000000000e+00 5.542562584220e+02 2.483573753760e+02 -3.600000000000e+02 5.542562584220e+02 2.204364238465e-14 -3.724774537992e+02 -1.000000000000e+00 0.000000000000e+00 6.123233995737e-17 -1.034659593887e+00
P2: 5.542562584220e+02 0.000000000000e+00 9.600000000000e+02 0.000000000000e+00 0.000000000000e+00 5.542562584220e+02 3.600000000000e+02 0.000000000000e+00 0.000000000000e+00 0.000000000000e+00 1.000000000000e+00 0.000000000000e+00
P3: 5.542562584220e+02 0.000000000000e+00 9.600000000000e+02 -4.434049006454e+02 0.000000000000e+00 5.542562584220e+02 3.600000000000e+02 0.000000000000e+00 0.000000000000e+00 0.000000000000e+00 1.000000000000e+00 0.000000000000e+00
P4: 9.600000000000e+02 0.000000000000e+00 -5.542562584220e+02 -2.234899020323e+03 3.600000000000e+02 5.542562584220e+02 2.204364238465e-14 -3.724763227066e+02 1.000000000000e+00 0.000000000000e+00 6.123233995737e-17 -1.034656451963e+00
P5: 5.542562584220e+02 9.600000000000e+02 5.878304635907e-14 2.399949737549e+04 0.000000000000e+00 9.600000000000e+02 -5.542562584220e+02 2.399949737549e+04 0.000000000000e+00 1.000000000000e+00 6.123233995737e-17 2.499947643280e+01
R0_rect: 1.000000000000e+00 0.000000000000e+00 0.000000000000e+00 0.000000000000e+00 1.000000000000e+00 0.000000000000e+00 0.000000000000e+00 0.000000000000e+00 1.000000000000e+00
Tr_velo_to_p2: 0.000000000000e+00 -1.000000000000e+00 0.000000000000e+00 -2.703598887636e-07 0.000000000000e+00 0.000000000000e+00 -1.000000000000e+00 -5.000000683881e-01 1.000000000000e+00 0.000000000000e+00 0.000000000000e+00 -2.240216574354e+00
imu_to_world: -1.638216026384e-02 -9.998657875344e-01 1.781662942566e-04 -5.426065444946e+01 9.998449713790e-01 -1.638296893235e-02 -6.452250538982e-03 6.947789001465e+01 6.454303459392e-03 7.243687098969e-05 9.999791681429e-01 5.567310377955e-02
p2_to_world: -9.998657875344e-01 -1.781662942566e-04 -1.638216026384e-02 -5.429698944092e+01 -1.638296893235e-02 6.452250538982e-03 9.998449713790e-01 7.170461273193e+01 7.243687098969e-05 -9.999791681429e-01 6.454303459392e-03 2.107880592346e+00
