P0: -5.542562584220e+02 0.000000000000e+00 -9.600000000000e+02 -4.301166721838e+03 -4.408728476930e-14 5.542562584220e+02 -3.600000000000e+02 -1.612937520689e+03 -1.224646799147e-16 0.000000000000e+00 -1.000000000000e+00 -4.480382001915e+00
P1: -9.600000000000e+02 0.000000000000e+00 5.542562584220e+02 2.483702376511e+02 -3.600000000000e+02 5.542562584220e+02 2.204364238465e-14 -3.724748242942e+02 -1.000000000000e+00 0.000000000000e+00 6.123233995737e-17 -1.034652289706e+00
P2: 5.542562584220e+02 0.000000000000e+00 9.600000000000e+02 0.000000000000e+00 0.000000000000e+00 5.542562584220e+02 3.600000000000e+02 0.000000000000e+00 0.000000000000e+00 0.000000000000e+00 1.000000000000e+00 0.000000000000e+00
P3: 5.542562584220e+02 0.000000000000e+00 9.600000000000e+02 -4.434070878527e+02 0.000000000000e+00 5.542562584220e+02 3.600000000000e+02 0.000000000000e+00 0.000000000000e+00 0.000000000000e+00 1.000000000000e+00 0.000000000000e+00
P4: 9.600000000000e+02 0.000000000000e+00 -5.542562584220e+02 -2.234910394570e+03 3.600000000000e+02 5.542562584220e+02 2.204364238465e-14 -3.724767620519e+02 1.000000000000e+00 0.000000000000e+00 6.123233995737e-17 -1.034657672366e+00
P5: 5.542562584220e+02 9.600000000000e+02 5.878304635907e-14 2.399974136353e+04 0.000000000000e+00 9.600000000000e+02 -5.542562584220e+02 2.399974136353e+04 0.000000000000e+00 1.000000000000e+00 6.123233995737e-17 2.499973058701e+01
R0_rect: 1.000000000000e+00 0.000000000000e+00 0.000000000000e+00 0.000000000000e+00 1.000000000000e+00 0.000000000000e+00 0.000000000000e+00 0.000000000000e+00 1.000000000000e+00
Tr_velo_to_p2: 0.000000000000e+00 -1.000000000000e+00 0.000000000000e+00 1.801683606559e-06 0.000000000000e+00 0.000000000000e+00 -1.000000000000e+00 -5.000003909532e-01 1.000000000000e+00 0.000000000000e+00 0.000000000000e+00 -2.240214346048e+00
imu_to_world: -1.697585484327e-02 -9.998558884432e-01 -1.506579555248e-04 -5.432763671875e+01 9.998451374123e-01 -1.697637104721e-02 4.637242611142e-03 7.330756378174e+01 -4.639131956245e-03 -7.191346680419e-05 9.999892365836e-01 6.048629805446e-02
p2_to_world: -9.998558884432e-01 1.506579555248e-04 -1.697585484327e-02 -5.436597061157e+01 -1.697637104721e-02 -4.637242611142e-03 9.998451374123e-01 7.555688476562e+01 -7.191346680419e-05 -9.999892365836e-01 -4.639131956245e-03 2.087862491608e+00
