P0: -5.542562584220e+02 0.000000000000e+00 -9.600000000000e+02 -4.301170597605e+03 -4.408728476930e-14 5.542562584220e+02 -3.600000000000e+02 -1.612938974102e+03 -1.224646799147e-16 0.000000000000e+00 -1.000000000000e+00 -4.480386039172e+00
P1: -9.600000000000e+02 0.000000000000e+00 5.542562584220e+02 2.483704512273e+02 -3.600000000000e+02 5.542562584220e+02 2.204364238465e-14 -3.724760427212e+02 -1.000000000000e+00 0.000000000000e+00 6.123233995737e-17 -1.034655674226e+00
P2: 5.542562584220e+02 0.000000000000e+00 9.600000000000e+02 0.000000000000e+00 0.000000000000e+00 5.542562584220e+02 3.600000000000e+02 0.000000000000e+00 0.000000000000e+00 0.000000000000e+00 1.000000000000e+00 0.000000000000e+00
P3: 5.542562584220e+02 0.000000000000e+00 9.600000000000e+02 -4.434049747456e+02 0.000000000000e+00 5.542562584220e+02 3.600000000000e+02 0.000000000000e+00 0.000000000000e+00 0.000000000000e+00 1.000000000000e+00 0.000000000000e+00
P4: 9.600000000000e+02 0.000000000000e+00 -5.542562584220e+02 -2.234914236842e+03 3.600000000000e+02 5.542562584220e+02 2.204364238465e-14 -3.724770637556e+02 1.000000000000e+00 0.000000000000e+00 6.123233995737e-17 -1.034658510432e+00
P5: 5.542562584220e+02 9.600000000000e+02 5.878304635907e-14 2.399970130920e+04 0.000000000000e+00 9.600000000000e+02 -5.542562584220e+02 2.399970130920e+04 0.000000000000e+00 1.000000000000e+00 6.123233995737e-17 2.499968886375e+01
R0_rect: 1.000000000000e+00 0.000000000000e+00 0.000000000000e+00 0.000000000000e+00 1.000000000000e+00 0.000000000000e+00 0.000000000000e+00 0.000000000000e+00 1.000000000000e+00
Tr_velo_to_p2: 0.000000000000e+00 -1.000000000000e+00 0.000000000000e+00 1.563051778799e-07 0.000000000000e+00 0.000000000000e+00 -1.000000000000e+00 -4.999999969433e-01 1.000000000000e+00 0.000000000000e+00 0.000000000000e+00 -2.240219895289e+00
imu_to_world: -1.752181969836e-02 -9.998464725483e-01 1.310238168777e-04 -5.432571029663e+01 9.998340518869e-01 -1.752225514227e-02 -4.983900285422e-03 7.320754241943e+01 4.985430952661e-03 4.367507152675e-05 9.999875717081e-01 5.630031600595e-02
p2_to_world: -9.998464725483e-01 -1.310238168777e-04 -1.752181969836e-02 -5.436469650269e+01 -1.752225514227e-02 4.983900285422e-03 9.998340518869e-01 7.543723297119e+01 4.367507152675e-05 -9.999875717081e-01 4.985430952661e-03 2.105234384537e+00
