P0: -5.542562584220e+02 0.000000000000e+00 -9.600000000000e+02 -4.301210484340e+03 -4.408728476930e-14 5.542562584220e+02 -3.600000000000e+02 -1.612953931627e+03 -1.224646799147e-16 0.000000000000e+00 -1.000000000000e+00 -4.480427587854e+00
P1: -9.600000000000e+02 0.000000000000e+00 5.542562584220e+02 2.483788425448e+02 -3.600000000000e+02 5.542562584220e+02 2.204364238465e-14 -3.724772517586e+02 -1.000000000000e+00 0.000000000000e+00 6.123233995737e-17 -1.034659032663e+00
P2: 5.542562584220e+02 0.000000000000e+00 9.600000000000e+02 0.000000000000e+00 0.000000000000e+00 5.542562584220e+02 3.600000000000e+02 0.000000000000e+00 0.000000000000e+00 0.000000000000e+00 1.000000000000e+00 0.000000000000e+00
P3: 5.542562584220e+02 0.000000000000e+00 9.600000000000e+02 -4.434021444304e+02 0.000000000000e+00 5.542562584220e+02 3.600000000000e+02 0.000000000000e+00 0.000000000000e+00 0.000000000000e+00 1.000000000000e+00 0.000000000000e+00
P4: 9.600000000000e+02 0.000000000000e+00 -5.542562584220e+02 -2.234917945244e+03 3.600000000000e+02 5.542562584220e+02 2.204364238465e-14 -3.724757326998e+02 1.000000000000e+00 0.000000000000e+00 6.123233995737e-17 -1.034654813055e+00
P5: 5.542562584220e+02 9.600000000000e+02 5.878304635907e-14 2.399994712830e+04 0.000000000000e+00 9.600000000000e+02 -5.542562584220e+02 2.399994712830e+04 0.000000000000e+00 1.000000000000e+00 6.123233995737e-17 2.499994492531e+01
R0_rect: 1.000000000000e+00 0.000000000000e+00 0.000000000000e+00 0.000000000000e+00 1.000000000000e+00 0.000000000000e+00 0.000000000000e+00 0.000000000000e+00 1.000000000000e+00
Tr_velo_to_p2: 0.000000000000e+00 -1.000000000000e+00 0.000000000000e+00 -2.383628814480e-06 0.000000000000e+00 0.000000000000e+00 -1.000000000000e+00 -5.000001333313e-01 1.000000000000e+00 0.000000000000e+00 0.000000000000e+00 -2.240212629005e+00
imu_to_world: -1.687321753804e-02 -9.998576369583e-01 1.860196851616e-05 -5.433135986328e+01 9.998554625262e-01 -1.687314203508e-02 2.085937277002e-03 7.354600524902e+01 -2.085326442970e-03 5.379575328018e-05 9.999978242575e-01 5.937019363046e-02
p2_to_world: -9.998576369583e-01 -1.860196851616e-05 -1.687321753804e-02 -5.436912536621e+01 -1.687314203508e-02 -2.085937277002e-03 9.998554625262e-01 7.579014587402e+01 5.379575328018e-05 -9.999978242575e-01 -2.085326442970e-03 2.092485189438e+00
