P0: -5.542562584220e+02 0.000000000000e+00 -9.600000000000e+02 -4.301221535153e+03 -4.408728476930e-14 5.542562584220e+02 -3.600000000000e+02 -1.612958075682e+03 -1.224646799147e-16 0.000000000000e+00 -1.000000000000e+00 -4.480439099118e+00
P1: -9.600000000000e+02 0.000000000000e+00 5.542562584220e+02 2.483822955712e+02 -3.600000000000e+02 5.542562584220e+02 2.204364238465e-14 -3.724772903750e+02 -1.000000000000e+00 0.000000000000e+00 6.123233995737e-17 -1.034659139930e+00
P2: 5.542562584220e+02 0.000000000000e+00 9.600000000000e+02 0.000000000000e+00 0.000000000000e+00 5.542562584220e+02 3.600000000000e+02 0.000000000000e+00 0.000000000000e+00 0.000000000000e+00 1.000000000000e+00 0.000000000000e+00
P3: 5.542562584220e+02 0.000000000000e+00 9.600000000000e+02 -4.434043504528e+02 0.000000000000e+00 5.542562584220e+02 3.600000000000e+02 0.000000000000e+00 0.000000000000e+00 0.000000000000e+00 1.000000000000e+00 0.000000000000e+00
P4: 9.600000000000e+02 0.000000000000e+00 -5.542562584220e+02 -2.234928103577e+03 3.600000000000e+02 5.542562584220e+02 2.204364238465e-14 -3.724769108686e+02 1.000000000000e+00 0.000000000000e+00 6.123233995737e-17 -1.034658085746e+00
P5: 5.542562584220e+02 9.600000000000e+02 5.878304635907e-14 2.399999679565e+04 0.000000000000e+00 9.600000000000e+02 -5.542562584220e+02 2.399999679565e+04 0.000000000000e+00 1.000000000000e+00 6.123233995737e-17 2.499999666214e+01
R0_rect: 1.000000000000e+00 0.000000000000e+00 0.000000000000e+00 0.000000000000e+00 1.000000000000e+00 0.000000000000e+00 0.000000000000e+00 0.000000000000e+00 1.000000000000e+00
Tr_velo_to_p2: 0.000000000000e+00 -1.000000000000e+00 0.000000000000e+00 -1.639657942178e-06 0.000000000000e+00 0.000000000000e+00 -1.000000000000e+00 -4.999997722524e-01 1.000000000000e+00 0.000000000000e+00 0.000000000000e+00 -2.240217927625e+00
imu_to_world: -1.771082500362e-02 -9.998431507243e-01 -2.504984926563e-05 -5.430170440674e+01 9.998430794899e-01 -1.771083320879e-02 3.778666636687e-04 7.182822418213e+01 -3.782510492584e-04 -1.835358807557e-05 9.999999282946e-01 5.863486975431e-02
p2_to_world: -9.998431507243e-01 2.504984926563e-05 -1.771082500362e-02 -5.434143066406e+01 -1.771083320879e-02 -3.778666636687e-04 9.998430794899e-01 7.406886291504e+01 -1.835358807557e-05 -9.999999282946e-01 -3.782510492584e-04 2.095578670502e+00
