P0: -5.542562584220e+02 0.000000000000e+00 -9.600000000000e+02 -4.301222085985e+03 -4.408728476930e-14 5.542562584220e+02 -3.600000000000e+02 -1.612958282244e+03 -1.224646799147e-16 0.000000000000e+00 -1.000000000000e+00 -4.480439672901e+00
P1: -9.600000000000e+02 0.000000000000e+00 5.542562584220e+02 2.483848167989e+02 -3.600000000000e+02 5.542562584220e+02 2.204364238465e-14 -3.724762936039e+02 -1.000000000000e+00 0.000000000000e+00 6.123233995737e-17 -1.034656371122e+00
P2: 5.542562584220e+02 0.000000000000e+00 9.600000000000e+02 0.000000000000e+00 0.000000000000e+00 5.542562584220e+02 3.600000000000e+02 0.000000000000e+00 0.000000000000e+00 0.000000000000e+00 1.000000000000e+00 0.000000000000e+00
P3: 5.542562584220e+02 0.000000000000e+00 9.600000000000e+02 -4.434067514833e+02 0.000000000000e+00 5.542562584220e+02 3.600000000000e+02 0.000000000000e+00 0.000000000000e+00 0.000000000000e+00 1.000000000000e+00 0.000000000000e+00
P4: 9.600000000000e+02 0.000000000000e+00 -5.542562584220e+02 -2.234931567057e+03 3.600000000000e+02 5.542562584220e+02 2.204364238465e-14 -3.724780621998e+02 1.000000000000e+00 0.000000000000e+00 6.123233995737e-17 -1.034661283888e+00
P5: 5.542562584220e+02 9.600000000000e+02 5.878304635907e-14 2.399999473572e+04 0.000000000000e+00 9.600000000000e+02 -5.542562584220e+02 2.399999473572e+04 0.000000000000e+00 1.000000000000e+00 6.123233995737e-17 2.499999451637e+01
R0_rect: 1.000000000000e+00 0.000000000000e+00 0.000000000000e+00 0.000000000000e+00 1.000000000000e+00 0.000000000000e+00 0.000000000000e+00 0.000000000000e+00 1.000000000000e+00
Tr_velo_to_p2: 0.000000000000e+00 -1.000000000000e+00 0.000000000000e+00 -1.552466294798e-07 0.000000000000e+00 0.000000000000e+00 -1.000000000000e+00 -5.000001149373e-01 1.000000000000e+00 0.000000000000e+00 0.000000000000e+00 -2.240223764980e+00
imu_to_world: -2.912872684693e-02 -9.995756681899e-01 2.889780935441e-05 -5.440319824219e+01 9.995755253645e-01 -2.912873813772e-02 -5.345154891377e-04 7.667806243896e+01 5.351304339341e-04 1.331578728877e-05 9.999998567290e-01 5.823928862810e-02
p2_to_world: -9.995756681899e-01 -2.889780935441e-05 -2.912872684693e-02 -5.446839141846e+01 -2.912873813772e-02 5.345154891377e-04 9.995755253645e-01 7.891624450684e+01 1.331578728877e-05 -9.999998567290e-01 5.351304339341e-04 2.097228765488e+00
