P0: -5.542562584220e+02 0.000000000000e+00 -9.600000000000e+02 -4.300874629164e+03 -4.408728476930e-14 5.542562584220e+02 -3.600000000000e+02 -1.612827985937e+03 -1.224646799147e-16 0.000000000000e+00 -1.000000000000e+00 -4.480077738713e+00
P1: -9.600000000000e+02 0.000000000000e+00 5.542562584220e+02 2.482848182315e+02 -3.600000000000e+02 5.542562584220e+02 2.204364238465e-14 -3.724763581633e+02 -1.000000000000e+00 0.000000000000e+00 6.123233995737e-17 -1.034656550453e+00
P2: 5.542562584220e+02 0.000000000000e+00 9.600000000000e+02 0.000000000000e+00 0.000000000000e+00 5.542562584220e+02 3.600000000000e+02 0.000000000000e+00 0.000000000000e+00 0.000000000000e+00 1.000000000000e+00 0.000000000000e+00
P3: 5.542562584220e+02 0.000000000000e+00 9.600000000000e+02 -4.434065705905e+02 0.000000000000e+00 5.542562584220e+02 3.600000000000e+02 0.000000000000e+00 0.000000000000e+00 0.000000000000e+00 1.000000000000e+00 0.000000000000e+00
P4: 9.600000000000e+02 0.000000000000e+00 -5.542562584220e+02 -2.234827391516e+03 3.600000000000e+02 5.542562584220e+02 2.204364238465e-14 -3.724767649815e+02 1.000000000000e+00 0.000000000000e+00 6.123233995737e-17 -1.034657680504e+00
P5: 5.542562584220e+02 9.600000000000e+02 5.878304635907e-14 2.399807235718e+04 0.000000000000e+00 9.600000000000e+02 -5.542562584220e+02 2.399807235718e+04 0.000000000000e+00 1.000000000000e+00 6.123233995737e-17 2.499799203873e+01
R0_rect: 1.000000000000e+00 0.000000000000e+00 0.000000000000e+00 0.000000000000e+00 1.000000000000e+00 0.000000000000e+00 0.000000000000e+00 0.000000000000e+00 1.000000000000e+00
Tr_velo_to_p2: 0.000000000000e+00 -1.000000000000e+00 0.000000000000e+00 5.051131678927e-06 0.000000000000e+00 0.000000000000e+00 -1.000000000000e+00 -5.000001689268e-01 1.000000000000e+00 0.000000000000e+00 0.000000000000e+00 -2.240222637779e+00
imu_to_world: -1.824430402006e-02 -9.998334390190e-01 4.894795260930e-04 -5.436959457397e+01 9.997532619604e-01 -1.824904101197e-02 -1.266442662233e-02 7.575253295898e+01 1.267124975495e-02 2.583051033368e-04 9.999196831287e-01 5.294532701373e-02
p2_to_world: -9.998334390190e-01 -4.894795260930e-04 -1.824430402006e-02 -5.440946578979e+01 -1.824904101197e-02 1.266442662233e-02 9.997532619604e-01 7.796639251709e+01 2.583051033368e-04 -9.999196831287e-01 1.267124975495e-02 2.118958950043e+00
