P0: -5.542562584220e+02 0.000000000000e+00 -9.600000000000e+02 -4.301216559588e+03 -4.408728476930e-14 5.542562584220e+02 -3.600000000000e+02 -1.612956209845e+03 -1.224646799147e-16 0.000000000000e+00 -1.000000000000e+00 -4.480433916237e+00
P1: -9.600000000000e+02 0.000000000000e+00 5.542562584220e+02 2.483841302100e+02 -3.600000000000e+02 5.542562584220e+02 2.204364238465e-14 -3.724769656189e+02 -1.000000000000e+00 0.000000000000e+00 6.123233995737e-17 -1.034658237830e+00
P2: 5.542562584220e+02 0.000000000000e+00 9.600000000000e+02 0.000000000000e+00 0.000000000000e+00 5.542562584220e+02 3.600000000000e+02 0.000000000000e+00 0.000000000000e+00 0.000000000000e+00 1.000000000000e+00 0.000000000000e+00
P3: 5.542562584220e+02 0.000000000000e+00 9.600000000000e+02 -4.434027593277e+02 0.000000000000e+00 5.542562584220e+02 3.600000000000e+02 0.000000000000e+00 0.000000000000e+00 0.000000000000e+00 1.000000000000e+00 0.000000000000e+00
P4: 9.600000000000e+02 0.000000000000e+00 -5.542562584220e+02 -2.234929701986e+03 3.600000000000e+02 5.542562584220e+02 2.204364238465e-14 -3.724773656886e+02 1.000000000000e+00 0.000000000000e+00 6.123233995737e-17 -1.034659349135e+00
P5: 5.542562584220e+02 9.600000000000e+02 5.878304635907e-14 2.400000114441e+04 0.000000000000e+00 9.600000000000e+02 -5.542562584220e+02 2.400000114441e+04 0.000000000000e+00 1.000000000000e+00 6.123233995737e-17 2.500000119209e+01
R0_rect: 1.000000000000e+00 0.000000000000e+00 0.000000000000e+00 0.000000000000e+00 1.000000000000e+00 0.000000000000e+00 0.000000000000e+00 0.000000000000e+00 1.000000000000e+00
Tr_velo_to_p2: 0.000000000000e+00 -1.000000000000e+00 0.000000000000e+00 -5.840208010037e-07 0.000000000000e+00 0.000000000000e+00 -1.000000000000e+00 -4.999998401100e-01 1.000000000000e+00 0.000000000000e+00 0.000000000000e+00 -2.240215645297e+00
imu_to_world: -2.931773469717e-02 -9.995701428256e-01 -1.977802115131e-06 -5.440525436401e+01 9.995701427749e-01 -2.931773467528e-02 -1.031441623380e-05 7.671278381348e+01 1.025199783033e-05 -2.279347261301e-06 9.999999999449e-01 5.846397206187e-02
p2_to_world: -9.995701428256e-01 1.977802115131e-06 -2.931773469717e-02 -5.447093582153e+01 -2.931773467528e-02 1.031441623380e-05 9.995701427749e-01 7.895201873779e+01 -2.279347261301e-06 -9.999999999449e-01 1.025199783033e-05 2.096277952194e+00
