P0: -5.542562584220e+02 0.000000000000e+00 -9.600000000000e+02 -4.300844863860e+03 -4.408728476930e-14 5.542562584220e+02 -3.600000000000e+02 -1.612816823947e+03 -1.224646799147e-16 0.000000000000e+00 -1.000000000000e+00 -4.480046733187e+00
P1: -9.600000000000e+02 0.000000000000e+00 5.542562584220e+02 2.482719928736e+02 -3.600000000000e+02 5.542562584220e+02 2.204364238465e-14 -3.724776222468e+02 -1.000000000000e+00 0.000000000000e+00 6.123233995737e-17 -1.034660061797e+00
P2: 5.542562584220e+02 0.000000000000e+00 9.600000000000e+02 0.000000000000e+00 0.000000000000e+00 5.542562584220e+02 3.600000000000e+02 0.000000000000e+00 0.000000000000e+00 0.000000000000e+00 1.000000000000e+00 0.000000000000e+00
P3: 5.542562584220e+02 0.000000000000e+00 9.600000000000e+02 -4.434035332886e+02 0.000000000000e+00 5.542562584220e+02 3.600000000000e+02 0.000000000000e+00 0.000000000000e+00 0.000000000000e+00 1.000000000000e+00 0.000000000000e+00
P4: 9.600000000000e+02 0.000000000000e+00 -5.542562584220e+02 -2.234816353100e+03 3.600000000000e+02 5.542562584220e+02 2.204364238465e-14 -3.724755245275e+02 1.000000000000e+00 0.000000000000e+00 6.123233995737e-17 -1.034654234799e+00
P5: 5.542562584220e+02 9.600000000000e+02 5.878304635907e-14 2.399791305542e+04 0.000000000000e+00 9.600000000000e+02 -5.542562584220e+02 2.399791305542e+04 0.000000000000e+00 1.000000000000e+00 6.123233995737e-17 2.499782609940e+01
R0_rect: 1.000000000000e+00 0.000000000000e+00 0.000000000000e+00 0.000000000000e+00 1.000000000000e+00 0.000000000000e+00 0.000000000000e+00 0.000000000000e+00 1.000000000000e+00
Tr_velo_to_p2: 0.000000000000e+00 -1.000000000000e+00 0.000000000000e+00 -8.503140969241e-07 0.000000000000e+00 0.000000000000e+00 -1.000000000000e+00 -4.999998289782e-01 1.000000000000e+00 0.000000000000e+00 0.000000000000e+00 -2.240214882448e+00
imu_to_world: -1.814314257440e-02 -9.998353081768e-01 4.276686033036e-04 -5.436328125000e+01 9.997485254649e-01 -1.814720300987e-02 -1.317440145608e-02 7.541281890869e+01 1.317999272885e-02 1.885360115904e-04 9.999131223491e-01 5.277450382710e-02
p2_to_world: -9.998353081768e-01 -4.276686033036e-04 -1.814314257440e-02 -5.440305709839e+01 -1.814720300987e-02 1.317440145608e-02 9.997485254649e-01 7.762562561035e+01 1.885360115904e-04 -9.999131223491e-01 1.317999272885e-02 2.119914531708e+00
