P0: -5.542562584220e+02 0.000000000000e+00 -9.600000000000e+02 -4.301217177414e+03 -4.408728476930e-14 5.542562584220e+02 -3.600000000000e+02 -1.612956441530e+03 -1.224646799147e-16 0.000000000000e+00 -1.000000000000e+00 -4.480434559806e+00
P1: -9.600000000000e+02 0.000000000000e+00 5.542562584220e+02 2.483823437206e+02 -3.600000000000e+02 5.542562584220e+02 2.204364238465e-14 -3.724777828869e+02 -1.000000000000e+00 0.000000000000e+00 6.123233995737e-17 -1.034660508019e+00
P2: 5.542562584220e+02 0.000000000000e+00 9.600000000000e+02 0.000000000000e+00 0.000000000000e+00 5.542562584220e+02 3.600000000000e+02 0.000000000000e+00 0.000000000000e+00 0.000000000000e+00 1.000000000000e+00 0.000000000000e+00
P3: 5.542562584220e+02 0.000000000000e+00 9.600000000000e+02 -4.434028839627e+02 0.000000000000e+00 5.542562584220e+02 3.600000000000e+02 0.000000000000e+00 0.000000000000e+00 0.000000000000e+00 1.000000000000e+00 0.000000000000e+00
P4: 9.600000000000e+02 0.000000000000e+00 -5.542562584220e+02 -2.234926848550e+03 3.600000000000e+02 5.542562584220e+02 2.204364238465e-14 -3.724762942832e+02 1.000000000000e+00 0.000000000000e+00 6.123233995737e-17 -1.034656373009e+00
P5: 5.542562584220e+02 9.600000000000e+02 5.878304635907e-14 2.399999313354e+04 0.000000000000e+00 9.600000000000e+02 -5.542562584220e+02 2.399999313354e+04 0.000000000000e+00 1.000000000000e+00 6.123233995737e-17 2.499999284744e+01
R0_rect: 1.000000000000e+00 0.000000000000e+00 0.000000000000e+00 0.000000000000e+00 1.000000000000e+00 0.000000000000e+00 0.000000000000e+00 0.000000000000e+00 1.000000000000e+00
Tr_velo_to_p2: 0.000000000000e+00 -1.000000000000e+00 0.000000000000e+00 -3.914938216887e-06 0.000000000000e+00 0.000000000000e+00 -1.000000000000e+00 -4.999998921308e-01 1.000000000000e+00 0.000000000000e+00 0.000000000000e+00 -2.240220416511e+00
imu_to_world: -1.831632704010e-02 -9.998322420026e-01 3.978223686289e-06 -5.434387588501e+01 9.998320350884e-01 -1.831632580913e-02 -6.432882777467e-04 7.431587219238e+01 6.432532274347e-04 -7.805122991971e-06 9.999997930822e-01 5.818950384855e-02
p2_to_world: -9.998322420026e-01 -3.978223686289e-06 -1.831632704010e-02 -5.438490295410e+01 -1.831632580913e-02 6.432882777467e-04 9.998320350884e-01 7.655440521240e+01 -7.805122991971e-06 -9.999997930822e-01 6.432532274347e-04 2.097421169281e+00
