P0: -5.542562584220e+02 0.000000000000e+00 -9.600000000000e+02 -4.301218447510e+03 -4.408728476930e-14 5.542562584220e+02 -3.600000000000e+02 -1.612956917816e+03 -1.224646799147e-16 0.000000000000e+00 -1.000000000000e+00 -4.480435882823e+00
P1: -9.600000000000e+02 0.000000000000e+00 5.542562584220e+02 2.483800492645e+02 -3.600000000000e+02 5.542562584220e+02 2.204364238465e-14 -3.724773256002e+02 -1.000000000000e+00 0.000000000000e+00 6.123233995737e-17 -1.034659237778e+00
P2: 5.542562584220e+02 0.000000000000e+00 9.600000000000e+02 0.000000000000e+00 0.000000000000e+00 5.542562584220e+02 3.600000000000e+02 0.000000000000e+00 0.000000000000e+00 0.000000000000e+00 1.000000000000e+00 0.000000000000e+00
P3: 5.542562584220e+02 0.000000000000e+00 9.600000000000e+02 -4.434056249573e+02 0.000000000000e+00 5.542562584220e+02 3.600000000000e+02 0.000000000000e+00 0.000000000000e+00 0.000000000000e+00 1.000000000000e+00 0.000000000000e+00
P4: 9.600000000000e+02 0.000000000000e+00 -5.542562584220e+02 -2.234922157940e+03 3.600000000000e+02 5.542562584220e+02 2.204364238465e-14 -3.724761276724e+02 1.000000000000e+00 0.000000000000e+00 6.123233995737e-17 -1.034655910201e+00
P5: 5.542562584220e+02 9.600000000000e+02 5.878304635907e-14 2.399999725342e+04 0.000000000000e+00 9.600000000000e+02 -5.542562584220e+02 2.399999725342e+04 0.000000000000e+00 1.000000000000e+00 6.123233995737e-17 2.499999713898e+01
R0_rect: 1.000000000000e+00 0.000000000000e+00 0.000000000000e+00 0.000000000000e+00 1.000000000000e+00 0.000000000000e+00 0.000000000000e+00 0.000000000000e+00 1.000000000000e+00
Tr_velo_to_p2: 0.000000000000e+00 -1.000000000000e+00 0.000000000000e+00 -1.703737272678e-06 0.000000000000e+00 0.000000000000e+00 -1.000000000000e+00 -5.000002648720e-01 1.000000000000e+00 0.000000000000e+00 0.000000000000e+00 -2.240214426935e+00
imu_to_world: -2.921551062975e-02 -9.995731349857e-01 4.187549154908e-05 -5.440342712402e+01 9.995730506155e-01 -2.921552541439e-02 -4.117741087962e-04 7.668270874023e+01 4.128217513229e-04 2.982742198115e-05 9.999999143443e-01 5.828933417797e-02
p2_to_world: -9.995731349857e-01 -4.187549154908e-05 -2.921551062975e-02 -5.446879196167e+01 -2.921552541439e-02 4.117741087962e-04 9.995730506155e-01 7.892112731934e+01 2.982742198115e-05 -9.999999143443e-01 4.128217513229e-04 2.097004890442e+00
