P0: -5.542562584220e+02 0.000000000000e+00 -9.600000000000e+02 -4.301082078203e+03 -4.408728476930e-14 5.542562584220e+02 -3.600000000000e+02 -1.612905779326e+03 -1.224646799147e-16 0.000000000000e+00 -1.000000000000e+00 -4.480293831461e+00
P1: -9.600000000000e+02 0.000000000000e+00 5.542562584220e+02 2.483409717105e+02 -3.600000000000e+02 5.542562584220e+02 2.204364238465e-14 -3.724770766405e+02 -1.000000000000e+00 0.000000000000e+00 6.123233995737e-17 -1.034658546224e+00
P2: 5.542562584220e+02 0.000000000000e+00 9.600000000000e+02 0.000000000000e+00 0.000000000000e+00 5.542562584220e+02 3.600000000000e+02 0.000000000000e+00 0.000000000000e+00 0.000000000000e+00 1.000000000000e+00 0.000000000000e+00
P3: 5.542562584220e+02 0.000000000000e+00 9.600000000000e+02 -4.434051877692e+02 0.000000000000e+00 5.542562584220e+02 3.600000000000e+02 0.000000000000e+00 0.000000000000e+00 0.000000000000e+00 1.000000000000e+00 0.000000000000e+00
P4: 9.600000000000e+02 0.000000000000e+00 -5.542562584220e+02 -2.234885287508e+03 3.600000000000e+02 5.542562584220e+02 2.204364238465e-14 -3.724753236346e+02 1.000000000000e+00 0.000000000000e+00 6.123233995737e-17 -1.034653676763e+00
P5: 5.542562584220e+02 9.600000000000e+02 5.878304635907e-14 2.399924903870e+04 0.000000000000e+00 9.600000000000e+02 -5.542562584220e+02 2.399924903870e+04 0.000000000000e+00 1.000000000000e+00 6.123233995737e-17 2.499921774864e+01
R0_rect: 1.000000000000e+00 0.000000000000e+00 0.000000000000e+00 0.000000000000e+00 1.000000000000e+00 0.000000000000e+00 0.000000000000e+00 0.000000000000e+00 1.000000000000e+00
Tr_velo_to_p2: 0.000000000000e+00 -1.000000000000e+00 0.000000000000e+00 -6.680396197115e-07 0.000000000000e+00 0.000000000000e+00 -1.000000000000e+00 -4.999998074572e-01 1.000000000000e+00 0.000000000000e+00 0.000000000000e+00 -2.240217270550e+00
imu_to_world: -1.808717219293e-02 -9.998363925620e-01 2.056955378254e-04 -5.436088562012e+01 9.998052197952e-01 -1.808823260041e-02 -7.895461455704e-03 7.528340911865e+01 7.897890368216e-03 6.284890151444e-05 9.999688092024e-01 5.506301671267e-02
p2_to_world: -9.998363925620e-01 -2.056955378254e-04 -1.808717219293e-02 -5.440098953247e+01 -1.808823260041e-02 7.895461455704e-03 9.998052197952e-01 7.750710296631e+01 6.284890151444e-05 -9.999688092024e-01 7.897890368216e-03 2.110483407974e+00
