P0: -5.542562584220e+02 0.000000000000e+00 -9.600000000000e+02 -4.301216559588e+03 -4.408728476930e-14 5.542562584220e+02 -3.600000000000e+02 -1.612956209845e+03 -1.224646799147e-16 0.000000000000e+00 -1.000000000000e+00 -4.480433916237e+00
P1: -9.600000000000e+02 0.000000000000e+00 5.542562584220e+02 2.483796886585e+02 -3.600000000000e+02 5.542562584220e+02 2.204364238465e-14 -3.724770461424e+02 -1.000000000000e+00 0.000000000000e+00 6.123233995737e-17 -1.034658461507e+00
P2: 5.542562584220e+02 0.000000000000e+00 9.600000000000e+02 0.000000000000e+00 0.000000000000e+00 5.542562584220e+02 3.600000000000e+02 0.000000000000e+00 0.000000000000e+00 0.000000000000e+00 1.000000000000e+00 0.000000000000e+00
P3: 5.542562584220e+02 0.000000000000e+00 9.600000000000e+02 -4.434027593277e+02 0.000000000000e+00 5.542562584220e+02 3.600000000000e+02 0.000000000000e+00 0.000000000000e+00 0.000000000000e+00 1.000000000000e+00 0.000000000000e+00
P4: 9.600000000000e+02 0.000000000000e+00 -5.542562584220e+02 -2.234921661886e+03 3.600000000000e+02 5.542562584220e+02 2.204364238465e-14 -3.724759124644e+02 1.000000000000e+00 0.000000000000e+00 6.123233995737e-17 -1.034655312401e+00
P5: 5.542562584220e+02 9.600000000000e+02 5.878304635907e-14 2.399999839783e+04 0.000000000000e+00 9.600000000000e+02 -5.542562584220e+02 2.399999839783e+04 0.000000000000e+00 1.000000000000e+00 6.123233995737e-17 2.499999833107e+01
R0_rect: 1.000000000000e+00 0.000000000000e+00 0.000000000000e+00 0.000000000000e+00 1.000000000000e+00 0.000000000000e+00 0.000000000000e+00 0.000000000000e+00 1.000000000000e+00
Tr_velo_to_p2: 0.000000000000e+00 -1.000000000000e+00 0.000000000000e+00 -2.064255170102e-07 0.000000000000e+00 0.000000000000e+00 -1.000000000000e+00 -4.999998521451e-01 1.000000000000e+00 0.000000000000e+00 0.000000000000e+00 -2.240217788172e+00
imu_to_world: -2.931773469211e-02 -9.995701428268e-01 -1.348561782792e-06 -5.440525436401e+01 9.995701426024e-01 -2.931773465684e-02 -2.126793183091e-05 7.671279144287e+01 2.121925288134e-05 -1.971509676402e-06 9.999999997729e-01 5.845924094319e-02
p2_to_world: -9.995701428268e-01 1.348561782792e-06 -2.931773469211e-02 -5.447093582153e+01 -2.931773465684e-02 2.126793183091e-05 9.995701426024e-01 7.895200347900e+01 -1.971509676402e-06 -9.999999997729e-01 2.121925288134e-05 2.096297979355e+00
