P0: -5.542562584220e+02 0.000000000000e+00 -9.600000000000e+02 -4.301216666952e+03 -4.408728476930e-14 5.542562584220e+02 -3.600000000000e+02 -1.612956250107e+03 -1.224646799147e-16 0.000000000000e+00 -1.000000000000e+00 -4.480434028075e+00
P1: -9.600000000000e+02 0.000000000000e+00 5.542562584220e+02 2.483832872067e+02 -3.600000000000e+02 5.542562584220e+02 2.204364238465e-14 -3.724756734417e+02 -1.000000000000e+00 0.000000000000e+00 6.123233995737e-17 -1.034654648449e+00
P2: 5.542562584220e+02 0.000000000000e+00 9.600000000000e+02 0.000000000000e+00 0.000000000000e+00 5.542562584220e+02 3.600000000000e+02 0.000000000000e+00 0.000000000000e+00 0.000000000000e+00 1.000000000000e+00 0.000000000000e+00
P3: 5.542562584220e+02 0.000000000000e+00 9.600000000000e+02 -4.434048727387e+02 0.000000000000e+00 5.542562584220e+02 3.600000000000e+02 0.000000000000e+00 0.000000000000e+00 0.000000000000e+00 1.000000000000e+00 0.000000000000e+00
P4: 9.600000000000e+02 0.000000000000e+00 -5.542562584220e+02 -2.234925260434e+03 3.600000000000e+02 5.542562584220e+02 2.204364238465e-14 -3.724772851651e+02 1.000000000000e+00 0.000000000000e+00 6.123233995737e-17 -1.034659125459e+00
P5: 5.542562584220e+02 9.600000000000e+02 5.878304635907e-14 2.399999725342e+04 0.000000000000e+00 9.600000000000e+02 -5.542562584220e+02 2.399999725342e+04 0.000000000000e+00 1.000000000000e+00 6.123233995737e-17 2.499999713898e+01
R0_rect: 1.000000000000e+00 0.000000000000e+00 0.000000000000e+00 0.000000000000e+00 1.000000000000e+00 0.000000000000e+00 0.000000000000e+00 0.000000000000e+00 1.000000000000e+00
Tr_velo_to_p2: 0.000000000000e+00 -1.000000000000e+00 0.000000000000e+00 7.269330718045e-09 0.000000000000e+00 0.000000000000e+00 -1.000000000000e+00 -4.999998375885e-01 1.000000000000e+00 0.000000000000e+00 0.000000000000e+00 -2.240215521301e+00
imu_to_world: -2.931773467406e-02 -9.995701428279e-01 -7.883557162767e-07 -5.440525436401e+01 9.995701419870e-01 -2.931773461702e-02 -4.104874921348e-05 7.671280670166e+01 4.100799131055e-05 -1.991473173398e-06 9.999999991572e-01 5.845062062144e-02
p2_to_world: -9.995701428279e-01 7.883557162767e-07 -2.931773467406e-02 -5.447093200684e+01 -2.931773461702e-02 4.104874921348e-05 9.995701419870e-01 7.895197296143e+01 -1.991473173398e-06 -9.999999991572e-01 4.100799131055e-05 2.096333503723e+00
