P0: -5.542562584220e+02 0.000000000000e+00 -9.600000000000e+02 -4.301215938449e+03 -4.408728476930e-14 5.542562584220e+02 -3.600000000000e+02 -1.612955976918e+03 -1.224646799147e-16 0.000000000000e+00 -1.000000000000e+00 -4.480433269217e+00
P1: -9.600000000000e+02 0.000000000000e+00 5.542562584220e+02 2.483798213209e+02 -3.600000000000e+02 5.542562584220e+02 2.204364238465e-14 -3.724783812978e+02 -1.000000000000e+00 0.000000000000e+00 6.123233995737e-17 -1.034662170272e+00
P2: 5.542562584220e+02 0.000000000000e+00 9.600000000000e+02 0.000000000000e+00 0.000000000000e+00 5.542562584220e+02 3.600000000000e+02 0.000000000000e+00 0.000000000000e+00 0.000000000000e+00 1.000000000000e+00 0.000000000000e+00
P3: 5.542562584220e+02 0.000000000000e+00 9.600000000000e+02 -4.434025246460e+02 0.000000000000e+00 5.542562584220e+02 3.600000000000e+02 0.000000000000e+00 0.000000000000e+00 0.000000000000e+00 1.000000000000e+00 0.000000000000e+00
P4: 9.600000000000e+02 0.000000000000e+00 -5.542562584220e+02 -2.234922153840e+03 3.600000000000e+02 5.542562584220e+02 2.204364238465e-14 -3.724760545184e+02 1.000000000000e+00 0.000000000000e+00 6.123233995737e-17 -1.034655706996e+00
P5: 5.542562584220e+02 9.600000000000e+02 5.878304635907e-14 2.400000000000e+04 0.000000000000e+00 9.600000000000e+02 -5.542562584220e+02 2.400000000000e+04 0.000000000000e+00 1.000000000000e+00 6.123233995737e-17 2.500000000000e+01
R0_rect: 1.000000000000e+00 0.000000000000e+00 0.000000000000e+00 0.000000000000e+00 1.000000000000e+00 0.000000000000e+00 0.000000000000e+00 0.000000000000e+00 1.000000000000e+00
Tr_velo_to_p2: 0.000000000000e+00 -1.000000000000e+00 0.000000000000e+00 -3.682897174042e-06 0.000000000000e+00 0.000000000000e+00 -1.000000000000e+00 -4.999999055750e-01 1.000000000000e+00 0.000000000000e+00 0.000000000000e+00 -2.240214742986e+00
imu_to_world: -2.913645088096e-02 -9.995754434803e-01 -4.606487422500e-06 -5.440320205688e+01 9.995754426051e-01 -2.913645104884e-02 4.196447470669e-05 7.667842864990e+01 -4.208087511065e-05 -3.381835848164e-06 9.999999991089e-01 5.848705023527e-02
p2_to_world: -9.995754434803e-01 4.606487422500e-06 -2.913645088096e-02 -5.446848678589e+01 -2.913645104884e-02 -4.196447470669e-05 9.995754426051e-01 7.891777801514e+01 -3.381835848164e-06 -9.999999991089e-01 -4.208087511065e-05 2.096183776855e+00
