P0: -5.542562584220e+02 0.000000000000e+00 -9.600000000000e+02 -4.301214764874e+03 -4.408728476930e-14 5.542562584220e+02 -3.600000000000e+02 -1.612955536828e+03 -1.224646799147e-16 0.000000000000e+00 -1.000000000000e+00 -4.480432046744e+00
P1: -9.600000000000e+02 0.000000000000e+00 5.542562584220e+02 2.483837286017e+02 -3.600000000000e+02 5.542562584220e+02 2.204364238465e-14 -3.724766157712e+02 -1.000000000000e+00 0.000000000000e+00 6.123233995737e-17 -1.034657266031e+00
P2: 5.542562584220e+02 0.000000000000e+00 9.600000000000e+02 0.000000000000e+00 0.000000000000e+00 5.542562584220e+02 3.600000000000e+02 0.000000000000e+00 0.000000000000e+00 0.000000000000e+00 1.000000000000e+00 0.000000000000e+00
P3: 5.542562584220e+02 0.000000000000e+00 9.600000000000e+02 -4.434066283090e+02 0.000000000000e+00 5.542562584220e+02 3.600000000000e+02 0.000000000000e+00 0.000000000000e+00 0.000000000000e+00 1.000000000000e+00 0.000000000000e+00
P4: 9.600000000000e+02 0.000000000000e+00 -5.542562584220e+02 -2.234926496840e+03 3.600000000000e+02 5.542562584220e+02 2.204364238465e-14 -3.724776600286e+02 1.000000000000e+00 0.000000000000e+00 6.123233995737e-17 -1.034660166746e+00
P5: 5.542562584220e+02 9.600000000000e+02 5.878304635907e-14 2.399999816895e+04 0.000000000000e+00 9.600000000000e+02 -5.542562584220e+02 2.399999816895e+04 0.000000000000e+00 1.000000000000e+00 6.123233995737e-17 2.499999809265e+01
R0_rect: 1.000000000000e+00 0.000000000000e+00 0.000000000000e+00 0.000000000000e+00 1.000000000000e+00 0.000000000000e+00 0.000000000000e+00 0.000000000000e+00 1.000000000000e+00
Tr_velo_to_p2: 0.000000000000e+00 -1.000000000000e+00 0.000000000000e+00 4.483787709925e-06 0.000000000000e+00 0.000000000000e+00 -1.000000000000e+00 -4.999999387680e-01 1.000000000000e+00 0.000000000000e+00 0.000000000000e+00 -2.240216047593e+00
imu_to_world: -2.912833113162e-02 -9.995756791913e-01 -4.352882652647e-05 -5.440317153931e+01 9.995756601716e-01 -2.912833922635e-02 1.986111043075e-04 7.667781066895e+01 -1.997947519083e-04 -3.772514549901e-05 9.999999793294e-01 5.856380239129e-02
p2_to_world: -9.995756791913e-01 4.352882652647e-05 -2.912833113162e-02 -5.446851348877e+01 -2.912833922635e-02 -1.986111043075e-04 9.995756601716e-01 7.891748046875e+01 -3.772514549901e-05 -9.999999793294e-01 -1.997947519083e-04 2.095907211304e+00
