P0: -5.542562584220e+02 0.000000000000e+00 -9.600000000000e+02 -4.301216559588e+03 -4.408728476930e-14 5.542562584220e+02 -3.600000000000e+02 -1.612956209845e+03 -1.224646799147e-16 0.000000000000e+00 -1.000000000000e+00 -4.480433916237e+00
P1: -9.600000000000e+02 0.000000000000e+00 5.542562584220e+02 2.483796886585e+02 -3.600000000000e+02 5.542562584220e+02 2.204364238465e-14 -3.724770461424e+02 -1.000000000000e+00 0.000000000000e+00 6.123233995737e-17 -1.034658461507e+00
P2: 5.542562584220e+02 0.000000000000e+00 9.600000000000e+02 0.000000000000e+00 0.000000000000e+00 5.542562584220e+02 3.600000000000e+02 0.000000000000e+00 0.000000000000e+00 0.000000000000e+00 1.000000000000e+00 0.000000000000e+00
P3: 5.542562584220e+02 0.000000000000e+00 9.600000000000e+02 -4.434027593277e+02 0.000000000000e+00 5.542562584220e+02 3.600000000000e+02 0.000000000000e+00 0.000000000000e+00 0.000000000000e+00 1.000000000000e+00 0.000000000000e+00
P4: 9.600000000000e+02 0.000000000000e+00 -5.542562584220e+02 -2.234925260434e+03 3.600000000000e+02 5.542562584220e+02 2.204364238465e-14 -3.724772851651e+02 1.000000000000e+00 0.000000000000e+00 6.123233995737e-17 -1.034659125459e+00
P5: 5.542562584220e+02 9.600000000000e+02 5.878304635907e-14 2.400000022888e+04 0.000000000000e+00 9.600000000000e+02 -5.542562584220e+02 2.400000022888e+04 0.000000000000e+00 1.000000000000e+00 6.123233995737e-17 2.500000023842e+01
R0_rect: 1.000000000000e+00 0.000000000000e+00 0.000000000000e+00 0.000000000000e+00 1.000000000000e+00 0.000000000000e+00 0.000000000000e+00 0.000000000000e+00 1.000000000000e+00
Tr_velo_to_p2: 0.000000000000e+00 -1.000000000000e+00 0.000000000000e+00 -6.790149942815e-07 0.000000000000e+00 0.000000000000e+00 -1.000000000000e+00 -5.000001152006e-01 1.000000000000e+00 0.000000000000e+00 0.000000000000e+00 -2.240219042654e+00
imu_to_world: -2.931773469853e-02 -9.995701428247e-01 -2.366919450817e-06 -5.440525436401e+01 9.995701428215e-01 -2.931773469009e-02 -3.527978450494e-06 7.671278381348e+01 3.457069207151e-06 -2.469334349734e-06 9.999999999910e-01 5.846698582172e-02
p2_to_world: -9.995701428247e-01 2.366919450817e-06 -2.931773469853e-02 -5.447093582153e+01 -2.931773469009e-02 3.527978450494e-06 9.995701428215e-01 7.895202636719e+01 -2.469334349734e-06 -9.999999999910e-01 3.457069207151e-06 2.096265554428e+00
