P0: -5.542562584220e+02 0.000000000000e+00 -9.600000000000e+02 -4.300546305751e+03 -4.408728476930e-14 5.542562584220e+02 -3.600000000000e+02 -1.612704864657e+03 -1.224646799147e-16 0.000000000000e+00 -1.000000000000e+00 -4.479735735157e+00
P1: -9.600000000000e+02 0.000000000000e+00 5.542562584220e+02 2.481890578405e+02 -3.600000000000e+02 5.542562584220e+02 2.204364238465e-14 -3.724771454156e+02 -1.000000000000e+00 0.000000000000e+00 6.123233995737e-17 -1.034658737265e+00
P2: 5.542562584220e+02 0.000000000000e+00 9.600000000000e+02 0.000000000000e+00 0.000000000000e+00 5.542562584220e+02 3.600000000000e+02 0.000000000000e+00 0.000000000000e+00 0.000000000000e+00 1.000000000000e+00 0.000000000000e+00
P3: 5.542562584220e+02 0.000000000000e+00 9.600000000000e+02 -4.434052641960e+02 0.000000000000e+00 5.542562584220e+02 3.600000000000e+02 0.000000000000e+00 0.000000000000e+00 0.000000000000e+00 1.000000000000e+00 0.000000000000e+00
P4: 9.600000000000e+02 0.000000000000e+00 -5.542562584220e+02 -2.234734827619e+03 3.600000000000e+02 5.542562584220e+02 2.204364238465e-14 -3.724764292490e+02 1.000000000000e+00 0.000000000000e+00 6.123233995737e-17 -1.034656747914e+00
P5: 5.542562584220e+02 9.600000000000e+02 5.878304635907e-14 2.399619529724e+04 0.000000000000e+00 9.600000000000e+02 -5.542562584220e+02 2.399619529724e+04 0.000000000000e+00 1.000000000000e+00 6.123233995737e-17 2.499603676796e+01
R0_rect: 1.000000000000e+00 0.000000000000e+00 0.000000000000e+00 0.000000000000e+00 1.000000000000e+00 0.000000000000e+00 0.000000000000e+00 0.000000000000e+00 1.000000000000e+00
Tr_velo_to_p2: 0.000000000000e+00 -1.000000000000e+00 0.000000000000e+00 -1.517447956147e-06 0.000000000000e+00 0.000000000000e+00 -1.000000000000e+00 -5.000000574459e-01 1.000000000000e+00 0.000000000000e+00 0.000000000000e+00 -2.240224277523e+00
imu_to_world: -1.807155839862e-02 -9.998365229063e-01 -5.884212654342e-04 -5.435852050781e+01 9.996781975607e-01 -1.807916913143e-02 1.779452065497e-02 7.515060424805e+01 -1.780224982603e-02 -2.666571908438e-04 9.998414918351e-01 6.620029360056e-02
p2_to_world: -9.998365229063e-01 5.884212654342e-04 -1.807155839862e-02 -5.440020370483e+01 -1.807916913143e-02 -1.779452065497e-02 9.996781975607e-01 7.742636871338e+01 -2.666571908438e-04 -9.998414918351e-01 -1.780224982603e-02 2.063787221909e+00
