P0: -5.542562584220e+02 0.000000000000e+00 -9.600000000000e+02 -4.300722567347e+03 -4.408728476930e-14 5.542562584220e+02 -3.600000000000e+02 -1.612770962755e+03 -1.224646799147e-16 0.000000000000e+00 -1.000000000000e+00 -4.479919340986e+00
P1: -9.600000000000e+02 0.000000000000e+00 5.542562584220e+02 2.482433000305e+02 -3.600000000000e+02 5.542562584220e+02 2.204364238465e-14 -3.724760297016e+02 -1.000000000000e+00 0.000000000000e+00 6.123233995737e-17 -1.034655638060e+00
P2: 5.542562584220e+02 0.000000000000e+00 9.600000000000e+02 0.000000000000e+00 0.000000000000e+00 5.542562584220e+02 3.600000000000e+02 0.000000000000e+00 0.000000000000e+00 0.000000000000e+00 1.000000000000e+00 0.000000000000e+00
P3: 5.542562584220e+02 0.000000000000e+00 9.600000000000e+02 -4.434060312542e+02 0.000000000000e+00 5.542562584220e+02 3.600000000000e+02 0.000000000000e+00 0.000000000000e+00 0.000000000000e+00 1.000000000000e+00 0.000000000000e+00
P4: 9.600000000000e+02 0.000000000000e+00 -5.542562584220e+02 -2.234788185275e+03 3.600000000000e+02 5.542562584220e+02 2.204364238465e-14 -3.724775161355e+02 1.000000000000e+00 0.000000000000e+00 6.123233995737e-17 -1.034659767043e+00
P5: 5.542562584220e+02 9.600000000000e+02 5.878304635907e-14 2.399723030090e+04 0.000000000000e+00 9.600000000000e+02 -5.542562584220e+02 2.399723030090e+04 0.000000000000e+00 1.000000000000e+00 6.123233995737e-17 2.499711489677e+01
R0_rect: 1.000000000000e+00 0.000000000000e+00 0.000000000000e+00 0.000000000000e+00 1.000000000000e+00 0.000000000000e+00 0.000000000000e+00 0.000000000000e+00 1.000000000000e+00
Tr_velo_to_p2: 0.000000000000e+00 -1.000000000000e+00 0.000000000000e+00 1.446048587833e-06 0.000000000000e+00 0.000000000000e+00 -1.000000000000e+00 -4.999998531044e-01 1.000000000000e+00 0.000000000000e+00 0.000000000000e+00 -2.240221791759e+00
imu_to_world: -1.817257750663e-02 -9.998347369777e-01 5.061219589147e-04 -5.436626434326e+01 9.997194801294e-01 -1.817816822893e-02 -1.518272866013e-02 7.557688140869e+01 1.518941988662e-02 2.300706683098e-04 9.998846076378e-01 5.188430845737e-02
p2_to_world: -9.998347369777e-01 -5.061219589147e-04 -1.817257750663e-02 -5.440594100952e+01 -1.817816822893e-02 1.518272866013e-02 9.997194801294e-01 7.778553771973e+01 2.300706683098e-04 -9.998846076378e-01 1.518941988662e-02 2.123467683792e+00
