P0: -5.542562584220e+02 0.000000000000e+00 -9.600000000000e+02 -4.301215725047e+03 -4.408728476930e-14 5.542562584220e+02 -3.600000000000e+02 -1.612955896893e+03 -1.224646799147e-16 0.000000000000e+00 -1.000000000000e+00 -4.480433046924e+00
P1: -9.600000000000e+02 0.000000000000e+00 5.542562584220e+02 2.483823320736e+02 -3.600000000000e+02 5.542562584220e+02 2.204364238465e-14 -3.724773307573e+02 -1.000000000000e+00 0.000000000000e+00 6.123233995737e-17 -1.034659252103e+00
P2: 5.542562584220e+02 0.000000000000e+00 9.600000000000e+02 0.000000000000e+00 0.000000000000e+00 5.542562584220e+02 3.600000000000e+02 0.000000000000e+00 0.000000000000e+00 0.000000000000e+00 1.000000000000e+00 0.000000000000e+00
P3: 5.542562584220e+02 0.000000000000e+00 9.600000000000e+02 -4.434046380684e+02 0.000000000000e+00 5.542562584220e+02 3.600000000000e+02 0.000000000000e+00 0.000000000000e+00 0.000000000000e+00 1.000000000000e+00 0.000000000000e+00
P4: 9.600000000000e+02 0.000000000000e+00 -5.542562584220e+02 -2.234921523813e+03 3.600000000000e+02 5.542562584220e+02 2.204364238465e-14 -3.724757323517e+02 1.000000000000e+00 0.000000000000e+00 6.123233995737e-17 -1.034654812088e+00
P5: 5.542562584220e+02 9.600000000000e+02 5.878304635907e-14 2.399999885559e+04 0.000000000000e+00 9.600000000000e+02 -5.542562584220e+02 2.399999885559e+04 0.000000000000e+00 1.000000000000e+00 6.123233995737e-17 2.499999880791e+01
R0_rect: 1.000000000000e+00 0.000000000000e+00 0.000000000000e+00 0.000000000000e+00 1.000000000000e+00 0.000000000000e+00 0.000000000000e+00 0.000000000000e+00 1.000000000000e+00
Tr_velo_to_p2: 0.000000000000e+00 -1.000000000000e+00 0.000000000000e+00 2.045376645981e-06 0.000000000000e+00 0.000000000000e+00 -1.000000000000e+00 -5.000002488200e-01 1.000000000000e+00 0.000000000000e+00 0.000000000000e+00 -2.240215327017e+00
imu_to_world: -2.913605110031e-02 -9.995754551070e-01 8.602349188812e-06 -5.440320587158e+01 9.995754379113e-01 -2.913605219496e-02 -1.854369396226e-04 7.667851257324e+01 1.856088518118e-04 3.195796808745e-06 9.999999827696e-01 5.838851630688e-02
p2_to_world: -9.995754551070e-01 -8.602349188812e-06 -2.913605110031e-02 -5.446846008301e+01 -2.913605219496e-02 1.854369396226e-04 9.995754379113e-01 7.891740417480e+01 3.195796808745e-06 -9.999999827696e-01 1.856088518118e-04 2.096595048904e+00
