P0: -5.542562584220e+02 0.000000000000e+00 -9.600000000000e+02 -4.301221979314e+03 -4.408728476930e-14 5.542562584220e+02 -3.600000000000e+02 -1.612958242243e+03 -1.224646799147e-16 0.000000000000e+00 -1.000000000000e+00 -4.480439561785e+00
P1: -9.600000000000e+02 0.000000000000e+00 5.542562584220e+02 2.483837002489e+02 -3.600000000000e+02 5.542562584220e+02 2.204364238465e-14 -3.724763169535e+02 -1.000000000000e+00 0.000000000000e+00 6.123233995737e-17 -1.034656435982e+00
P2: 5.542562584220e+02 0.000000000000e+00 9.600000000000e+02 0.000000000000e+00 0.000000000000e+00 5.542562584220e+02 3.600000000000e+02 0.000000000000e+00 0.000000000000e+00 0.000000000000e+00 1.000000000000e+00 0.000000000000e+00
P3: 5.542562584220e+02 0.000000000000e+00 9.600000000000e+02 -4.434066283105e+02 0.000000000000e+00 5.542562584220e+02 3.600000000000e+02 0.000000000000e+00 0.000000000000e+00 0.000000000000e+00 1.000000000000e+00 0.000000000000e+00
P4: 9.600000000000e+02 0.000000000000e+00 -5.542562584220e+02 -2.234924396751e+03 3.600000000000e+02 5.542562584220e+02 2.204364238465e-14 -3.724765861391e+02 1.000000000000e+00 0.000000000000e+00 6.123233995737e-17 -1.034657183720e+00
P5: 5.542562584220e+02 9.600000000000e+02 5.878304635907e-14 2.399999656677e+04 0.000000000000e+00 9.600000000000e+02 -5.542562584220e+02 2.399999656677e+04 0.000000000000e+00 1.000000000000e+00 6.123233995737e-17 2.499999642372e+01
R0_rect: 1.000000000000e+00 0.000000000000e+00 0.000000000000e+00 0.000000000000e+00 1.000000000000e+00 0.000000000000e+00 0.000000000000e+00 0.000000000000e+00 1.000000000000e+00
Tr_velo_to_p2: 0.000000000000e+00 -1.000000000000e+00 0.000000000000e+00 -9.436516950172e-07 0.000000000000e+00 0.000000000000e+00 -1.000000000000e+00 -4.999999744118e-01 1.000000000000e+00 0.000000000000e+00 0.000000000000e+00 -2.240217007403e+00
imu_to_world: -2.912699935590e-02 -9.995757188681e-01 1.256708068510e-05 -5.440317916870e+01 9.995756728693e-01 -2.912700182835e-02 -3.032694605081e-04 7.667782592773e+01 3.035068303802e-04 3.728418750928e-06 9.999999539349e-01 5.833816528320e-02
p2_to_world: -9.995757188681e-01 -1.256708068510e-05 -2.912699935590e-02 -5.446840286255e+01 -2.912700182835e-02 3.032694605081e-04 9.995756728693e-01 7.891647338867e+01 3.728418750928e-06 -9.999999539349e-01 3.035068303802e-04 2.096809148788e+00
