P0: -5.542562584220e+02 0.000000000000e+00 -9.600000000000e+02 -4.301162877113e+03 -4.408728476930e-14 5.542562584220e+02 -3.600000000000e+02 -1.612936078917e+03 -1.224646799147e-16 0.000000000000e+00 -1.000000000000e+00 -4.480377996993e+00
P1: -9.600000000000e+02 0.000000000000e+00 5.542562584220e+02 2.483714112696e+02 -3.600000000000e+02 5.542562584220e+02 2.204364238465e-14 -3.724756371295e+02 -1.000000000000e+00 0.000000000000e+00 6.123233995737e-17 -1.034654547582e+00
P2: 5.542562584220e+02 0.000000000000e+00 9.600000000000e+02 0.000000000000e+00 0.000000000000e+00 5.542562584220e+02 3.600000000000e+02 0.000000000000e+00 0.000000000000e+00 0.000000000000e+00 1.000000000000e+00 0.000000000000e+00
P3: 5.542562584220e+02 0.000000000000e+00 9.600000000000e+02 -4.434066283113e+02 0.000000000000e+00 5.542562584220e+02 3.600000000000e+02 0.000000000000e+00 0.000000000000e+00 0.000000000000e+00 1.000000000000e+00 0.000000000000e+00
P4: 9.600000000000e+02 0.000000000000e+00 -5.542562584220e+02 -2.234914704059e+03 3.600000000000e+02 5.542562584220e+02 2.204364238465e-14 -3.724772659618e+02 1.000000000000e+00 0.000000000000e+00 6.123233995737e-17 -1.034659072116e+00
P5: 5.542562584220e+02 9.600000000000e+02 5.878304635907e-14 2.399968048096e+04 0.000000000000e+00 9.600000000000e+02 -5.542562584220e+02 2.399968048096e+04 0.000000000000e+00 1.000000000000e+00 6.123233995737e-17 2.499966716766e+01
R0_rect: 1.000000000000e+00 0.000000000000e+00 0.000000000000e+00 0.000000000000e+00 1.000000000000e+00 0.000000000000e+00 0.000000000000e+00 0.000000000000e+00 1.000000000000e+00
Tr_velo_to_p2: 0.000000000000e+00 -1.000000000000e+00 0.000000000000e+00 3.321274412662e-06 0.000000000000e+00 0.000000000000e+00 -1.000000000000e+00 -4.999998278628e-01 1.000000000000e+00 0.000000000000e+00 0.000000000000e+00 -2.240220751773e+00
imu_to_world: -2.912434949109e-02 -9.995756888534e-01 -4.631630512231e-04 -5.440307998657e+01 9.995624520166e-01 -2.912635180852e-02 5.153653929662e-03 7.667607116699e+01 -5.164957426829e-03 -3.128635769605e-04 9.999866125760e-01 6.069522723556e-02
p2_to_world: -9.995756888534e-01 4.631630512231e-04 -2.912434949109e-02 -5.446926498413e+01 -2.912635180852e-02 -5.153653929662e-03 9.995624520166e-01 7.892581176758e+01 -3.128635769605e-04 -9.999866125760e-01 -5.164957426829e-03 2.086888313293e+00
