P0: -5.542562584220e+02 0.000000000000e+00 -9.600000000000e+02 -4.301217791198e+03 -4.408728476930e-14 5.542562584220e+02 -3.600000000000e+02 -1.612956671699e+03 -1.224646799147e-16 0.000000000000e+00 -1.000000000000e+00 -4.480435199164e+00
P1: -9.600000000000e+02 0.000000000000e+00 5.542562584220e+02 2.483879158054e+02 -3.600000000000e+02 5.542562584220e+02 2.204364238465e-14 -3.724758893842e+02 -1.000000000000e+00 0.000000000000e+00 6.123233995737e-17 -1.034655248290e+00
P2: 5.542562584220e+02 0.000000000000e+00 9.600000000000e+02 0.000000000000e+00 0.000000000000e+00 5.542562584220e+02 3.600000000000e+02 0.000000000000e+00 0.000000000000e+00 0.000000000000e+00 1.000000000000e+00 0.000000000000e+00
P3: 5.542562584220e+02 0.000000000000e+00 9.600000000000e+02 -4.434078885979e+02 0.000000000000e+00 5.542562584220e+02 3.600000000000e+02 0.000000000000e+00 0.000000000000e+00 0.000000000000e+00 1.000000000000e+00 0.000000000000e+00
P4: 9.600000000000e+02 0.000000000000e+00 -5.542562584220e+02 -2.234931583431e+03 3.600000000000e+02 5.542562584220e+02 2.204364238465e-14 -3.724781767341e+02 1.000000000000e+00 0.000000000000e+00 6.123233995737e-17 -1.034661602039e+00
P5: 5.542562584220e+02 9.600000000000e+02 5.878304635907e-14 2.399999542236e+04 0.000000000000e+00 9.600000000000e+02 -5.542562584220e+02 2.399999542236e+04 0.000000000000e+00 1.000000000000e+00 6.123233995737e-17 2.499999523163e+01
R0_rect: 1.000000000000e+00 0.000000000000e+00 0.000000000000e+00 0.000000000000e+00 1.000000000000e+00 0.000000000000e+00 0.000000000000e+00 0.000000000000e+00 1.000000000000e+00
Tr_velo_to_p2: 0.000000000000e+00 -1.000000000000e+00 0.000000000000e+00 2.147983545796e-07 0.000000000000e+00 0.000000000000e+00 -1.000000000000e+00 -4.999999242577e-01 1.000000000000e+00 0.000000000000e+00 0.000000000000e+00 -2.240220646302e+00
imu_to_world: -1.841657953892e-02 -9.998303996081e-01 -4.021903413946e-05 -5.434165573120e+01 9.998302704781e-01 -1.841659763875e-02 5.090845040439e-04 7.419190979004e+01 -5.097388608817e-04 -3.083661252126e-05 9.999998696077e-01 5.868919193745e-02
p2_to_world: -9.998303996081e-01 4.021903413946e-05 -1.841657953892e-02 -5.438299179077e+01 -1.841659763875e-02 -5.090845040439e-04 9.998302704781e-01 7.643278503418e+01 -3.083661252126e-05 -9.999998696077e-01 -5.097388608817e-04 2.095337867737e+00
