P0: -5.542562584220e+02 0.000000000000e+00 -9.600000000000e+02 -4.301008493873e+03 -4.408728476930e-14 5.542562584220e+02 -3.600000000000e+02 -1.612878185202e+03 -1.224646799147e-16 0.000000000000e+00 -1.000000000000e+00 -4.480217181118e+00
P1: -9.600000000000e+02 0.000000000000e+00 5.542562584220e+02 2.483174350410e+02 -3.600000000000e+02 5.542562584220e+02 2.204364238465e-14 -3.724774226852e+02 -1.000000000000e+00 0.000000000000e+00 6.123233995737e-17 -1.034659507459e+00
P2: 5.542562584220e+02 0.000000000000e+00 9.600000000000e+02 0.000000000000e+00 0.000000000000e+00 5.542562584220e+02 3.600000000000e+02 0.000000000000e+00 0.000000000000e+00 0.000000000000e+00 1.000000000000e+00 0.000000000000e+00
P3: 5.542562584220e+02 0.000000000000e+00 9.600000000000e+02 -4.434045148828e+02 0.000000000000e+00 5.542562584220e+02 3.600000000000e+02 0.000000000000e+00 0.000000000000e+00 0.000000000000e+00 1.000000000000e+00 0.000000000000e+00
P4: 9.600000000000e+02 0.000000000000e+00 -5.542562584220e+02 -2.234869519360e+03 3.600000000000e+02 5.542562584220e+02 2.204364238465e-14 -3.724768531004e+02 1.000000000000e+00 0.000000000000e+00 6.123233995737e-17 -1.034657925279e+00
P5: 5.542562584220e+02 9.600000000000e+02 5.878304635907e-14 2.399886520386e+04 0.000000000000e+00 9.600000000000e+02 -5.542562584220e+02 2.399886520386e+04 0.000000000000e+00 1.000000000000e+00 6.123233995737e-17 2.499881792068e+01
R0_rect: 1.000000000000e+00 0.000000000000e+00 0.000000000000e+00 0.000000000000e+00 1.000000000000e+00 0.000000000000e+00 0.000000000000e+00 0.000000000000e+00 1.000000000000e+00
Tr_velo_to_p2: 0.000000000000e+00 -1.000000000000e+00 0.000000000000e+00 -2.150780781099e-06 0.000000000000e+00 0.000000000000e+00 -1.000000000000e+00 -4.999998327167e-01 1.000000000000e+00 0.000000000000e+00 0.000000000000e+00 -2.240212114336e+00
imu_to_world: -2.911884079948e-02 -9.995755859124e-01 -8.609055558885e-04 -5.440300750732e+01 9.995288313142e-01 -2.912582031397e-02 9.685141341601e-03 7.667446136475e+01 -9.706105411703e-03 -5.784798353026e-04 9.999527273221e-01 6.265037506819e-02
p2_to_world: -9.995755859124e-01 8.609055558885e-04 -2.911884079948e-02 -5.446999359131e+01 -2.912582031397e-02 -9.685141341601e-03 9.995288313142e-01 7.893335723877e+01 -5.784798353026e-04 -9.999527273221e-01 -9.706105411703e-03 2.078601360321e+00
