P0: -5.542562584220e+02 0.000000000000e+00 -9.600000000000e+02 -4.301216666952e+03 -4.408728476930e-14 5.542562584220e+02 -3.600000000000e+02 -1.612956250107e+03 -1.224646799147e-16 0.000000000000e+00 -1.000000000000e+00 -4.480434028075e+00
P1: -9.600000000000e+02 0.000000000000e+00 5.542562584220e+02 2.483760901104e+02 -3.600000000000e+02 5.542562584220e+02 2.204364238465e-14 -3.724784188431e+02 -1.000000000000e+00 0.000000000000e+00 6.123233995737e-17 -1.034662274564e+00
P2: 5.542562584220e+02 0.000000000000e+00 9.600000000000e+02 0.000000000000e+00 0.000000000000e+00 5.542562584220e+02 3.600000000000e+02 0.000000000000e+00 0.000000000000e+00 0.000000000000e+00 1.000000000000e+00 0.000000000000e+00
P3: 5.542562584220e+02 0.000000000000e+00 9.600000000000e+02 -4.434048727387e+02 0.000000000000e+00 5.542562584220e+02 3.600000000000e+02 0.000000000000e+00 0.000000000000e+00 0.000000000000e+00 1.000000000000e+00 0.000000000000e+00
P4: 9.600000000000e+02 0.000000000000e+00 -5.542562584220e+02 -2.234921661886e+03 3.600000000000e+02 5.542562584220e+02 2.204364238465e-14 -3.724759124644e+02 1.000000000000e+00 0.000000000000e+00 6.123233995737e-17 -1.034655312401e+00
P5: 5.542562584220e+02 9.600000000000e+02 5.878304635907e-14 2.399999862671e+04 0.000000000000e+00 9.600000000000e+02 -5.542562584220e+02 2.399999862671e+04 0.000000000000e+00 1.000000000000e+00 6.123233995737e-17 2.499999856949e+01
R0_rect: 1.000000000000e+00 0.000000000000e+00 0.000000000000e+00 0.000000000000e+00 1.000000000000e+00 0.000000000000e+00 0.000000000000e+00 0.000000000000e+00 1.000000000000e+00
Tr_velo_to_p2: 0.000000000000e+00 -1.000000000000e+00 0.000000000000e+00 -2.068346599630e-06 0.000000000000e+00 0.000000000000e+00 -1.000000000000e+00 -4.999998941019e-01 1.000000000000e+00 0.000000000000e+00 0.000000000000e+00 -2.240213486377e+00
imu_to_world: -2.931773452885e-02 -9.995701427550e-01 -1.244723074027e-05 -5.440524291992e+01 9.995701370361e-01 -2.931773569761e-02 1.073271928425e-04 7.671274566650e+01 -1.076459820920e-04 -9.295289989294e-06 9.999999941630e-01 5.851509049535e-02
p2_to_world: -9.995701427550e-01 1.244723074027e-05 -2.931773452885e-02 -5.447094726562e+01 -2.931773569761e-02 -1.073271928425e-04 9.995701370361e-01 7.895221710205e+01 -9.295289989294e-06 -9.999999941630e-01 -1.076459820920e-04 2.096065044403e+00
