P0: -5.542562584220e+02 0.000000000000e+00 -9.600000000000e+02 -4.301209131153e+03 -4.408728476930e-14 5.542562584220e+02 -3.600000000000e+02 -1.612953424182e+03 -1.224646799147e-16 0.000000000000e+00 -1.000000000000e+00 -4.480426178284e+00
P1: -9.600000000000e+02 0.000000000000e+00 5.542562584220e+02 2.483832872067e+02 -3.600000000000e+02 5.542562584220e+02 2.204364238465e-14 -3.724756734417e+02 -1.000000000000e+00 0.000000000000e+00 6.123233995737e-17 -1.034654648449e+00
P2: 5.542562584220e+02 0.000000000000e+00 9.600000000000e+02 0.000000000000e+00 0.000000000000e+00 5.542562584220e+02 3.600000000000e+02 0.000000000000e+00 0.000000000000e+00 0.000000000000e+00 1.000000000000e+00 0.000000000000e+00
P3: 5.542562584220e+02 0.000000000000e+00 9.600000000000e+02 -4.434068621755e+02 0.000000000000e+00 5.542562584220e+02 3.600000000000e+02 0.000000000000e+00 0.000000000000e+00 0.000000000000e+00 1.000000000000e+00 0.000000000000e+00
P4: 9.600000000000e+02 0.000000000000e+00 -5.542562584220e+02 -2.234925260434e+03 3.600000000000e+02 5.542562584220e+02 2.204364238465e-14 -3.724772851651e+02 1.000000000000e+00 0.000000000000e+00 6.123233995737e-17 -1.034659125459e+00
P5: 5.542562584220e+02 9.600000000000e+02 5.878304635907e-14 2.399999153137e+04 0.000000000000e+00 9.600000000000e+02 -5.542562584220e+02 2.399999153137e+04 0.000000000000e+00 1.000000000000e+00 6.123233995737e-17 2.499999117851e+01
R0_rect: 1.000000000000e+00 0.000000000000e+00 0.000000000000e+00 0.000000000000e+00 1.000000000000e+00 0.000000000000e+00 0.000000000000e+00 0.000000000000e+00 1.000000000000e+00
Tr_velo_to_p2: 0.000000000000e+00 -1.000000000000e+00 0.000000000000e+00 1.803033803866e-06 0.000000000000e+00 0.000000000000e+00 -1.000000000000e+00 -4.999997176535e-01 1.000000000000e+00 0.000000000000e+00 0.000000000000e+00 -2.240215032235e+00
imu_to_world: -2.931772736345e-02 -9.995701376376e-01 -1.039485212246e-04 -5.440518951416e+01 9.995698927362e-01 -2.931779345852e-02 7.046431597662e-04 7.671254730225e+01 -7.073878014686e-04 -8.324527616405e-05 9.999997463363e-01 5.877544358373e-02
p2_to_world: -9.995701376376e-01 1.039485212246e-04 -2.931772736345e-02 -5.447107696533e+01 -2.931779345852e-02 -7.046431597662e-04 9.995698927362e-01 7.895323181152e+01 -8.324527616405e-05 -9.999997463363e-01 -7.073878014686e-04 2.094981431961e+00
