P0: -5.542562584220e+02 0.000000000000e+00 -9.600000000000e+02 -4.301223988023e+03 -4.408728476930e-14 5.542562584220e+02 -3.600000000000e+02 -1.612958995509e+03 -1.224646799147e-16 0.000000000000e+00 -1.000000000000e+00 -4.480441654190e+00
P1: -9.600000000000e+02 0.000000000000e+00 5.542562584220e+02 2.483841302100e+02 -3.600000000000e+02 5.542562584220e+02 2.204364238465e-14 -3.724769656189e+02 -1.000000000000e+00 0.000000000000e+00 6.123233995737e-17 -1.034658237830e+00
P2: 5.542562584220e+02 0.000000000000e+00 9.600000000000e+02 0.000000000000e+00 0.000000000000e+00 5.542562584220e+02 3.600000000000e+02 0.000000000000e+00 0.000000000000e+00 0.000000000000e+00 1.000000000000e+00 0.000000000000e+00
P3: 5.542562584220e+02 0.000000000000e+00 9.600000000000e+02 -4.434049967128e+02 0.000000000000e+00 5.542562584220e+02 3.600000000000e+02 0.000000000000e+00 0.000000000000e+00 0.000000000000e+00 1.000000000000e+00 0.000000000000e+00
P4: 9.600000000000e+02 0.000000000000e+00 -5.542562584220e+02 -2.234929701986e+03 3.600000000000e+02 5.542562584220e+02 2.204364238465e-14 -3.724773656886e+02 1.000000000000e+00 0.000000000000e+00 6.123233995737e-17 -1.034659349135e+00
P5: 5.542562584220e+02 9.600000000000e+02 5.878304635907e-14 2.400000045776e+04 0.000000000000e+00 9.600000000000e+02 -5.542562584220e+02 2.400000045776e+04 0.000000000000e+00 1.000000000000e+00 6.123233995737e-17 2.500000047684e+01
R0_rect: 1.000000000000e+00 0.000000000000e+00 0.000000000000e+00 0.000000000000e+00 1.000000000000e+00 0.000000000000e+00 0.000000000000e+00 0.000000000000e+00 1.000000000000e+00
Tr_velo_to_p2: 0.000000000000e+00 -1.000000000000e+00 0.000000000000e+00 1.983319392028e-07 0.000000000000e+00 0.000000000000e+00 -1.000000000000e+00 -5.000000460809e-01 1.000000000000e+00 0.000000000000e+00 0.000000000000e+00 -2.240218560611e+00
imu_to_world: -2.931773468083e-02 -9.995701428278e-01 -5.846361789756e-07 -5.440525436401e+01 9.995701422177e-01 -2.931773464248e-02 -3.496048737616e-05 7.671279907227e+01 3.492831915156e-05 -1.609347161771e-06 9.999999993887e-01 5.845336616039e-02
p2_to_world: -9.995701428278e-01 5.846361789756e-07 -2.931773468083e-02 -5.447093200684e+01 -2.931773464248e-02 3.496048737616e-05 9.995701422177e-01 7.895198822021e+01 -1.609347161771e-06 -9.999999993887e-01 3.492831915156e-05 2.096322536469e+00
