P0: -5.542562584220e+02 0.000000000000e+00 -9.600000000000e+02 -4.301209489169e+03 -4.408728476930e-14 5.542562584220e+02 -3.600000000000e+02 -1.612953558438e+03 -1.224646799147e-16 0.000000000000e+00 -1.000000000000e+00 -4.480426551218e+00
P1: -9.600000000000e+02 0.000000000000e+00 5.542562584220e+02 2.483853665873e+02 -3.600000000000e+02 5.542562584220e+02 2.204364238465e-14 -3.724761307659e+02 -1.000000000000e+00 0.000000000000e+00 6.123233995737e-17 -1.034655918794e+00
P2: 5.542562584220e+02 0.000000000000e+00 9.600000000000e+02 0.000000000000e+00 0.000000000000e+00 5.542562584220e+02 3.600000000000e+02 0.000000000000e+00 0.000000000000e+00 0.000000000000e+00 1.000000000000e+00 0.000000000000e+00
P3: 5.542562584220e+02 0.000000000000e+00 9.600000000000e+02 -4.434058710987e+02 0.000000000000e+00 5.542562584220e+02 3.600000000000e+02 0.000000000000e+00 0.000000000000e+00 0.000000000000e+00 1.000000000000e+00 0.000000000000e+00
P4: 9.600000000000e+02 0.000000000000e+00 -5.542562584220e+02 -2.234927775756e+03 3.600000000000e+02 5.542562584220e+02 2.204364238465e-14 -3.724778029427e+02 1.000000000000e+00 0.000000000000e+00 6.123233995737e-17 -1.034660563730e+00
P5: 5.542562584220e+02 9.600000000000e+02 5.878304635907e-14 2.399992446899e+04 0.000000000000e+00 9.600000000000e+02 -5.542562584220e+02 2.399992446899e+04 0.000000000000e+00 1.000000000000e+00 6.123233995737e-17 2.499992132187e+01
R0_rect: 1.000000000000e+00 0.000000000000e+00 0.000000000000e+00 0.000000000000e+00 1.000000000000e+00 0.000000000000e+00 0.000000000000e+00 0.000000000000e+00 1.000000000000e+00
Tr_velo_to_p2: 0.000000000000e+00 -1.000000000000e+00 0.000000000000e+00 5.760314786972e-07 0.000000000000e+00 0.000000000000e+00 -1.000000000000e+00 -4.999999258412e-01 1.000000000000e+00 0.000000000000e+00 0.000000000000e+00 -2.240223028556e+00
imu_to_world: -2.955176897335e-02 -9.995632143054e-01 2.712157210811e-04 -5.440461349487e+01 9.995602295449e-01 -2.955234571327e-02 -2.450790678517e-03 7.670451354980e+01 2.457735268961e-03 1.986712484864e-04 9.999969600289e-01 5.740256980062e-02
p2_to_world: -9.995632143054e-01 -2.712157210811e-04 -2.955176897335e-02 -5.447026062012e+01 -2.955234571327e-02 2.450790678517e-03 9.995602295449e-01 7.893875122070e+01 1.986712484864e-04 -9.999969600289e-01 2.457735268961e-03 2.100693225861e+00
