P0: -5.542562584220e+02 0.000000000000e+00 -9.600000000000e+02 -4.301216559588e+03 -4.408728476930e-14 5.542562584220e+02 -3.600000000000e+02 -1.612956209845e+03 -1.224646799147e-16 0.000000000000e+00 -1.000000000000e+00 -4.480433916237e+00
P1: -9.600000000000e+02 0.000000000000e+00 5.542562584220e+02 2.483841302100e+02 -3.600000000000e+02 5.542562584220e+02 2.204364238465e-14 -3.724769656189e+02 -1.000000000000e+00 0.000000000000e+00 6.123233995737e-17 -1.034658237830e+00
P2: 5.542562584220e+02 0.000000000000e+00 9.600000000000e+02 0.000000000000e+00 0.000000000000e+00 5.542562584220e+02 3.600000000000e+02 0.000000000000e+00 0.000000000000e+00 0.000000000000e+00 1.000000000000e+00 0.000000000000e+00
P3: 5.542562584220e+02 0.000000000000e+00 9.600000000000e+02 -4.434027593277e+02 0.000000000000e+00 5.542562584220e+02 3.600000000000e+02 0.000000000000e+00 0.000000000000e+00 0.000000000000e+00 1.000000000000e+00 0.000000000000e+00
P4: 9.600000000000e+02 0.000000000000e+00 -5.542562584220e+02 -2.234926103437e+03 3.600000000000e+02 5.542562584220e+02 2.204364238465e-14 -3.724759929879e+02 1.000000000000e+00 0.000000000000e+00 6.123233995737e-17 -1.034655536078e+00
P5: 5.542562584220e+02 9.600000000000e+02 5.878304635907e-14 2.399998580933e+04 0.000000000000e+00 9.600000000000e+02 -5.542562584220e+02 2.399998580933e+04 0.000000000000e+00 1.000000000000e+00 6.123233995737e-17 2.499998521805e+01
R0_rect: 1.000000000000e+00 0.000000000000e+00 0.000000000000e+00 0.000000000000e+00 1.000000000000e+00 0.000000000000e+00 0.000000000000e+00 0.000000000000e+00 1.000000000000e+00
Tr_velo_to_p2: 0.000000000000e+00 -1.000000000000e+00 0.000000000000e+00 -1.556397737499e-06 0.000000000000e+00 0.000000000000e+00 -1.000000000000e+00 -5.000001484000e-01 1.000000000000e+00 0.000000000000e+00 0.000000000000e+00 -2.240214965715e+00
imu_to_world: -2.931772230919e-02 -9.995701393392e-01 -8.774968208657e-05 -5.440519714355e+01 9.995697204143e-01 -2.931779053740e-02 9.171634948691e-04 7.671247100830e+01 -9.193418691623e-04 -6.082278053502e-05 9.999995755555e-01 5.886764451861e-02
p2_to_world: -9.995701393392e-01 8.774968208657e-05 -2.931772230919e-02 -5.447105789185e+01 -2.931779053740e-02 -9.171634948691e-04 9.995697204143e-01 7.895359802246e+01 -6.082278053502e-05 -9.999995755555e-01 -9.193418691623e-04 2.094598293304e+00
