P0: -5.542562584220e+02 0.000000000000e+00 -9.600000000000e+02 -4.300807291242e+03 -4.408728476930e-14 5.542562584220e+02 -3.600000000000e+02 -1.612802734216e+03 -1.224646799147e-16 0.000000000000e+00 -1.000000000000e+00 -4.480007595044e+00
P1: -9.600000000000e+02 0.000000000000e+00 5.542562584220e+02 2.482685379864e+02 -3.600000000000e+02 5.542562584220e+02 2.204364238465e-14 -3.724754835423e+02 -1.000000000000e+00 0.000000000000e+00 6.123233995737e-17 -1.034654120951e+00
P2: 5.542562584220e+02 0.000000000000e+00 9.600000000000e+02 0.000000000000e+00 0.000000000000e+00 5.542562584220e+02 3.600000000000e+02 0.000000000000e+00 0.000000000000e+00 0.000000000000e+00 1.000000000000e+00 0.000000000000e+00
P3: 5.542562584220e+02 0.000000000000e+00 9.600000000000e+02 -4.434071118957e+02 0.000000000000e+00 5.542562584220e+02 3.600000000000e+02 0.000000000000e+00 0.000000000000e+00 0.000000000000e+00 1.000000000000e+00 0.000000000000e+00
P4: 9.600000000000e+02 0.000000000000e+00 -5.542562584220e+02 -2.234812059601e+03 3.600000000000e+02 5.542562584220e+02 2.204364238465e-14 -3.724786439407e+02 1.000000000000e+00 0.000000000000e+00 6.123233995737e-17 -1.034662899835e+00
P5: 5.542562584220e+02 9.600000000000e+02 5.878304635907e-14 2.399773567200e+04 0.000000000000e+00 9.600000000000e+02 -5.542562584220e+02 2.399773567200e+04 0.000000000000e+00 1.000000000000e+00 6.123233995737e-17 2.499764132500e+01
R0_rect: 1.000000000000e+00 0.000000000000e+00 0.000000000000e+00 0.000000000000e+00 1.000000000000e+00 0.000000000000e+00 0.000000000000e+00 0.000000000000e+00 1.000000000000e+00
Tr_velo_to_p2: 0.000000000000e+00 -1.000000000000e+00 0.000000000000e+00 2.448794004624e-06 0.000000000000e+00 0.000000000000e+00 -1.000000000000e+00 -4.999997646835e-01 1.000000000000e+00 0.000000000000e+00 0.000000000000e+00 -2.240215184169e+00
imu_to_world: -1.831926375282e-02 -9.998321140026e-01 3.852073970790e-04 -5.434963226318e+01 9.997379183907e-01 -1.832282562939e-02 -1.372474381523e-02 7.465936279297e+01 1.372949771090e-02 1.336792394134e-04 9.999057370685e-01 5.251578986645e-02
p2_to_world: -9.998321140026e-01 -3.852073970790e-04 -1.831926375282e-02 -5.438988494873e+01 -1.832282562939e-02 1.372474381523e-02 9.997379183907e-01 7.687102508545e+01 1.336792394134e-04 -9.999057370685e-01 1.372949771090e-02 2.120871782303e+00
