P0: -5.542562584220e+02 0.000000000000e+00 -9.600000000000e+02 -4.301223046156e+03 -4.408728476930e-14 5.542562584220e+02 -3.600000000000e+02 -1.612958642309e+03 -1.224646799147e-16 0.000000000000e+00 -1.000000000000e+00 -4.480440673079e+00
P1: -9.600000000000e+02 0.000000000000e+00 5.542562584220e+02 2.483870192225e+02 -3.600000000000e+02 5.542562584220e+02 2.204364238465e-14 -3.724756358818e+02 -1.000000000000e+00 0.000000000000e+00 6.123233995737e-17 -1.034654544116e+00
P2: 5.542562584220e+02 0.000000000000e+00 9.600000000000e+02 0.000000000000e+00 0.000000000000e+00 5.542562584220e+02 3.600000000000e+02 0.000000000000e+00 0.000000000000e+00 0.000000000000e+00 1.000000000000e+00 0.000000000000e+00
P3: 5.542562584220e+02 0.000000000000e+00 9.600000000000e+02 -4.434068746979e+02 0.000000000000e+00 5.542562584220e+02 3.600000000000e+02 0.000000000000e+00 0.000000000000e+00 0.000000000000e+00 1.000000000000e+00 0.000000000000e+00
P4: 9.600000000000e+02 0.000000000000e+00 -5.542562584220e+02 -2.234926594086e+03 3.600000000000e+02 5.542562584220e+02 2.204364238465e-14 -3.724761345441e+02 1.000000000000e+00 0.000000000000e+00 6.123233995737e-17 -1.034655929289e+00
P5: 5.542562584220e+02 9.600000000000e+02 5.878304635907e-14 2.400000045776e+04 0.000000000000e+00 9.600000000000e+02 -5.542562584220e+02 2.400000045776e+04 0.000000000000e+00 1.000000000000e+00 6.123233995737e-17 2.500000047684e+01
R0_rect: 1.000000000000e+00 0.000000000000e+00 0.000000000000e+00 0.000000000000e+00 1.000000000000e+00 0.000000000000e+00 0.000000000000e+00 0.000000000000e+00 1.000000000000e+00
Tr_velo_to_p2: 0.000000000000e+00 -1.000000000000e+00 0.000000000000e+00 4.711627693745e-06 0.000000000000e+00 0.000000000000e+00 -1.000000000000e+00 -4.999998423917e-01 1.000000000000e+00 0.000000000000e+00 0.000000000000e+00 -2.240220473314e+00
imu_to_world: -2.913645089872e-02 -9.995754434846e-01 -3.417357302969e-06 -5.440320205688e+01 9.995754432145e-01 -2.913645097083e-02 2.339459065036e-05 7.667843627930e+01 -2.348422798798e-05 -2.734271098958e-06 9.999999997205e-01 5.847907811403e-02
p2_to_world: -9.995754434846e-01 3.417357302969e-06 -2.913645089872e-02 -5.446847915649e+01 -2.913645097083e-02 -2.339459065036e-05 9.995754432145e-01 7.891775512695e+01 -2.734271098958e-06 -9.999999997205e-01 -2.348422798798e-05 2.096217632294e+00
