P0: -5.542562584220e+02 0.000000000000e+00 -9.600000000000e+02 -4.301215738398e+03 -4.408728476930e-14 5.542562584220e+02 -3.600000000000e+02 -1.612955901899e+03 -1.224646799147e-16 0.000000000000e+00 -1.000000000000e+00 -4.480433060831e+00
P1: -9.600000000000e+02 0.000000000000e+00 5.542562584220e+02 2.483803744015e+02 -3.600000000000e+02 5.542562584220e+02 2.204364238465e-14 -3.724761941469e+02 -1.000000000000e+00 0.000000000000e+00 6.123233995737e-17 -1.034656094852e+00
P2: 5.542562584220e+02 0.000000000000e+00 9.600000000000e+02 0.000000000000e+00 0.000000000000e+00 5.542562584220e+02 3.600000000000e+02 0.000000000000e+00 0.000000000000e+00 0.000000000000e+00 1.000000000000e+00 0.000000000000e+00
P3: 5.542562584220e+02 0.000000000000e+00 9.600000000000e+02 -4.434042067709e+02 0.000000000000e+00 5.542562584220e+02 3.600000000000e+02 0.000000000000e+00 0.000000000000e+00 0.000000000000e+00 1.000000000000e+00 0.000000000000e+00
P4: 9.600000000000e+02 0.000000000000e+00 -5.542562584220e+02 -2.234926803381e+03 3.600000000000e+02 5.542562584220e+02 2.204364238465e-14 -3.724774617865e+02 1.000000000000e+00 0.000000000000e+00 6.123233995737e-17 -1.034659616074e+00
P5: 5.542562584220e+02 9.600000000000e+02 5.878304635907e-14 2.399997230530e+04 0.000000000000e+00 9.600000000000e+02 -5.542562584220e+02 2.399997230530e+04 0.000000000000e+00 1.000000000000e+00 6.123233995737e-17 2.499997115135e+01
R0_rect: 1.000000000000e+00 0.000000000000e+00 0.000000000000e+00 0.000000000000e+00 1.000000000000e+00 0.000000000000e+00 0.000000000000e+00 0.000000000000e+00 1.000000000000e+00
Tr_velo_to_p2: 0.000000000000e+00 -1.000000000000e+00 0.000000000000e+00 1.076432488423e-06 0.000000000000e+00 0.000000000000e+00 -1.000000000000e+00 -4.999998698747e-01 1.000000000000e+00 0.000000000000e+00 0.000000000000e+00 -2.240218472063e+00
imu_to_world: -1.848326257443e-02 -9.998291366470e-01 2.579077340525e-04 -5.437196731567e+01 9.998280775464e-01 -1.848362307219e-02 -1.473440896729e-03 7.585768127441e+01 1.477956209021e-03 2.306293989399e-04 9.999988812271e-01 5.779842287302e-02
p2_to_world: -9.998291366470e-01 -2.579077340525e-04 -1.848326257443e-02 -5.441284561157e+01 -1.848362307219e-02 1.473440896729e-03 9.998280775464e-01 7.809451293945e+01 2.306293989399e-04 -9.999988812271e-01 1.477956209021e-03 2.098898172379e+00
