P0: -5.542562584220e+02 0.000000000000e+00 -9.600000000000e+02 -4.301216559588e+03 -4.408728476930e-14 5.542562584220e+02 -3.600000000000e+02 -1.612956209845e+03 -1.224646799147e-16 0.000000000000e+00 -1.000000000000e+00 -4.480433916237e+00
P1: -9.600000000000e+02 0.000000000000e+00 5.542562584220e+02 2.483841302100e+02 -3.600000000000e+02 5.542562584220e+02 2.204364238465e-14 -3.724769656189e+02 -1.000000000000e+00 0.000000000000e+00 6.123233995737e-17 -1.034658237830e+00
P2: 5.542562584220e+02 0.000000000000e+00 9.600000000000e+02 0.000000000000e+00 0.000000000000e+00 5.542562584220e+02 3.600000000000e+02 0.000000000000e+00 0.000000000000e+00 0.000000000000e+00 1.000000000000e+00 0.000000000000e+00
P3: 5.542562584220e+02 0.000000000000e+00 9.600000000000e+02 -4.434048727387e+02 0.000000000000e+00 5.542562584220e+02 3.600000000000e+02 0.000000000000e+00 0.000000000000e+00 0.000000000000e+00 1.000000000000e+00 0.000000000000e+00
P4: 9.600000000000e+02 0.000000000000e+00 -5.542562584220e+02 -2.234926103437e+03 3.600000000000e+02 5.542562584220e+02 2.204364238465e-14 -3.724759929879e+02 1.000000000000e+00 0.000000000000e+00 6.123233995737e-17 -1.034655536078e+00
P5: 5.542562584220e+02 9.600000000000e+02 5.878304635907e-14 2.399999610901e+04 0.000000000000e+00 9.600000000000e+02 -5.542562584220e+02 2.399999610901e+04 0.000000000000e+00 1.000000000000e+00 6.123233995737e-17 2.499999594688e+01
R0_rect: 1.000000000000e+00 0.000000000000e+00 0.000000000000e+00 0.000000000000e+00 1.000000000000e+00 0.000000000000e+00 0.000000000000e+00 0.000000000000e+00 1.000000000000e+00
Tr_velo_to_p2: 0.000000000000e+00 -1.000000000000e+00 0.000000000000e+00 -3.699874397742e-06 0.000000000000e+00 0.000000000000e+00 -1.000000000000e+00 -4.999999187019e-01 1.000000000000e+00 0.000000000000e+00 0.000000000000e+00 -2.240222178514e+00
imu_to_world: -2.931772945327e-02 -9.995701415041e-01 -5.434278920716e-05 -5.440522003174e+01 9.995699639874e-01 -2.931775669539e-02 5.968555281150e-04 7.671257781982e+01 -5.981921733675e-04 -3.682097095482e-05 9.999998204052e-01 5.872825533152e-02
p2_to_world: -9.995701415041e-01 5.434278920716e-05 -2.931772945327e-02 -5.447100830078e+01 -2.931775669539e-02 -5.968555281150e-04 9.995699639874e-01 7.895304870605e+01 -3.682097095482e-05 -9.999998204052e-01 -5.981921733675e-04 2.095178842545e+00
