P0: -5.542562584220e+02 0.000000000000e+00 -9.600000000000e+02 -4.301210657412e+03 -4.408728476930e-14 5.542562584220e+02 -3.600000000000e+02 -1.612953996530e+03 -1.224646799147e-16 0.000000000000e+00 -1.000000000000e+00 -4.480427768138e+00
P1: -9.600000000000e+02 0.000000000000e+00 5.542562584220e+02 2.483815009229e+02 -3.600000000000e+02 5.542562584220e+02 2.204364238465e-14 -3.724773483557e+02 -1.000000000000e+00 0.000000000000e+00 6.123233995737e-17 -1.034659300988e+00
P2: 5.542562584220e+02 0.000000000000e+00 9.600000000000e+02 0.000000000000e+00 0.000000000000e+00 5.542562584220e+02 3.600000000000e+02 0.000000000000e+00 0.000000000000e+00 0.000000000000e+00 1.000000000000e+00 0.000000000000e+00
P3: 5.542562584220e+02 0.000000000000e+00 9.600000000000e+02 -4.434041971838e+02 0.000000000000e+00 5.542562584220e+02 3.600000000000e+02 0.000000000000e+00 0.000000000000e+00 0.000000000000e+00 1.000000000000e+00 0.000000000000e+00
P4: 9.600000000000e+02 0.000000000000e+00 -5.542562584220e+02 -2.234927702871e+03 3.600000000000e+02 5.542562584220e+02 2.204364238465e-14 -3.724772902073e+02 1.000000000000e+00 0.000000000000e+00 6.123233995737e-17 -1.034659139465e+00
P5: 5.542562584220e+02 9.600000000000e+02 5.878304635907e-14 2.399997962952e+04 0.000000000000e+00 9.600000000000e+02 -5.542562584220e+02 2.399997962952e+04 0.000000000000e+00 1.000000000000e+00 6.123233995737e-17 2.499997878075e+01
R0_rect: 1.000000000000e+00 0.000000000000e+00 0.000000000000e+00 0.000000000000e+00 1.000000000000e+00 0.000000000000e+00 0.000000000000e+00 0.000000000000e+00 1.000000000000e+00
Tr_velo_to_p2: 0.000000000000e+00 -1.000000000000e+00 0.000000000000e+00 9.271465542795e-07 0.000000000000e+00 0.000000000000e+00 -1.000000000000e+00 -4.999999643494e-01 1.000000000000e+00 0.000000000000e+00 0.000000000000e+00 -2.240217030292e+00
imu_to_world: -1.795112555817e-02 -9.998388651595e-01 -2.842081403283e-05 -5.434345245361e+01 9.998381530574e-01 -1.795114669379e-02 1.193324401001e-03 7.428282165527e+01 -1.193642301066e-03 -6.994698056975e-06 9.999992875843e-01 5.898757651448e-02
p2_to_world: -9.998388651595e-01 2.842081403283e-05 -1.795112555817e-02 -5.438372421265e+01 -1.795114669379e-02 -1.193324401001e-03 9.998381530574e-01 7.652510833740e+01 -6.994698056975e-06 -9.999992875843e-01 -1.193642301066e-03 2.094103097916e+00
