P0: -5.542562584220e+02 0.000000000000e+00 -9.600000000000e+02 -4.301223880658e+03 -4.408728476930e-14 5.542562584220e+02 -3.600000000000e+02 -1.612958955247e+03 -1.224646799147e-16 0.000000000000e+00 -1.000000000000e+00 -4.480441542352e+00
P1: -9.600000000000e+02 0.000000000000e+00 5.542562584220e+02 2.483841302100e+02 -3.600000000000e+02 5.542562584220e+02 2.204364238465e-14 -3.724769656189e+02 -1.000000000000e+00 0.000000000000e+00 6.123233995737e-17 -1.034658237830e+00
P2: 5.542562584220e+02 0.000000000000e+00 9.600000000000e+02 0.000000000000e+00 0.000000000000e+00 5.542562584220e+02 3.600000000000e+02 0.000000000000e+00 0.000000000000e+00 0.000000000000e+00 1.000000000000e+00 0.000000000000e+00
P3: 5.542562584220e+02 0.000000000000e+00 9.600000000000e+02 -4.434028833018e+02 0.000000000000e+00 5.542562584220e+02 3.600000000000e+02 0.000000000000e+00 0.000000000000e+00 0.000000000000e+00 1.000000000000e+00 0.000000000000e+00
P4: 9.600000000000e+02 0.000000000000e+00 -5.542562584220e+02 -2.234929701986e+03 3.600000000000e+02 5.542562584220e+02 2.204364238465e-14 -3.724773656886e+02 1.000000000000e+00 0.000000000000e+00 6.123233995737e-17 -1.034659349135e+00
P5: 5.542562584220e+02 9.600000000000e+02 5.878304635907e-14 2.400000160217e+04 0.000000000000e+00 9.600000000000e+02 -5.542562584220e+02 2.400000160217e+04 0.000000000000e+00 1.000000000000e+00 6.123233995737e-17 2.500000166893e+01
R0_rect: 1.000000000000e+00 0.000000000000e+00 0.000000000000e+00 0.000000000000e+00 1.000000000000e+00 0.000000000000e+00 0.000000000000e+00 0.000000000000e+00 1.000000000000e+00
Tr_velo_to_p2: 0.000000000000e+00 -1.000000000000e+00 0.000000000000e+00 -1.493125113289e-06 0.000000000000e+00 0.000000000000e+00 -1.000000000000e+00 -4.999998568153e-01 1.000000000000e+00 0.000000000000e+00 0.000000000000e+00 -2.240221069200e+00
imu_to_world: -2.931773469870e-02 -9.995701428190e-01 -4.113269697136e-06 -5.440524673462e+01 9.995701428273e-01 -2.931773470091e-02 4.756591307864e-07 7.671278381348e+01 -5.960464150272e-07 -4.097556330450e-06 9.999999999914e-01 5.846866592765e-02
p2_to_world: -9.995701428190e-01 4.113269697136e-06 -2.931773469870e-02 -5.447093582153e+01 -2.931773470091e-02 -4.756591307864e-07 9.995701428273e-01 7.895204162598e+01 -4.097556330450e-06 -9.999999999914e-01 -5.960464150272e-07 2.096258401871e+00
