P0: -5.542562584220e+02 0.000000000000e+00 -9.600000000000e+02 -4.300994598204e+03 -4.408728476930e-14 5.542562584220e+02 -3.600000000000e+02 -1.612872974327e+03 -1.224646799147e-16 0.000000000000e+00 -1.000000000000e+00 -4.480202706463e+00
P1: -9.600000000000e+02 0.000000000000e+00 5.542562584220e+02 2.483170693745e+02 -3.600000000000e+02 5.542562584220e+02 2.204364238465e-14 -3.724772180756e+02 -1.000000000000e+00 0.000000000000e+00 6.123233995737e-17 -1.034658939099e+00
P2: 5.542562584220e+02 0.000000000000e+00 9.600000000000e+02 0.000000000000e+00 0.000000000000e+00 5.542562584220e+02 3.600000000000e+02 0.000000000000e+00 0.000000000000e+00 0.000000000000e+00 1.000000000000e+00 0.000000000000e+00
P3: 5.542562584220e+02 0.000000000000e+00 9.600000000000e+02 -4.434045148884e+02 0.000000000000e+00 5.542562584220e+02 3.600000000000e+02 0.000000000000e+00 0.000000000000e+00 0.000000000000e+00 1.000000000000e+00 0.000000000000e+00
P4: 9.600000000000e+02 0.000000000000e+00 -5.542562584220e+02 -2.234867332249e+03 3.600000000000e+02 5.542562584220e+02 2.204364238465e-14 -3.724771377211e+02 1.000000000000e+00 0.000000000000e+00 6.123233995737e-17 -1.034658715892e+00
P5: 5.542562584220e+02 9.600000000000e+02 5.878304635907e-14 2.399877525330e+04 0.000000000000e+00 9.600000000000e+02 -5.542562584220e+02 2.399877525330e+04 0.000000000000e+00 1.000000000000e+00 6.123233995737e-17 2.499872422218e+01
R0_rect: 1.000000000000e+00 0.000000000000e+00 0.000000000000e+00 0.000000000000e+00 1.000000000000e+00 0.000000000000e+00 0.000000000000e+00 0.000000000000e+00 1.000000000000e+00
Tr_velo_to_p2: 0.000000000000e+00 -1.000000000000e+00 0.000000000000e+00 -5.620998799335e-07 0.000000000000e+00 0.000000000000e+00 -1.000000000000e+00 -5.000002724392e-01 1.000000000000e+00 0.000000000000e+00 0.000000000000e+00 -2.240219373074e+00
imu_to_world: -2.912418736215e-02 -9.995756793030e-01 -4.930075435778e-04 -5.440295791626e+01 9.995248853574e-01 -2.912767842797e-02 1.007878468499e-02 7.667433166504e+01 -1.008886821324e-02 -1.992368949265e-04 9.999490862253e-01 6.287315487862e-02
p2_to_world: -9.995756793030e-01 4.930075435778e-04 -2.912418736215e-02 -5.446920776367e+01 -2.912767842797e-02 -1.007878468499e-02 9.995248853574e-01 7.893402099609e+01 -1.992368949265e-04 -9.999490862253e-01 -1.008886821324e-02 2.077958822250e+00
