P0: -5.542562584220e+02 0.000000000000e+00 -9.600000000000e+02 -4.301216774321e+03 -4.408728476930e-14 5.542562584220e+02 -3.600000000000e+02 -1.612956290370e+03 -1.224646799147e-16 0.000000000000e+00 -1.000000000000e+00 -4.480434139918e+00
P1: -9.600000000000e+02 0.000000000000e+00 5.542562584220e+02 2.483866693396e+02 -3.600000000000e+02 5.542562584220e+02 2.204364238465e-14 -3.724762138942e+02 -1.000000000000e+00 0.000000000000e+00 6.123233995737e-17 -1.034656149706e+00
P2: 5.542562584220e+02 0.000000000000e+00 9.600000000000e+02 0.000000000000e+00 0.000000000000e+00 5.542562584220e+02 3.600000000000e+02 0.000000000000e+00 0.000000000000e+00 0.000000000000e+00 1.000000000000e+00 0.000000000000e+00
P3: 5.542562584220e+02 0.000000000000e+00 9.600000000000e+02 -4.434069861487e+02 0.000000000000e+00 5.542562584220e+02 3.600000000000e+02 0.000000000000e+00 0.000000000000e+00 0.000000000000e+00 1.000000000000e+00 0.000000000000e+00
P4: 9.600000000000e+02 0.000000000000e+00 -5.542562584220e+02 -2.234923974960e+03 3.600000000000e+02 5.542562584220e+02 2.204364238465e-14 -3.724753720120e+02 1.000000000000e+00 0.000000000000e+00 6.123233995737e-17 -1.034653811145e+00
P5: 5.542562584220e+02 9.600000000000e+02 5.878304635907e-14 2.399999313354e+04 0.000000000000e+00 9.600000000000e+02 -5.542562584220e+02 2.399999313354e+04 0.000000000000e+00 1.000000000000e+00 6.123233995737e-17 2.499999284744e+01
R0_rect: 1.000000000000e+00 0.000000000000e+00 0.000000000000e+00 0.000000000000e+00 1.000000000000e+00 0.000000000000e+00 0.000000000000e+00 0.000000000000e+00 1.000000000000e+00
Tr_velo_to_p2: 0.000000000000e+00 -1.000000000000e+00 0.000000000000e+00 -4.862665296895e-07 0.000000000000e+00 0.000000000000e+00 -1.000000000000e+00 -4.999997908554e-01 1.000000000000e+00 0.000000000000e+00 0.000000000000e+00 -2.240219168860e+00
imu_to_world: -2.931865740401e-02 -9.995701152508e-01 3.202387218177e-05 -5.440521240234e+01 9.995698086466e-01 -2.931867349512e-02 -7.829601950329e-04 7.671306610107e+01 7.835625098384e-04 9.054754069708e-06 9.999996929739e-01 5.812728777528e-02
p2_to_world: -9.995701152508e-01 -3.202387218177e-05 -2.931865740401e-02 -5.447082901001e+01 -2.931867349512e-02 7.829601950329e-04 9.995698086466e-01 7.895072937012e+01 9.054754069708e-06 -9.999996929739e-01 7.835625098384e-04 2.097672939301e+00
