P0: -5.542562584220e+02 0.000000000000e+00 -9.600000000000e+02 -4.300964525370e+03 -4.408728476930e-14 5.542562584220e+02 -3.600000000000e+02 -1.612861697014e+03 -1.224646799147e-16 0.000000000000e+00 -1.000000000000e+00 -4.480171380594e+00
P1: -9.600000000000e+02 0.000000000000e+00 5.542562584220e+02 2.483127048160e+02 -3.600000000000e+02 5.542562584220e+02 2.204364238465e-14 -3.724765259210e+02 -1.000000000000e+00 0.000000000000e+00 6.123233995737e-17 -1.034657016447e+00
P2: 5.542562584220e+02 0.000000000000e+00 9.600000000000e+02 0.000000000000e+00 0.000000000000e+00 5.542562584220e+02 3.600000000000e+02 0.000000000000e+00 0.000000000000e+00 0.000000000000e+00 1.000000000000e+00 0.000000000000e+00
P3: 5.542562584220e+02 0.000000000000e+00 9.600000000000e+02 -4.434060864464e+02 0.000000000000e+00 5.542562584220e+02 3.600000000000e+02 0.000000000000e+00 0.000000000000e+00 0.000000000000e+00 1.000000000000e+00 0.000000000000e+00
P4: 9.600000000000e+02 0.000000000000e+00 -5.542562584220e+02 -2.234855078208e+03 3.600000000000e+02 5.542562584220e+02 2.204364238465e-14 -3.724767241485e+02 1.000000000000e+00 0.000000000000e+00 6.123233995737e-17 -1.034657567079e+00
P5: 5.542562584220e+02 9.600000000000e+02 5.878304635907e-14 2.399858642578e+04 0.000000000000e+00 9.600000000000e+02 -5.542562584220e+02 2.399858642578e+04 0.000000000000e+00 1.000000000000e+00 6.123233995737e-17 2.499852752686e+01
R0_rect: 1.000000000000e+00 0.000000000000e+00 0.000000000000e+00 0.000000000000e+00 1.000000000000e+00 0.000000000000e+00 0.000000000000e+00 0.000000000000e+00 1.000000000000e+00
Tr_velo_to_p2: 0.000000000000e+00 -1.000000000000e+00 0.000000000000e+00 -3.850071335105e-06 0.000000000000e+00 0.000000000000e+00 -1.000000000000e+00 -4.999997471674e-01 1.000000000000e+00 0.000000000000e+00 0.000000000000e+00 -2.240217034133e+00
imu_to_world: -1.845530391220e-02 -9.998296487777e-01 2.741944466235e-04 -5.434696960449e+01 9.997708614638e-01 -1.845719220917e-02 -1.084235323197e-02 7.450366210938e+01 1.084556708345e-02 7.403269408999e-05 9.999411823671e-01 5.377406999469e-02
p2_to_world: -9.998296487777e-01 -2.741944466235e-04 -1.845530391220e-02 -5.438775634766e+01 -1.845719220917e-02 1.084235323197e-02 9.997708614638e-01 7.672127532959e+01 7.403269408999e-05 -9.999411823671e-01 1.084556708345e-02 2.115741729736e+00
