P0: -5.542562584220e+02 0.000000000000e+00 -9.600000000000e+02 -4.301209591372e+03 -4.408728476930e-14 5.542562584220e+02 -3.600000000000e+02 -1.612953596764e+03 -1.224646799147e-16 0.000000000000e+00 -1.000000000000e+00 -4.480426657679e+00
P1: -9.600000000000e+02 0.000000000000e+00 5.542562584220e+02 2.483820872952e+02 -3.600000000000e+02 5.542562584220e+02 2.204364238465e-14 -3.724765786932e+02 -1.000000000000e+00 0.000000000000e+00 6.123233995737e-17 -1.034657163037e+00
P2: 5.542562584220e+02 0.000000000000e+00 9.600000000000e+02 0.000000000000e+00 0.000000000000e+00 5.542562584220e+02 3.600000000000e+02 0.000000000000e+00 0.000000000000e+00 0.000000000000e+00 1.000000000000e+00 0.000000000000e+00
P3: 5.542562584220e+02 0.000000000000e+00 9.600000000000e+02 -4.434054028383e+02 0.000000000000e+00 5.542562584220e+02 3.600000000000e+02 0.000000000000e+00 0.000000000000e+00 0.000000000000e+00 1.000000000000e+00 0.000000000000e+00
P4: 9.600000000000e+02 0.000000000000e+00 -5.542562584220e+02 -2.234922445637e+03 3.600000000000e+02 5.542562584220e+02 2.204364238465e-14 -3.724765852606e+02 1.000000000000e+00 0.000000000000e+00 6.123233995737e-17 -1.034657181280e+00
P5: 5.542562584220e+02 9.600000000000e+02 5.878304635907e-14 2.399993293762e+04 0.000000000000e+00 9.600000000000e+02 -5.542562584220e+02 2.399993293762e+04 0.000000000000e+00 1.000000000000e+00 6.123233995737e-17 2.499993014336e+01
R0_rect: 1.000000000000e+00 0.000000000000e+00 0.000000000000e+00 0.000000000000e+00 1.000000000000e+00 0.000000000000e+00 0.000000000000e+00 0.000000000000e+00 1.000000000000e+00
Tr_velo_to_p2: 0.000000000000e+00 -1.000000000000e+00 0.000000000000e+00 4.397793700029e-07 0.000000000000e+00 0.000000000000e+00 -1.000000000000e+00 -4.999997870158e-01 1.000000000000e+00 0.000000000000e+00 0.000000000000e+00 -2.240218787816e+00
imu_to_world: -1.784218231320e-02 -9.998408132983e-01 -6.777332982153e-05 -5.434352493286e+01 9.998380021774e-01 -1.784229286978e-02 2.371072961826e-03 7.428532409668e+01 -2.371904750141e-03 -2.545723462687e-05 9.999971867059e-01 5.949977785349e-02
p2_to_world: -9.998408132983e-01 6.777332982153e-05 -1.784218231320e-02 -5.438363265991e+01 -1.784229286978e-02 -2.371072961826e-03 9.998380021774e-01 7.653001403809e+01 -2.545723462687e-05 -9.999971867059e-01 -2.371904750141e-03 2.091971635818e+00
