P0: -5.542562584220e+02 0.000000000000e+00 -9.600000000000e+02 -4.300766044092e+03 -4.408728476930e-14 5.542562584220e+02 -3.600000000000e+02 -1.612787266535e+03 -1.224646799147e-16 0.000000000000e+00 -1.000000000000e+00 -4.479964629263e+00
P1: -9.600000000000e+02 0.000000000000e+00 5.542562584220e+02 2.482473409571e+02 -3.600000000000e+02 5.542562584220e+02 2.204364238465e-14 -3.724768855821e+02 -1.000000000000e+00 0.000000000000e+00 6.123233995737e-17 -1.034658015506e+00
P2: 5.542562584220e+02 0.000000000000e+00 9.600000000000e+02 0.000000000000e+00 0.000000000000e+00 5.542562584220e+02 3.600000000000e+02 0.000000000000e+00 0.000000000000e+00 0.000000000000e+00 1.000000000000e+00 0.000000000000e+00
P3: 5.542562584220e+02 0.000000000000e+00 9.600000000000e+02 -4.434045148602e+02 0.000000000000e+00 5.542562584220e+02 3.600000000000e+02 0.000000000000e+00 0.000000000000e+00 0.000000000000e+00 1.000000000000e+00 0.000000000000e+00
P4: 9.600000000000e+02 0.000000000000e+00 -5.542562584220e+02 -2.234803004150e+03 3.600000000000e+02 5.542562584220e+02 2.204364238465e-14 -3.724760174502e+02 1.000000000000e+00 0.000000000000e+00 6.123233995737e-17 -1.034655604028e+00
P5: 5.542562584220e+02 9.600000000000e+02 5.878304635907e-14 2.399744956970e+04 0.000000000000e+00 9.600000000000e+02 -5.542562584220e+02 2.399744956970e+04 0.000000000000e+00 1.000000000000e+00 6.123233995737e-17 2.499734330177e+01
R0_rect: 1.000000000000e+00 0.000000000000e+00 0.000000000000e+00 0.000000000000e+00 1.000000000000e+00 0.000000000000e+00 0.000000000000e+00 0.000000000000e+00 1.000000000000e+00
Tr_velo_to_p2: 0.000000000000e+00 -1.000000000000e+00 0.000000000000e+00 2.126612842700e-06 0.000000000000e+00 0.000000000000e+00 -1.000000000000e+00 -4.999999668969e-01 1.000000000000e+00 0.000000000000e+00 0.000000000000e+00 -2.240219040181e+00
imu_to_world: -2.911087511110e-02 -9.995753659652e-01 -1.282460835249e-03 -5.440294265747e+01 9.994702965717e-01 -2.912644201666e-02 1.451814886304e-02 7.667272949219e+01 -1.454933748406e-02 -8.591454929513e-04 9.998937836829e-01 6.476325541735e-02
p2_to_world: -9.995753659652e-01 1.282460835249e-03 -2.911087511110e-02 -5.447077178955e+01 -2.912644201666e-02 -1.451814886304e-02 9.994702965717e-01 7.894135284424e+01 -8.591454929513e-04 -9.998937836829e-01 -1.454933748406e-02 2.069743871689e+00
