P0: -5.542562584220e+02 0.000000000000e+00 -9.600000000000e+02 -4.301216559588e+03 -4.408728476930e-14 5.542562584220e+02 -3.600000000000e+02 -1.612956209845e+03 -1.224646799147e-16 0.000000000000e+00 -1.000000000000e+00 -4.480433916237e+00
P1: -9.600000000000e+02 0.000000000000e+00 5.542562584220e+02 2.483841302100e+02 -3.600000000000e+02 5.542562584220e+02 2.204364238465e-14 -3.724769656189e+02 -1.000000000000e+00 0.000000000000e+00 6.123233995737e-17 -1.034658237830e+00
P2: 5.542562584220e+02 0.000000000000e+00 9.600000000000e+02 0.000000000000e+00 0.000000000000e+00 5.542562584220e+02 3.600000000000e+02 0.000000000000e+00 0.000000000000e+00 0.000000000000e+00 1.000000000000e+00 0.000000000000e+00
P3: 5.542562584220e+02 0.000000000000e+00 9.600000000000e+02 -4.434069861497e+02 0.000000000000e+00 5.542562584220e+02 3.600000000000e+02 0.000000000000e+00 0.000000000000e+00 0.000000000000e+00 1.000000000000e+00 0.000000000000e+00
P4: 9.600000000000e+02 0.000000000000e+00 -5.542562584220e+02 -2.234929701986e+03 3.600000000000e+02 5.542562584220e+02 2.204364238465e-14 -3.724773656886e+02 1.000000000000e+00 0.000000000000e+00 6.123233995737e-17 -1.034659349135e+00
P5: 5.542562584220e+02 9.600000000000e+02 5.878304635907e-14 2.400000000000e+04 0.000000000000e+00 9.600000000000e+02 -5.542562584220e+02 2.400000000000e+04 0.000000000000e+00 1.000000000000e+00 6.123233995737e-17 2.500000000000e+01
R0_rect: 1.000000000000e+00 0.000000000000e+00 0.000000000000e+00 0.000000000000e+00 1.000000000000e+00 0.000000000000e+00 0.000000000000e+00 0.000000000000e+00 1.000000000000e+00
Tr_velo_to_p2: 0.000000000000e+00 -1.000000000000e+00 0.000000000000e+00 -9.562176088675e-07 0.000000000000e+00 0.000000000000e+00 -1.000000000000e+00 -4.999998188518e-01 1.000000000000e+00 0.000000000000e+00 0.000000000000e+00 -2.240213025852e+00
imu_to_world: -2.931773469871e-02 -9.995701428242e-01 -2.568290580712e-06 -5.440525436401e+01 9.995701428274e-01 -2.931773469800e-02 -3.138499385318e-07 7.671278381348e+01 2.384185660109e-07 -2.576387951817e-06 9.999999999967e-01 5.846839770675e-02
p2_to_world: -9.995701428242e-01 2.568290580712e-06 -2.931773469871e-02 -5.447093582153e+01 -2.931773469800e-02 3.138499385318e-07 9.995701428274e-01 7.895203399658e+01 -2.576387951817e-06 -9.999999999967e-01 2.384185660109e-07 2.096260070801e+00
