P0: -5.542562584220e+02 0.000000000000e+00 -9.600000000000e+02 -4.301207123758e+03 -4.408728476930e-14 5.542562584220e+02 -3.600000000000e+02 -1.612952671409e+03 -1.224646799147e-16 0.000000000000e+00 -1.000000000000e+00 -4.480424087248e+00
P1: -9.600000000000e+02 0.000000000000e+00 5.542562584220e+02 2.483796228021e+02 -3.600000000000e+02 5.542562584220e+02 2.204364238465e-14 -3.724762895645e+02 -1.000000000000e+00 0.000000000000e+00 6.123233995737e-17 -1.034656359901e+00
P2: 5.542562584220e+02 0.000000000000e+00 9.600000000000e+02 0.000000000000e+00 0.000000000000e+00 5.542562584220e+02 3.600000000000e+02 0.000000000000e+00 0.000000000000e+00 0.000000000000e+00 1.000000000000e+00 0.000000000000e+00
P3: 5.542562584220e+02 0.000000000000e+00 9.600000000000e+02 -4.434066283104e+02 0.000000000000e+00 5.542562584220e+02 3.600000000000e+02 0.000000000000e+00 0.000000000000e+00 0.000000000000e+00 1.000000000000e+00 0.000000000000e+00
P4: 9.600000000000e+02 0.000000000000e+00 -5.542562584220e+02 -2.234928205732e+03 3.600000000000e+02 5.542562584220e+02 2.204364238465e-14 -3.724780662364e+02 1.000000000000e+00 0.000000000000e+00 6.123233995737e-17 -1.034661295101e+00
P5: 5.542562584220e+02 9.600000000000e+02 5.878304635907e-14 2.399995033264e+04 0.000000000000e+00 9.600000000000e+02 -5.542562584220e+02 2.399995033264e+04 0.000000000000e+00 1.000000000000e+00 6.123233995737e-17 2.499994826317e+01
R0_rect: 1.000000000000e+00 0.000000000000e+00 0.000000000000e+00 0.000000000000e+00 1.000000000000e+00 0.000000000000e+00 0.000000000000e+00 0.000000000000e+00 1.000000000000e+00
Tr_velo_to_p2: 0.000000000000e+00 -1.000000000000e+00 0.000000000000e+00 3.940161987189e-06 0.000000000000e+00 0.000000000000e+00 -1.000000000000e+00 -4.999999981672e-01 1.000000000000e+00 0.000000000000e+00 0.000000000000e+00 -2.240215625932e+00
imu_to_world: -2.912707674830e-02 -9.995756983367e-01 -1.915587596980e-04 -5.440313339233e+01 9.995737571821e-01 -2.912739857528e-02 1.974488551880e-03 7.667718505859e+01 -1.979230381448e-03 -1.339660295632e-04 9.999980323482e-01 5.932926014066e-02
p2_to_world: -9.995756983367e-01 1.915587596980e-04 -2.912707674830e-02 -5.446877288818e+01 -2.912739857528e-02 -1.974488551880e-03 9.995737571821e-01 7.892047119141e+01 -1.339660295632e-04 -9.999980323482e-01 -1.979230381448e-03 2.092682123184e+00
