P0: -5.542562584220e+02 0.000000000000e+00 -9.600000000000e+02 -4.301216452223e+03 -4.408728476930e-14 5.542562584220e+02 -3.600000000000e+02 -1.612956169584e+03 -1.224646799147e-16 0.000000000000e+00 -1.000000000000e+00 -4.480433804399e+00
P1: -9.600000000000e+02 0.000000000000e+00 5.542562584220e+02 2.483873660256e+02 -3.600000000000e+02 5.542562584220e+02 2.204364238465e-14 -3.724757003074e+02 -1.000000000000e+00 0.000000000000e+00 6.123233995737e-17 -1.034654723076e+00
P2: 5.542562584220e+02 0.000000000000e+00 9.600000000000e+02 0.000000000000e+00 0.000000000000e+00 5.542562584220e+02 3.600000000000e+02 0.000000000000e+00 0.000000000000e+00 0.000000000000e+00 1.000000000000e+00 0.000000000000e+00
P3: 5.542562584220e+02 0.000000000000e+00 9.600000000000e+02 -4.434069861498e+02 0.000000000000e+00 5.542562584220e+02 3.600000000000e+02 0.000000000000e+00 0.000000000000e+00 0.000000000000e+00 1.000000000000e+00 0.000000000000e+00
P4: 9.600000000000e+02 0.000000000000e+00 -5.542562584220e+02 -2.234929491976e+03 3.600000000000e+02 5.542562584220e+02 2.204364238465e-14 -3.724772582994e+02 1.000000000000e+00 0.000000000000e+00 6.123233995737e-17 -1.034659050832e+00
P5: 5.542562584220e+02 9.600000000000e+02 5.878304635907e-14 2.399998374939e+04 0.000000000000e+00 9.600000000000e+02 -5.542562584220e+02 2.399998374939e+04 0.000000000000e+00 1.000000000000e+00 6.123233995737e-17 2.499998307228e+01
R0_rect: 1.000000000000e+00 0.000000000000e+00 0.000000000000e+00 0.000000000000e+00 1.000000000000e+00 0.000000000000e+00 0.000000000000e+00 0.000000000000e+00 1.000000000000e+00
Tr_velo_to_p2: 0.000000000000e+00 -1.000000000000e+00 0.000000000000e+00 -6.961640964955e-07 0.000000000000e+00 0.000000000000e+00 -1.000000000000e+00 -4.999995995803e-01 1.000000000000e+00 0.000000000000e+00 0.000000000000e+00 -2.240219322889e+00
imu_to_world: -2.931758447607e-02 -9.995701404811e-01 -1.161855836342e-04 -5.440517807007e+01 9.995695629707e-01 -2.931769281720e-02 1.077808144398e-03 7.671241760254e+01 -1.080751131558e-03 -8.453684173438e-05 9.999994124151e-01 5.893779546022e-02
p2_to_world: -9.995701404811e-01 1.161855836342e-04 -2.931758447607e-02 -5.447109222412e+01 -2.931769281720e-02 -1.077808144398e-03 9.995695629707e-01 7.895386505127e+01 -8.453684173438e-05 -9.999994124151e-01 -1.080751131558e-03 2.094306707382e+00
