P0: -5.542562584220e+02 0.000000000000e+00 -9.600000000000e+02 -4.301214764874e+03 -4.408728476930e-14 5.542562584220e+02 -3.600000000000e+02 -1.612955536828e+03 -1.224646799147e-16 0.000000000000e+00 -1.000000000000e+00 -4.480432046744e+00
P1: -9.600000000000e+02 0.000000000000e+00 5.542562584220e+02 2.483792884140e+02 -3.600000000000e+02 5.542562584220e+02 2.204364238465e-14 -3.724766957746e+02 -1.000000000000e+00 0.000000000000e+00 6.123233995737e-17 -1.034657488263e+00
P2: 5.542562584220e+02 0.000000000000e+00 9.600000000000e+02 0.000000000000e+00 0.000000000000e+00 5.542562584220e+02 3.600000000000e+02 0.000000000000e+00 0.000000000000e+00 0.000000000000e+00 1.000000000000e+00 0.000000000000e+00
P3: 5.542562584220e+02 0.000000000000e+00 9.600000000000e+02 -4.434045148863e+02 0.000000000000e+00 5.542562584220e+02 3.600000000000e+02 0.000000000000e+00 0.000000000000e+00 0.000000000000e+00 1.000000000000e+00 0.000000000000e+00
P4: 9.600000000000e+02 0.000000000000e+00 -5.542562584220e+02 -2.234922897872e+03 3.600000000000e+02 5.542562584220e+02 2.204364238465e-14 -3.724762873203e+02 1.000000000000e+00 0.000000000000e+00 6.123233995737e-17 -1.034656353668e+00
P5: 5.542562584220e+02 9.600000000000e+02 5.878304635907e-14 2.399999290466e+04 0.000000000000e+00 9.600000000000e+02 -5.542562584220e+02 2.399999290466e+04 0.000000000000e+00 1.000000000000e+00 6.123233995737e-17 2.499999260902e+01
R0_rect: 1.000000000000e+00 0.000000000000e+00 0.000000000000e+00 0.000000000000e+00 1.000000000000e+00 0.000000000000e+00 0.000000000000e+00 0.000000000000e+00 1.000000000000e+00
Tr_velo_to_p2: 0.000000000000e+00 -1.000000000000e+00 0.000000000000e+00 -2.552851813037e-06 0.000000000000e+00 0.000000000000e+00 -1.000000000000e+00 -4.999997245268e-01 1.000000000000e+00 0.000000000000e+00 0.000000000000e+00 -2.240215990851e+00
imu_to_world: -2.912832511069e-02 -9.995756797367e-01 3.398690639741e-05 -5.440320205688e+01 9.995754535559e-01 -2.912834138856e-02 -6.725893621820e-04 7.667811584473e+01 6.732939510990e-04 1.438107576952e-05 9.999997732342e-01 5.818156898022e-02
p2_to_world: -9.995756797367e-01 -3.398690639741e-05 -2.912832511069e-02 -5.446838760376e+01 -2.912834138856e-02 6.725893621820e-04 9.995754535559e-01 7.891600799561e+01 1.438107576952e-05 -9.999997732342e-01 6.732939510990e-04 2.097480535507e+00
