P0: -5.542562584220e+02 0.000000000000e+00 -9.600000000000e+02 -4.301217378990e+03 -4.408728476930e-14 5.542562584220e+02 -3.600000000000e+02 -1.612956517121e+03 -1.224646799147e-16 0.000000000000e+00 -1.000000000000e+00 -4.480434769782e+00
P1: -9.600000000000e+02 0.000000000000e+00 5.542562584220e+02 2.483789016063e+02 -3.600000000000e+02 5.542562584220e+02 2.204364238465e-14 -3.724783469424e+02 -1.000000000000e+00 0.000000000000e+00 6.123233995737e-17 -1.034662074840e+00
P2: 5.542562584220e+02 0.000000000000e+00 9.600000000000e+02 0.000000000000e+00 0.000000000000e+00 5.542562584220e+02 3.600000000000e+02 0.000000000000e+00 0.000000000000e+00 0.000000000000e+00 1.000000000000e+00 0.000000000000e+00
P3: 5.542562584220e+02 0.000000000000e+00 9.600000000000e+02 -4.434018230802e+02 0.000000000000e+00 5.542562584220e+02 3.600000000000e+02 0.000000000000e+00 0.000000000000e+00 0.000000000000e+00 1.000000000000e+00 0.000000000000e+00
P4: 9.600000000000e+02 0.000000000000e+00 -5.542562584220e+02 -2.234924955030e+03 3.600000000000e+02 5.542562584220e+02 2.204364238465e-14 -3.724763987986e+02 1.000000000000e+00 0.000000000000e+00 6.123233995737e-17 -1.034656663329e+00
P5: 5.542562584220e+02 9.600000000000e+02 5.878304635907e-14 2.399999748230e+04 0.000000000000e+00 9.600000000000e+02 -5.542562584220e+02 2.399999748230e+04 0.000000000000e+00 1.000000000000e+00 6.123233995737e-17 2.499999737740e+01
R0_rect: 1.000000000000e+00 0.000000000000e+00 0.000000000000e+00 0.000000000000e+00 1.000000000000e+00 0.000000000000e+00 0.000000000000e+00 0.000000000000e+00 1.000000000000e+00
Tr_velo_to_p2: 0.000000000000e+00 -1.000000000000e+00 0.000000000000e+00 -2.641806032239e-06 0.000000000000e+00 0.000000000000e+00 -1.000000000000e+00 -5.000000565059e-01 1.000000000000e+00 0.000000000000e+00 0.000000000000e+00 -2.240216057656e+00
imu_to_world: -1.895804062761e-02 -9.998202660788e-01 1.680286378683e-04 -5.437501907349e+01 9.998202518566e-01 -1.895799980705e-02 2.412897879635e-04 7.598930358887e+01 -2.380609331195e-04 1.725728166358e-04 9.999999567728e-01 5.857231095433e-02
p2_to_world: -9.998202660788e-01 -1.680286378683e-04 -1.895804062761e-02 -5.441714859009e+01 -1.895799980705e-02 -2.412897879635e-04 9.998202518566e-01 7.822960662842e+01 1.725728166358e-04 -9.999999567728e-01 -2.380609331195e-04 2.095829725266e+00
