P0: -5.542562584220e+02 0.000000000000e+00 -9.600000000000e+02 -4.301223046156e+03 -4.408728476930e-14 5.542562584220e+02 -3.600000000000e+02 -1.612958642309e+03 -1.224646799147e-16 0.000000000000e+00 -1.000000000000e+00 -4.480440673079e+00
P1: -9.600000000000e+02 0.000000000000e+00 5.542562584220e+02 2.483862937577e+02 -3.600000000000e+02 5.542562584220e+02 2.204364238465e-14 -3.724758506601e+02 -1.000000000000e+00 0.000000000000e+00 6.123233995737e-17 -1.034655140723e+00
P2: 5.542562584220e+02 0.000000000000e+00 9.600000000000e+02 0.000000000000e+00 0.000000000000e+00 5.542562584220e+02 3.600000000000e+02 0.000000000000e+00 0.000000000000e+00 0.000000000000e+00 1.000000000000e+00 0.000000000000e+00
P3: 5.542562584220e+02 0.000000000000e+00 9.600000000000e+02 -4.434068746970e+02 0.000000000000e+00 5.542562584220e+02 3.600000000000e+02 0.000000000000e+00 0.000000000000e+00 0.000000000000e+00 1.000000000000e+00 0.000000000000e+00
P4: 9.600000000000e+02 0.000000000000e+00 -5.542562584220e+02 -2.234929773018e+03 3.600000000000e+02 5.542562584220e+02 2.204364238465e-14 -3.724772924735e+02 1.000000000000e+00 0.000000000000e+00 6.123233995737e-17 -1.034659145760e+00
P5: 5.542562584220e+02 9.600000000000e+02 5.878304635907e-14 2.399999862671e+04 0.000000000000e+00 9.600000000000e+02 -5.542562584220e+02 2.399999862671e+04 0.000000000000e+00 1.000000000000e+00 6.123233995737e-17 2.499999856949e+01
R0_rect: 1.000000000000e+00 0.000000000000e+00 0.000000000000e+00 0.000000000000e+00 1.000000000000e+00 0.000000000000e+00 0.000000000000e+00 0.000000000000e+00 1.000000000000e+00
Tr_velo_to_p2: 0.000000000000e+00 -1.000000000000e+00 0.000000000000e+00 2.164104141912e-06 0.000000000000e+00 0.000000000000e+00 -1.000000000000e+00 -4.999998763419e-01 1.000000000000e+00 0.000000000000e+00 0.000000000000e+00 -2.240217771567e+00
imu_to_world: -2.913618467658e-02 -9.995754512503e-01 4.693842606374e-07 -5.440320205688e+01 9.995754503189e-01 -2.913618466970e-02 -4.315840569138e-05 7.667847442627e+01 4.315375891071e-05 -7.882862948717e-07 9.999999990686e-01 5.845024064183e-02
p2_to_world: -9.995754512503e-01 -4.693842606374e-07 -2.913618467658e-02 -5.446847152710e+01 -2.913618466970e-02 4.315840569138e-05 9.995754503189e-01 7.891765594482e+01 -7.882862948717e-07 -9.999999990686e-01 4.315375891071e-05 2.096337795258e+00
