P0: -5.542562584220e+02 0.000000000000e+00 -9.600000000000e+02 -4.301215511653e+03 -4.408728476930e-14 5.542562584220e+02 -3.600000000000e+02 -1.612955816870e+03 -1.224646799147e-16 0.000000000000e+00 -1.000000000000e+00 -4.480432824639e+00
P1: -9.600000000000e+02 0.000000000000e+00 5.542562584220e+02 2.483855399236e+02 -3.600000000000e+02 5.542562584220e+02 2.204364238465e-14 -3.724757666213e+02 -1.000000000000e+00 0.000000000000e+00 6.123233995737e-17 -1.034654907281e+00
P2: 5.542562584220e+02 0.000000000000e+00 9.600000000000e+02 0.000000000000e+00 0.000000000000e+00 5.542562584220e+02 3.600000000000e+02 0.000000000000e+00 0.000000000000e+00 0.000000000000e+00 1.000000000000e+00 0.000000000000e+00
P3: 5.542562584220e+02 0.000000000000e+00 9.600000000000e+02 -4.434067514911e+02 0.000000000000e+00 5.542562584220e+02 3.600000000000e+02 0.000000000000e+00 0.000000000000e+00 0.000000000000e+00 1.000000000000e+00 0.000000000000e+00
P4: 9.600000000000e+02 0.000000000000e+00 -5.542562584220e+02 -2.234926411620e+03 3.600000000000e+02 5.542562584220e+02 2.204364238465e-14 -3.724772964890e+02 1.000000000000e+00 0.000000000000e+00 6.123233995737e-17 -1.034659156914e+00
P5: 5.542562584220e+02 9.600000000000e+02 5.878304635907e-14 2.400000114441e+04 0.000000000000e+00 9.600000000000e+02 -5.542562584220e+02 2.400000114441e+04 0.000000000000e+00 1.000000000000e+00 6.123233995737e-17 2.500000119209e+01
R0_rect: 1.000000000000e+00 0.000000000000e+00 0.000000000000e+00 0.000000000000e+00 1.000000000000e+00 0.000000000000e+00 0.000000000000e+00 0.000000000000e+00 1.000000000000e+00
Tr_velo_to_p2: 0.000000000000e+00 -1.000000000000e+00 0.000000000000e+00 5.492743878598e-06 0.000000000000e+00 0.000000000000e+00 -1.000000000000e+00 -5.000001134962e-01 1.000000000000e+00 0.000000000000e+00 0.000000000000e+00 -2.240218829330e+00
imu_to_world: -2.913458744731e-02 -9.995754977685e-01 -8.669695975347e-06 -5.440318679810e+01 9.995754964978e-01 -2.913458785183e-02 5.090980696456e-05 7.667827606201e+01 -5.114078365694e-05 -7.182779436109e-06 9.999999986665e-01 5.849098041654e-02
p2_to_world: -9.995754977685e-01 8.669695975347e-06 -2.913458744731e-02 -5.446847152710e+01 -2.913458785183e-02 -5.090980696456e-05 9.995754964978e-01 7.891764831543e+01 -7.182779436109e-06 -9.999999986665e-01 -5.114078365694e-05 2.096167325974e+00
