P0: -5.542562584220e+02 0.000000000000e+00 -9.600000000000e+02 -4.301211489013e+03 -4.408728476930e-14 5.542562584220e+02 -3.600000000000e+02 -1.612954308380e+03 -1.224646799147e-16 0.000000000000e+00 -1.000000000000e+00 -4.480428634389e+00
P1: -9.600000000000e+02 0.000000000000e+00 5.542562584220e+02 2.483860217082e+02 -3.600000000000e+02 5.542562584220e+02 2.204364238465e-14 -3.724742496373e+02 -1.000000000000e+00 0.000000000000e+00 6.123233995737e-17 -1.034650693437e+00
P2: 5.542562584220e+02 0.000000000000e+00 9.600000000000e+02 0.000000000000e+00 0.000000000000e+00 5.542562584220e+02 3.600000000000e+02 0.000000000000e+00 0.000000000000e+00 0.000000000000e+00 1.000000000000e+00 0.000000000000e+00
P3: 5.542562584220e+02 0.000000000000e+00 9.600000000000e+02 -4.434069018619e+02 0.000000000000e+00 5.542562584220e+02 3.600000000000e+02 0.000000000000e+00 0.000000000000e+00 0.000000000000e+00 1.000000000000e+00 0.000000000000e+00
P4: 9.600000000000e+02 0.000000000000e+00 -5.542562584220e+02 -2.234924005571e+03 3.600000000000e+02 5.542562584220e+02 2.204364238465e-14 -3.724775283639e+02 1.000000000000e+00 0.000000000000e+00 6.123233995737e-17 -1.034659801011e+00
P5: 5.542562584220e+02 9.600000000000e+02 5.878304635907e-14 2.399995216370e+04 0.000000000000e+00 9.600000000000e+02 -5.542562584220e+02 2.399995216370e+04 0.000000000000e+00 1.000000000000e+00 6.123233995737e-17 2.499995017052e+01
R0_rect: 1.000000000000e+00 0.000000000000e+00 0.000000000000e+00 0.000000000000e+00 1.000000000000e+00 0.000000000000e+00 0.000000000000e+00 0.000000000000e+00 1.000000000000e+00
Tr_velo_to_p2: 0.000000000000e+00 -1.000000000000e+00 0.000000000000e+00 4.707162126551e-06 0.000000000000e+00 0.000000000000e+00 -1.000000000000e+00 -4.999998494324e-01 1.000000000000e+00 0.000000000000e+00 0.000000000000e+00 -2.240215747232e+00
imu_to_world: -2.354105960063e-02 -9.997226628336e-01 6.449262004417e-04 -5.439055633545e+01 9.997211010552e-01 -2.354222688486e-02 -1.866456064877e-03 7.645111846924e+01 1.881121426176e-03 6.008079777397e-04 9.999980502041e-01 5.765804275870e-02
p2_to_world: -9.997226628336e-01 -6.449262004417e-04 -2.354105960063e-02 -5.444197463989e+01 -2.354222688486e-02 1.866456064877e-03 9.997211010552e-01 7.868690490723e+01 6.008079777397e-04 -9.999980502041e-01 1.881121426176e-03 2.099659204483e+00
