P0: -5.542562584220e+02 0.000000000000e+00 -9.600000000000e+02 -4.301204881163e+03 -4.408728476930e-14 5.542562584220e+02 -3.600000000000e+02 -1.612951830436e+03 -1.224646799147e-16 0.000000000000e+00 -1.000000000000e+00 -4.480421751212e+00
P1: -9.600000000000e+02 0.000000000000e+00 5.542562584220e+02 2.483854799942e+02 -3.600000000000e+02 5.542562584220e+02 2.204364238465e-14 -3.724748761702e+02 -1.000000000000e+00 0.000000000000e+00 6.123233995737e-17 -1.034652433806e+00
P2: 5.542562584220e+02 0.000000000000e+00 9.600000000000e+02 0.000000000000e+00 0.000000000000e+00 5.542562584220e+02 3.600000000000e+02 0.000000000000e+00 0.000000000000e+00 0.000000000000e+00 1.000000000000e+00 0.000000000000e+00
P3: 5.542562584220e+02 0.000000000000e+00 9.600000000000e+02 -4.434058771437e+02 0.000000000000e+00 5.542562584220e+02 3.600000000000e+02 0.000000000000e+00 0.000000000000e+00 0.000000000000e+00 1.000000000000e+00 0.000000000000e+00
P4: 9.600000000000e+02 0.000000000000e+00 -5.542562584220e+02 -2.234924307628e+03 3.600000000000e+02 5.542562584220e+02 2.204364238465e-14 -3.724762878982e+02 1.000000000000e+00 0.000000000000e+00 6.123233995737e-17 -1.034656355273e+00
P5: 5.542562584220e+02 9.600000000000e+02 5.878304635907e-14 2.399993499756e+04 0.000000000000e+00 9.600000000000e+02 -5.542562584220e+02 2.399993499756e+04 0.000000000000e+00 1.000000000000e+00 6.123233995737e-17 2.499993228912e+01
R0_rect: 1.000000000000e+00 0.000000000000e+00 0.000000000000e+00 0.000000000000e+00 1.000000000000e+00 0.000000000000e+00 0.000000000000e+00 0.000000000000e+00 1.000000000000e+00
Tr_velo_to_p2: 0.000000000000e+00 -1.000000000000e+00 0.000000000000e+00 -9.412077571706e-07 0.000000000000e+00 0.000000000000e+00 -1.000000000000e+00 -5.000000576479e-01 1.000000000000e+00 0.000000000000e+00 0.000000000000e+00 -2.240217872611e+00
imu_to_world: -2.754660041706e-02 -9.996195901782e-01 1.363721928518e-03 -5.439999008179e+01 9.996187141164e-01 -2.754911847502e-02 -1.863453635937e-03 7.661698150635e+01 1.900314096847e-03 1.311870147893e-03 9.999973338980e-01 5.764590948820e-02
p2_to_world: -9.996195901782e-01 -1.363721928518e-03 -2.754660041706e-02 -5.445891952515e+01 -2.754911847502e-02 1.863453635937e-03 9.996187141164e-01 7.885254669189e+01 1.311870147893e-03 -9.999973338980e-01 1.900314096847e-03 2.099688529968e+00
