P0: -5.542562584220e+02 0.000000000000e+00 -9.600000000000e+02 -4.300582987053e+03 -4.408728476930e-14 5.542562584220e+02 -3.600000000000e+02 -1.612718620145e+03 -1.224646799147e-16 0.000000000000e+00 -1.000000000000e+00 -4.479773944847e+00
P1: -9.600000000000e+02 0.000000000000e+00 5.542562584220e+02 2.482043069178e+02 -3.600000000000e+02 5.542562584220e+02 2.204364238465e-14 -3.724751134127e+02 -1.000000000000e+00 0.000000000000e+00 6.123233995737e-17 -1.034653092813e+00
P2: 5.542562584220e+02 0.000000000000e+00 9.600000000000e+02 0.000000000000e+00 0.000000000000e+00 5.542562584220e+02 3.600000000000e+02 0.000000000000e+00 0.000000000000e+00 0.000000000000e+00 1.000000000000e+00 0.000000000000e+00
P3: 5.542562584220e+02 0.000000000000e+00 9.600000000000e+02 -4.434073017466e+02 0.000000000000e+00 5.542562584220e+02 3.600000000000e+02 0.000000000000e+00 0.000000000000e+00 0.000000000000e+00 1.000000000000e+00 0.000000000000e+00
P4: 9.600000000000e+02 0.000000000000e+00 -5.542562584220e+02 -2.234748064743e+03 3.600000000000e+02 5.542562584220e+02 2.204364238465e-14 -3.724771378371e+02 1.000000000000e+00 0.000000000000e+00 6.123233995737e-17 -1.034658716214e+00
P5: 5.542562584220e+02 9.600000000000e+02 5.878304635907e-14 2.399646972656e+04 0.000000000000e+00 9.600000000000e+02 -5.542562584220e+02 2.399646972656e+04 0.000000000000e+00 1.000000000000e+00 6.123233995737e-17 2.499632263184e+01
R0_rect: 1.000000000000e+00 0.000000000000e+00 0.000000000000e+00 0.000000000000e+00 1.000000000000e+00 0.000000000000e+00 0.000000000000e+00 0.000000000000e+00 1.000000000000e+00
Tr_velo_to_p2: 0.000000000000e+00 -1.000000000000e+00 0.000000000000e+00 3.054072031373e-06 0.000000000000e+00 0.000000000000e+00 -1.000000000000e+00 -5.000000023084e-01 1.000000000000e+00 0.000000000000e+00 0.000000000000e+00 -2.240219389895e+00
imu_to_world: -1.807415928955e-02 -9.998365496572e-01 -4.457977679239e-04 -5.435851287842e+01 9.996894827761e-01 -1.807914690603e-02 1.714883301903e-02 7.515084075928e+01 -1.715408967974e-02 -1.357086004227e-04 9.998528485684e-01 6.596328318119e-02
p2_to_world: -9.998365496572e-01 4.457977679239e-04 -1.807415928955e-02 -5.439990997314e+01 -1.807914690603e-02 -1.714883301903e-02 9.996894827761e-01 7.742530822754e+01 -1.357086004227e-04 -9.998528485684e-01 -1.715408967974e-02 2.065025329590e+00
