P0: -5.542562584220e+02 0.000000000000e+00 -9.600000000000e+02 -4.301199577762e+03 -4.408728476930e-14 5.542562584220e+02 -3.600000000000e+02 -1.612949841661e+03 -1.224646799147e-16 0.000000000000e+00 -1.000000000000e+00 -4.480416226835e+00
P1: -9.600000000000e+02 0.000000000000e+00 5.542562584220e+02 2.483773181906e+02 -3.600000000000e+02 5.542562584220e+02 2.204364238465e-14 -3.724771471933e+02 -1.000000000000e+00 0.000000000000e+00 6.123233995737e-17 -1.034658742204e+00
P2: 5.542562584220e+02 0.000000000000e+00 9.600000000000e+02 0.000000000000e+00 0.000000000000e+00 5.542562584220e+02 3.600000000000e+02 0.000000000000e+00 0.000000000000e+00 0.000000000000e+00 1.000000000000e+00 0.000000000000e+00
P3: 5.542562584220e+02 0.000000000000e+00 9.600000000000e+02 -4.434052642581e+02 0.000000000000e+00 5.542562584220e+02 3.600000000000e+02 0.000000000000e+00 0.000000000000e+00 0.000000000000e+00 1.000000000000e+00 0.000000000000e+00
P4: 9.600000000000e+02 0.000000000000e+00 -5.542562584220e+02 -2.234923687940e+03 3.600000000000e+02 5.542562584220e+02 2.204364238465e-14 -3.724779992201e+02 1.000000000000e+00 0.000000000000e+00 6.123233995737e-17 -1.034661108945e+00
P5: 5.542562584220e+02 9.600000000000e+02 5.878304635907e-14 2.399989562988e+04 0.000000000000e+00 9.600000000000e+02 -5.542562584220e+02 2.399989562988e+04 0.000000000000e+00 1.000000000000e+00 6.123233995737e-17 2.499989128113e+01
R0_rect: 1.000000000000e+00 0.000000000000e+00 0.000000000000e+00 0.000000000000e+00 1.000000000000e+00 0.000000000000e+00 0.000000000000e+00 0.000000000000e+00 1.000000000000e+00
Tr_velo_to_p2: 0.000000000000e+00 -1.000000000000e+00 0.000000000000e+00 5.254952089075e-07 0.000000000000e+00 0.000000000000e+00 -1.000000000000e+00 -5.000000289313e-01 1.000000000000e+00 0.000000000000e+00 0.000000000000e+00 -2.240223955361e+00
imu_to_world: -1.809218594821e-02 -9.998363210046e-01 6.330613347384e-05 -5.435854721069e+01 9.998320656348e-01 -1.809192410141e-02 2.919385344122e-03 7.515344238281e+01 -2.917762172300e-03 1.161135646988e-04 9.999957365817e-01 5.971370637417e-02
p2_to_world: -9.998363210046e-01 -6.330613347384e-05 -1.809218594821e-02 -5.439894866943e+01 -1.809192410141e-02 -2.919385344122e-03 9.998320656348e-01 7.739923858643e+01 1.161135646988e-04 -9.999957365817e-01 -2.917762172300e-03 2.090959548950e+00
