P0: -5.542562584220e+02 0.000000000000e+00 -9.600000000000e+02 -4.300928210715e+03 -4.408728476930e-14 5.542562584220e+02 -3.600000000000e+02 -1.612848079018e+03 -1.224646799147e-16 0.000000000000e+00 -1.000000000000e+00 -4.480133552828e+00
P1: -9.600000000000e+02 0.000000000000e+00 5.542562584220e+02 2.482992886237e+02 -3.600000000000e+02 5.542562584220e+02 2.204364238465e-14 -3.724770917619e+02 -1.000000000000e+00 0.000000000000e+00 6.123233995737e-17 -1.034658588227e+00
P2: 5.542562584220e+02 0.000000000000e+00 9.600000000000e+02 0.000000000000e+00 0.000000000000e+00 5.542562584220e+02 3.600000000000e+02 0.000000000000e+00 0.000000000000e+00 0.000000000000e+00 1.000000000000e+00 0.000000000000e+00
P3: 5.542562584220e+02 0.000000000000e+00 9.600000000000e+02 -4.434061081599e+02 0.000000000000e+00 5.542562584220e+02 3.600000000000e+02 0.000000000000e+00 0.000000000000e+00 0.000000000000e+00 1.000000000000e+00 0.000000000000e+00
P4: 9.600000000000e+02 0.000000000000e+00 -5.542562584220e+02 -2.234845565347e+03 3.600000000000e+02 5.542562584220e+02 2.204364238465e-14 -3.724765539402e+02 1.000000000000e+00 0.000000000000e+00 6.123233995737e-17 -1.034657094278e+00
P5: 5.542562584220e+02 9.600000000000e+02 5.878304635907e-14 2.399836372375e+04 0.000000000000e+00 9.600000000000e+02 -5.542562584220e+02 2.399836372375e+04 0.000000000000e+00 1.000000000000e+00 6.123233995737e-17 2.499829554558e+01
R0_rect: 1.000000000000e+00 0.000000000000e+00 0.000000000000e+00 0.000000000000e+00 1.000000000000e+00 0.000000000000e+00 0.000000000000e+00 0.000000000000e+00 1.000000000000e+00
Tr_velo_to_p2: 0.000000000000e+00 -1.000000000000e+00 0.000000000000e+00 -5.580933321473e-08 0.000000000000e+00 0.000000000000e+00 -1.000000000000e+00 -4.999999987093e-01 1.000000000000e+00 0.000000000000e+00 0.000000000000e+00 -2.240217847508e+00
imu_to_world: -1.817982911175e-02 -9.998346329338e-01 4.478834123558e-04 -5.435657119751e+01 9.997667577377e-01 -1.818381473916e-02 -1.165242482174e-02 7.504846191406e+01 1.165864212343e-02 2.359398550187e-04 9.999320078866e-01 5.338218435645e-02
p2_to_world: -9.998346329338e-01 -4.478834123558e-04 -1.817982911175e-02 -5.439638519287e+01 -1.818381473916e-02 1.165242482174e-02 9.997667577377e-01 7.726441955566e+01 2.359398550187e-04 -9.999320078866e-01 1.165864212343e-02 2.117152452469e+00
