P0: -5.542562584220e+02 0.000000000000e+00 -9.600000000000e+02 -4.301209760798e+03 -4.408728476930e-14 5.542562584220e+02 -3.600000000000e+02 -1.612953660299e+03 -1.224646799147e-16 0.000000000000e+00 -1.000000000000e+00 -4.480426834164e+00
P1: -9.600000000000e+02 0.000000000000e+00 5.542562584220e+02 2.483798255634e+02 -3.600000000000e+02 5.542562584220e+02 2.204364238465e-14 -3.724761126878e+02 -1.000000000000e+00 0.000000000000e+00 6.123233995737e-17 -1.034655868577e+00
P2: 5.542562584220e+02 0.000000000000e+00 9.600000000000e+02 0.000000000000e+00 0.000000000000e+00 5.542562584220e+02 3.600000000000e+02 0.000000000000e+00 0.000000000000e+00 0.000000000000e+00 1.000000000000e+00 0.000000000000e+00
P3: 5.542562584220e+02 0.000000000000e+00 9.600000000000e+02 -4.434052512677e+02 0.000000000000e+00 5.542562584220e+02 3.600000000000e+02 0.000000000000e+00 0.000000000000e+00 0.000000000000e+00 1.000000000000e+00 0.000000000000e+00
P4: 9.600000000000e+02 0.000000000000e+00 -5.542562584220e+02 -2.234920156406e+03 3.600000000000e+02 5.542562584220e+02 2.204364238465e-14 -3.724759614200e+02 1.000000000000e+00 0.000000000000e+00 6.123233995737e-17 -1.034655448389e+00
P5: 5.542562584220e+02 9.600000000000e+02 5.878304635907e-14 2.399993476868e+04 0.000000000000e+00 9.600000000000e+02 -5.542562584220e+02 2.399993476868e+04 0.000000000000e+00 1.000000000000e+00 6.123233995737e-17 2.499993205070e+01
R0_rect: 1.000000000000e+00 0.000000000000e+00 0.000000000000e+00 0.000000000000e+00 1.000000000000e+00 0.000000000000e+00 0.000000000000e+00 0.000000000000e+00 1.000000000000e+00
Tr_velo_to_p2: 0.000000000000e+00 -1.000000000000e+00 0.000000000000e+00 -5.179538901035e-07 0.000000000000e+00 0.000000000000e+00 -1.000000000000e+00 -4.999999444276e-01 1.000000000000e+00 0.000000000000e+00 0.000000000000e+00 -2.240211401172e+00
imu_to_world: -1.886466199935e-02 -9.998220447668e-01 -5.767065479368e-05 -5.434192276001e+01 9.998192861552e-01 -1.886474542524e-02 2.348704336059e-03 7.422045135498e+01 -2.349374314052e-03 -1.335271947177e-05 9.999972401272e-01 5.949142202735e-02
p2_to_world: -9.998220447668e-01 5.767065479368e-05 -1.886466199935e-02 -5.438430023193e+01 -1.886474542524e-02 -2.348704336059e-03 9.998192861552e-01 7.646504974365e+01 -1.335271947177e-05 -9.999972401272e-01 -2.349374314052e-03 2.092013597488e+00
