P0: -5.542562584220e+02 0.000000000000e+00 -9.600000000000e+02 -4.300768636815e+03 -4.408728476930e-14 5.542562584220e+02 -3.600000000000e+02 -1.612788238806e+03 -1.224646799147e-16 0.000000000000e+00 -1.000000000000e+00 -4.479967330015e+00
P1: -9.600000000000e+02 0.000000000000e+00 5.542562584220e+02 2.482458887293e+02 -3.600000000000e+02 5.542562584220e+02 2.204364238465e-14 -3.724778888921e+02 -1.000000000000e+00 0.000000000000e+00 6.123233995737e-17 -1.034660802478e+00
P2: 5.542562584220e+02 0.000000000000e+00 9.600000000000e+02 0.000000000000e+00 0.000000000000e+00 5.542562584220e+02 3.600000000000e+02 0.000000000000e+00 0.000000000000e+00 0.000000000000e+00 1.000000000000e+00 0.000000000000e+00
P3: 5.542562584220e+02 0.000000000000e+00 9.600000000000e+02 -4.434039942338e+02 0.000000000000e+00 5.542562584220e+02 3.600000000000e+02 0.000000000000e+00 0.000000000000e+00 0.000000000000e+00 1.000000000000e+00 0.000000000000e+00
P4: 9.600000000000e+02 0.000000000000e+00 -5.542562584220e+02 -2.234794966019e+03 3.600000000000e+02 5.542562584220e+02 2.204364238465e-14 -3.724760566484e+02 1.000000000000e+00 0.000000000000e+00 6.123233995737e-17 -1.034655712912e+00
P5: 5.542562584220e+02 9.600000000000e+02 5.878304635907e-14 2.399748252869e+04 0.000000000000e+00 9.600000000000e+02 -5.542562584220e+02 2.399748252869e+04 0.000000000000e+00 1.000000000000e+00 6.123233995737e-17 2.499737763405e+01
R0_rect: 1.000000000000e+00 0.000000000000e+00 0.000000000000e+00 0.000000000000e+00 1.000000000000e+00 0.000000000000e+00 0.000000000000e+00 0.000000000000e+00 1.000000000000e+00
Tr_velo_to_p2: 0.000000000000e+00 -1.000000000000e+00 0.000000000000e+00 -1.943065766259e-07 0.000000000000e+00 0.000000000000e+00 -1.000000000000e+00 -5.000001958532e-01 1.000000000000e+00 0.000000000000e+00 0.000000000000e+00 -2.240211896877e+00
imu_to_world: -1.819952728637e-02 -9.998342765295e-01 4.434898214458e-04 -5.435289764404e+01 9.997295691159e-01 -1.820404002315e-02 -1.447071394837e-02 7.484808349609e+01 1.447638911790e-02 1.800097347447e-04 9.998951953853e-01 5.217880010605e-02
p2_to_world: -9.998342765295e-01 -4.434898214458e-04 -1.819952728637e-02 -5.439276885986e+01 -1.820404002315e-02 1.447071394837e-02 9.997295691159e-01 7.705820465088e+01 1.800097347447e-04 -9.998951953853e-01 1.447638911790e-02 2.122186422348e+00
