P0: -5.542562584220e+02 0.000000000000e+00 -9.600000000000e+02 -4.301218876347e+03 -4.408728476930e-14 5.542562584220e+02 -3.600000000000e+02 -1.612957078630e+03 -1.224646799147e-16 0.000000000000e+00 -1.000000000000e+00 -4.480436329528e+00
P1: -9.600000000000e+02 0.000000000000e+00 5.542562584220e+02 2.483816655245e+02 -3.600000000000e+02 5.542562584220e+02 2.204364238465e-14 -3.724778664113e+02 -1.000000000000e+00 0.000000000000e+00 6.123233995737e-17 -1.034660740032e+00
P2: 5.542562584220e+02 0.000000000000e+00 9.600000000000e+02 0.000000000000e+00 0.000000000000e+00 5.542562584220e+02 3.600000000000e+02 0.000000000000e+00 0.000000000000e+00 0.000000000000e+00 1.000000000000e+00 0.000000000000e+00
P3: 5.542562584220e+02 0.000000000000e+00 9.600000000000e+02 -4.434031909335e+02 0.000000000000e+00 5.542562584220e+02 3.600000000000e+02 0.000000000000e+00 0.000000000000e+00 0.000000000000e+00 1.000000000000e+00 0.000000000000e+00
P4: 9.600000000000e+02 0.000000000000e+00 -5.542562584220e+02 -2.234920007716e+03 3.600000000000e+02 5.542562584220e+02 2.204364238465e-14 -3.724747755802e+02 1.000000000000e+00 0.000000000000e+00 6.123233995737e-17 -1.034652154389e+00
P5: 5.542562584220e+02 9.600000000000e+02 5.878304635907e-14 2.399999885559e+04 0.000000000000e+00 9.600000000000e+02 -5.542562584220e+02 2.399999885559e+04 0.000000000000e+00 1.000000000000e+00 6.123233995737e-17 2.499999880791e+01
R0_rect: 1.000000000000e+00 0.000000000000e+00 0.000000000000e+00 0.000000000000e+00 1.000000000000e+00 0.000000000000e+00 0.000000000000e+00 0.000000000000e+00 1.000000000000e+00
Tr_velo_to_p2: 0.000000000000e+00 -1.000000000000e+00 0.000000000000e+00 -5.887453066539e-07 0.000000000000e+00 0.000000000000e+00 -1.000000000000e+00 -4.999999204141e-01 1.000000000000e+00 0.000000000000e+00 0.000000000000e+00 -2.240223904730e+00
imu_to_world: -1.861335549812e-02 -9.998267557475e-01 -3.858051256531e-05 -5.434281158447e+01 9.998267402880e-01 -1.861336212973e-02 1.793189748839e-04 7.426254272461e+01 -1.800060219537e-04 -3.523610028974e-05 9.999999831781e-01 5.854545533657e-02
p2_to_world: -9.998267557475e-01 3.858051256531e-05 -1.861335549812e-02 -5.438459014893e+01 -1.861336212973e-02 -1.793189748839e-04 9.998267402880e-01 7.650273895264e+01 -3.523610028974e-05 -9.999999831781e-01 -1.800060219537e-04 2.095933198929e+00
