P0: -5.542562584220e+02 0.000000000000e+00 -9.600000000000e+02 -4.301224817967e+03 -4.408728476930e-14 5.542562584220e+02 -3.600000000000e+02 -1.612959306738e+03 -1.224646799147e-16 0.000000000000e+00 -1.000000000000e+00 -4.480442518715e+00
P1: -9.600000000000e+02 0.000000000000e+00 5.542562584220e+02 2.483905484398e+02 -3.600000000000e+02 5.542562584220e+02 2.204364238465e-14 -3.724755537402e+02 -1.000000000000e+00 0.000000000000e+00 6.123233995737e-17 -1.034654315945e+00
P2: 5.542562584220e+02 0.000000000000e+00 9.600000000000e+02 0.000000000000e+00 0.000000000000e+00 5.542562584220e+02 3.600000000000e+02 0.000000000000e+00 0.000000000000e+00 0.000000000000e+00 1.000000000000e+00 0.000000000000e+00
P3: 5.542562584220e+02 0.000000000000e+00 9.600000000000e+02 -4.434078661508e+02 0.000000000000e+00 5.542562584220e+02 3.600000000000e+02 0.000000000000e+00 0.000000000000e+00 0.000000000000e+00 1.000000000000e+00 0.000000000000e+00
P4: 9.600000000000e+02 0.000000000000e+00 -5.542562584220e+02 -2.234930140632e+03 3.600000000000e+02 5.542562584220e+02 2.204364238465e-14 -3.724783377978e+02 1.000000000000e+00 0.000000000000e+00 6.123233995737e-17 -1.034662049438e+00
P5: 5.542562584220e+02 9.600000000000e+02 5.878304635907e-14 2.399998855591e+04 0.000000000000e+00 9.600000000000e+02 -5.542562584220e+02 2.399998855591e+04 0.000000000000e+00 1.000000000000e+00 6.123233995737e-17 2.499998807907e+01
R0_rect: 1.000000000000e+00 0.000000000000e+00 0.000000000000e+00 0.000000000000e+00 1.000000000000e+00 0.000000000000e+00 0.000000000000e+00 0.000000000000e+00 1.000000000000e+00
Tr_velo_to_p2: 0.000000000000e+00 -1.000000000000e+00 0.000000000000e+00 7.846974421154e-07 0.000000000000e+00 0.000000000000e+00 -1.000000000000e+00 -5.000002100238e-01 1.000000000000e+00 0.000000000000e+00 0.000000000000e+00 -2.240222238225e+00
imu_to_world: -1.966590361955e-02 -9.998065790971e-01 2.379684166174e-04 -5.437890625000e+01 9.998062580885e-01 -1.966609515660e-02 -8.312570575451e-04 7.614231109619e+01 8.357761845800e-04 2.215748909848e-04 9.999996261913e-01 5.811446905136e-02
p2_to_world: -9.998065790971e-01 -2.379684166174e-04 -1.966590361955e-02 -5.442247390747e+01 -1.966609515660e-02 8.312570575451e-04 9.998062580885e-01 7.838040161133e+01 2.215748909848e-04 -9.999996261913e-01 8.357761845800e-04 2.097776889801e+00
