P0: -5.542562584220e+02 0.000000000000e+00 -9.600000000000e+02 -4.300619088735e+03 -4.408728476930e-14 5.542562584220e+02 -3.600000000000e+02 -1.612732158276e+03 -1.224646799147e-16 0.000000000000e+00 -1.000000000000e+00 -4.479811550765e+00
P1: -9.600000000000e+02 0.000000000000e+00 5.542562584220e+02 2.482075713752e+02 -3.600000000000e+02 5.542562584220e+02 2.204364238465e-14 -3.724753924459e+02 -1.000000000000e+00 0.000000000000e+00 6.123233995737e-17 -1.034653867905e+00
P2: 5.542562584220e+02 0.000000000000e+00 9.600000000000e+02 0.000000000000e+00 0.000000000000e+00 5.542562584220e+02 3.600000000000e+02 0.000000000000e+00 0.000000000000e+00 0.000000000000e+00 1.000000000000e+00 0.000000000000e+00
P3: 5.542562584220e+02 0.000000000000e+00 9.600000000000e+02 -4.434067513743e+02 0.000000000000e+00 5.542562584220e+02 3.600000000000e+02 0.000000000000e+00 0.000000000000e+00 0.000000000000e+00 1.000000000000e+00 0.000000000000e+00
P4: 9.600000000000e+02 0.000000000000e+00 -5.542562584220e+02 -2.234765830796e+03 3.600000000000e+02 5.542562584220e+02 2.204364238465e-14 -3.724775105630e+02 1.000000000000e+00 0.000000000000e+00 6.123233995737e-17 -1.034659751564e+00
P5: 5.542562584220e+02 9.600000000000e+02 5.878304635907e-14 2.399663085938e+04 0.000000000000e+00 9.600000000000e+02 -5.542562584220e+02 2.399663085938e+04 0.000000000000e+00 1.000000000000e+00 6.123233995737e-17 2.499649047852e+01
R0_rect: 1.000000000000e+00 0.000000000000e+00 0.000000000000e+00 0.000000000000e+00 1.000000000000e+00 0.000000000000e+00 0.000000000000e+00 0.000000000000e+00 1.000000000000e+00
Tr_velo_to_p2: 0.000000000000e+00 -1.000000000000e+00 0.000000000000e+00 3.384661206767e-07 0.000000000000e+00 0.000000000000e+00 -1.000000000000e+00 -4.999998204445e-01 1.000000000000e+00 0.000000000000e+00 0.000000000000e+00 -2.240215122841e+00
imu_to_world: -2.910762133318e-02 -9.995752909824e-01 -1.408558733262e-03 -5.440291213989e+01 9.994363256345e-01 -2.912709717494e-02 1.669260951523e-02 7.667195129395e+01 -1.672654724054e-02 -9.218826079794e-04 9.998596765296e-01 6.575431674719e-02
p2_to_world: -9.995752909824e-01 1.408558733262e-03 -2.910762133318e-02 -5.447098922729e+01 -2.912709717494e-02 -1.669260951523e-02 9.994363256345e-01 7.894492340088e+01 -9.218826079794e-04 -9.998596765296e-01 -1.672654724054e-02 2.065788269043e+00
