P0: -5.542562584220e+02 0.000000000000e+00 -9.600000000000e+02 -4.301223259558e+03 -4.408728476930e-14 5.542562584220e+02 -3.600000000000e+02 -1.612958722334e+03 -1.224646799147e-16 0.000000000000e+00 -1.000000000000e+00 -4.480440895373e+00
P1: -9.600000000000e+02 0.000000000000e+00 5.542562584220e+02 2.483798213209e+02 -3.600000000000e+02 5.542562584220e+02 2.204364238465e-14 -3.724783812978e+02 -1.000000000000e+00 0.000000000000e+00 6.123233995737e-17 -1.034662170272e+00
P2: 5.542562584220e+02 0.000000000000e+00 9.600000000000e+02 0.000000000000e+00 0.000000000000e+00 5.542562584220e+02 3.600000000000e+02 0.000000000000e+00 0.000000000000e+00 0.000000000000e+00 1.000000000000e+00 0.000000000000e+00
P3: 5.542562584220e+02 0.000000000000e+00 9.600000000000e+02 -4.434025246460e+02 0.000000000000e+00 5.542562584220e+02 3.600000000000e+02 0.000000000000e+00 0.000000000000e+00 0.000000000000e+00 1.000000000000e+00 0.000000000000e+00
P4: 9.600000000000e+02 0.000000000000e+00 -5.542562584220e+02 -2.234926594086e+03 3.600000000000e+02 5.542562584220e+02 2.204364238465e-14 -3.724761345441e+02 1.000000000000e+00 0.000000000000e+00 6.123233995737e-17 -1.034655929289e+00
P5: 5.542562584220e+02 9.600000000000e+02 5.878304635907e-14 2.399999794006e+04 0.000000000000e+00 9.600000000000e+02 -5.542562584220e+02 2.399999794006e+04 0.000000000000e+00 1.000000000000e+00 6.123233995737e-17 2.499999785423e+01
R0_rect: 1.000000000000e+00 0.000000000000e+00 0.000000000000e+00 0.000000000000e+00 1.000000000000e+00 0.000000000000e+00 0.000000000000e+00 0.000000000000e+00 1.000000000000e+00
Tr_velo_to_p2: 0.000000000000e+00 -1.000000000000e+00 0.000000000000e+00 -3.457103502013e-06 0.000000000000e+00 0.000000000000e+00 -1.000000000000e+00 -4.999994963315e-01 1.000000000000e+00 0.000000000000e+00 0.000000000000e+00 -2.240219746060e+00
imu_to_world: -2.913645088699e-02 -9.995754434808e-01 -4.446666039731e-06 -5.440320205688e+01 9.995754428120e-01 -2.913645103085e-02 3.672169804740e-05 7.667842864990e+01 -3.683566767842e-05 -3.374838224056e-06 9.999999993159e-01 5.848480015993e-02
p2_to_world: -9.995754434808e-01 4.446666039731e-06 -2.913645088699e-02 -5.446848678589e+01 -2.913645103085e-02 -3.672169804740e-05 9.995754428120e-01 7.891777038574e+01 -3.374838224056e-06 -9.999999993159e-01 -3.683566767842e-05 2.096193552017e+00
