P0: -5.542562584220e+02 0.000000000000e+00 -9.600000000000e+02 -4.301188434560e+03 -4.408728476930e-14 5.542562584220e+02 -3.600000000000e+02 -1.612945662960e+03 -1.224646799147e-16 0.000000000000e+00 -1.000000000000e+00 -4.480404619334e+00
P1: -9.600000000000e+02 0.000000000000e+00 5.542562584220e+02 2.483781541664e+02 -3.600000000000e+02 5.542562584220e+02 2.204364238465e-14 -3.724763876958e+02 -1.000000000000e+00 0.000000000000e+00 6.123233995737e-17 -1.034656632488e+00
P2: 5.542562584220e+02 0.000000000000e+00 9.600000000000e+02 0.000000000000e+00 0.000000000000e+00 5.542562584220e+02 3.600000000000e+02 0.000000000000e+00 0.000000000000e+00 0.000000000000e+00 1.000000000000e+00 0.000000000000e+00
P3: 5.542562584220e+02 0.000000000000e+00 9.600000000000e+02 -4.434040172027e+02 0.000000000000e+00 5.542562584220e+02 3.600000000000e+02 0.000000000000e+00 0.000000000000e+00 0.000000000000e+00 1.000000000000e+00 0.000000000000e+00
P4: 9.600000000000e+02 0.000000000000e+00 -5.542562584220e+02 -2.234920065830e+03 3.600000000000e+02 5.542562584220e+02 2.204364238465e-14 -3.724770370760e+02 1.000000000000e+00 0.000000000000e+00 6.123233995737e-17 -1.034658436322e+00
P5: 5.542562584220e+02 9.600000000000e+02 5.878304635907e-14 2.399981117249e+04 0.000000000000e+00 9.600000000000e+02 -5.542562584220e+02 2.399981117249e+04 0.000000000000e+00 1.000000000000e+00 6.123233995737e-17 2.499980330467e+01
R0_rect: 1.000000000000e+00 0.000000000000e+00 0.000000000000e+00 0.000000000000e+00 1.000000000000e+00 0.000000000000e+00 0.000000000000e+00 0.000000000000e+00 1.000000000000e+00
Tr_velo_to_p2: 0.000000000000e+00 -1.000000000000e+00 0.000000000000e+00 -1.490220905596e-06 0.000000000000e+00 0.000000000000e+00 -1.000000000000e+00 -4.999999192048e-01 1.000000000000e+00 0.000000000000e+00 0.000000000000e+00 -2.240226265992e+00
imu_to_world: -1.896215120554e-02 -9.998201972220e-01 -1.002429317564e-04 -5.434198760986e+01 9.998122771509e-01 -1.896240000338e-02 3.979678928544e-03 7.422453308105e+01 -3.980864217787e-03 -2.476084027508e-05 9.999920760221e-01 6.019950658083e-02
p2_to_world: -9.998201972220e-01 1.002429317564e-04 -1.896215120554e-02 -5.438467025757e+01 -1.896240000338e-02 -3.979678928544e-03 9.998122771509e-01 7.647244262695e+01 -2.476084027508e-05 -9.999920760221e-01 -3.980864217787e-03 2.089056253433e+00
