P0: -5.542562584220e+02 0.000000000000e+00 -9.600000000000e+02 -4.301162055870e+03 -4.408728476930e-14 5.542562584220e+02 -3.600000000000e+02 -1.612935770951e+03 -1.224646799147e-16 0.000000000000e+00 -1.000000000000e+00 -4.480377141531e+00
P1: -9.600000000000e+02 0.000000000000e+00 5.542562584220e+02 2.483657178588e+02 -3.600000000000e+02 5.542562584220e+02 2.204364238465e-14 -3.724772270363e+02 -1.000000000000e+00 0.000000000000e+00 6.123233995737e-17 -1.034658963990e+00
P2: 5.542562584220e+02 0.000000000000e+00 9.600000000000e+02 0.000000000000e+00 0.000000000000e+00 5.542562584220e+02 3.600000000000e+02 0.000000000000e+00 0.000000000000e+00 0.000000000000e+00 1.000000000000e+00 0.000000000000e+00
P3: 5.542562584220e+02 0.000000000000e+00 9.600000000000e+02 -4.434049006821e+02 0.000000000000e+00 5.542562584220e+02 3.600000000000e+02 0.000000000000e+00 0.000000000000e+00 0.000000000000e+00 1.000000000000e+00 0.000000000000e+00
P4: 9.600000000000e+02 0.000000000000e+00 -5.542562584220e+02 -2.234910742469e+03 3.600000000000e+02 5.542562584220e+02 2.204364238465e-14 -3.724770119944e+02 1.000000000000e+00 0.000000000000e+00 6.123233995737e-17 -1.034658366651e+00
P5: 5.542562584220e+02 9.600000000000e+02 5.878304635907e-14 2.399969032288e+04 0.000000000000e+00 9.600000000000e+02 -5.542562584220e+02 2.399969032288e+04 0.000000000000e+00 1.000000000000e+00 6.123233995737e-17 2.499967741966e+01
R0_rect: 1.000000000000e+00 0.000000000000e+00 0.000000000000e+00 0.000000000000e+00 1.000000000000e+00 0.000000000000e+00 0.000000000000e+00 0.000000000000e+00 1.000000000000e+00
Tr_velo_to_p2: 0.000000000000e+00 -1.000000000000e+00 0.000000000000e+00 -6.391570556021e-08 0.000000000000e+00 0.000000000000e+00 -1.000000000000e+00 -5.000000737131e-01 1.000000000000e+00 0.000000000000e+00 0.000000000000e+00 -2.240223239861e+00
imu_to_world: -1.750490388494e-02 -9.998467668852e-01 1.452214549928e-04 -5.434119415283e+01 9.998339171427e-01 -1.750541521189e-02 -5.069375638345e-03 7.414285278320e+01 5.071141003993e-03 5.645840289276e-05 9.999871400880e-01 5.625987797976e-02
p2_to_world: -9.998467668852e-01 -1.452214549928e-04 -1.750490388494e-02 -5.438011550903e+01 -1.750541521189e-02 5.069375638345e-03 9.998339171427e-01 7.637236785889e+01 5.645840289276e-05 -9.999871400880e-01 5.071141003993e-03 2.105385065079e+00
