P0: -5.542562584220e+02 0.000000000000e+00 -9.600000000000e+02 -4.301119554683e+03 -4.408728476930e-14 5.542562584220e+02 -3.600000000000e+02 -1.612919833006e+03 -1.224646799147e-16 0.000000000000e+00 -1.000000000000e+00 -4.480332869461e+00
P1: -9.600000000000e+02 0.000000000000e+00 5.542562584220e+02 2.483558869190e+02 -3.600000000000e+02 5.542562584220e+02 2.204364238465e-14 -3.724772461168e+02 -1.000000000000e+00 0.000000000000e+00 6.123233995737e-17 -1.034659016991e+00
P2: 5.542562584220e+02 0.000000000000e+00 9.600000000000e+02 0.000000000000e+00 0.000000000000e+00 5.542562584220e+02 3.600000000000e+02 0.000000000000e+00 0.000000000000e+00 0.000000000000e+00 1.000000000000e+00 0.000000000000e+00
P3: 5.542562584220e+02 0.000000000000e+00 9.600000000000e+02 -4.434053407792e+02 0.000000000000e+00 5.542562584220e+02 3.600000000000e+02 0.000000000000e+00 0.000000000000e+00 0.000000000000e+00 1.000000000000e+00 0.000000000000e+00
P4: 9.600000000000e+02 0.000000000000e+00 -5.542562584220e+02 -2.234902883289e+03 3.600000000000e+02 5.542562584220e+02 2.204364238465e-14 -3.724779996975e+02 1.000000000000e+00 0.000000000000e+00 6.123233995737e-17 -1.034661110271e+00
P5: 5.542562584220e+02 9.600000000000e+02 5.878304635907e-14 2.399943260193e+04 0.000000000000e+00 9.600000000000e+02 -5.542562584220e+02 2.399943260193e+04 0.000000000000e+00 1.000000000000e+00 6.123233995737e-17 2.499940896034e+01
R0_rect: 1.000000000000e+00 0.000000000000e+00 0.000000000000e+00 0.000000000000e+00 1.000000000000e+00 0.000000000000e+00 0.000000000000e+00 0.000000000000e+00 1.000000000000e+00
Tr_velo_to_p2: 0.000000000000e+00 -1.000000000000e+00 0.000000000000e+00 -1.519281555955e-06 0.000000000000e+00 0.000000000000e+00 -1.000000000000e+00 -5.000001606821e-01 1.000000000000e+00 0.000000000000e+00 0.000000000000e+00 -2.240219773331e+00
imu_to_world: -1.809889188646e-02 -9.998361592614e-01 -2.911114500988e-04 -5.435871505737e+01 9.998125893734e-01 -1.810046469434e-02 6.867263527221e-03 7.516148376465e+01 -6.871407642217e-03 -1.667670325845e-04 9.999763776939e-01 6.142505630851e-02
p2_to_world: -9.998361592614e-01 2.911114500988e-04 -1.809889188646e-02 -5.439985275269e+01 -1.810046469434e-02 -6.867263527221e-03 9.998125893734e-01 7.741528320312e+01 -1.667670325845e-04 -9.999763776939e-01 -6.871407642217e-03 2.083774328232e+00
