P0: -5.542562584220e+02 0.000000000000e+00 -9.600000000000e+02 -4.301209396581e+03 -4.408728476930e-14 5.542562584220e+02 -3.600000000000e+02 -1.612953523718e+03 -1.224646799147e-16 0.000000000000e+00 -1.000000000000e+00 -4.480426454771e+00
P1: -9.600000000000e+02 0.000000000000e+00 5.542562584220e+02 2.483792012794e+02 -3.600000000000e+02 5.542562584220e+02 2.204364238465e-14 -3.724773112446e+02 -1.000000000000e+00 0.000000000000e+00 6.123233995737e-17 -1.034659197902e+00
P2: 5.542562584220e+02 0.000000000000e+00 9.600000000000e+02 0.000000000000e+00 0.000000000000e+00 5.542562584220e+02 3.600000000000e+02 0.000000000000e+00 0.000000000000e+00 0.000000000000e+00 1.000000000000e+00 0.000000000000e+00
P3: 5.542562584220e+02 0.000000000000e+00 9.600000000000e+02 -4.434009691845e+02 0.000000000000e+00 5.542562584220e+02 3.600000000000e+02 0.000000000000e+00 0.000000000000e+00 0.000000000000e+00 1.000000000000e+00 0.000000000000e+00
P4: 9.600000000000e+02 0.000000000000e+00 -5.542562584220e+02 -2.234918396541e+03 3.600000000000e+02 5.542562584220e+02 2.204364238465e-14 -3.724747593183e+02 1.000000000000e+00 0.000000000000e+00 6.123233995737e-17 -1.034652109217e+00
P5: 5.542562584220e+02 9.600000000000e+02 5.878304635907e-14 2.399994621277e+04 0.000000000000e+00 9.600000000000e+02 -5.542562584220e+02 2.399994621277e+04 0.000000000000e+00 1.000000000000e+00 6.123233995737e-17 2.499994397163e+01
R0_rect: 1.000000000000e+00 0.000000000000e+00 0.000000000000e+00 0.000000000000e+00 1.000000000000e+00 0.000000000000e+00 0.000000000000e+00 0.000000000000e+00 1.000000000000e+00
Tr_velo_to_p2: 0.000000000000e+00 -1.000000000000e+00 0.000000000000e+00 -1.354422411864e-06 0.000000000000e+00 0.000000000000e+00 -1.000000000000e+00 -4.999998686733e-01 1.000000000000e+00 0.000000000000e+00 0.000000000000e+00 -2.240216663244e+00
imu_to_world: -1.754942386042e-02 -9.998459964344e-01 -3.370950045630e-05 -5.434124374390e+01 9.998437212749e-01 -1.754945583948e-02 2.132985445756e-03 7.414736938477e+01 -2.133248541782e-03 3.728433297136e-06 9.999977246158e-01 5.939090624452e-02
p2_to_world: -9.998459964344e-01 3.370950045630e-05 -1.754942386042e-02 -5.438063049316e+01 -1.754945583948e-02 -2.132985445756e-03 9.998437212749e-01 7.639158630371e+01 3.728433297136e-06 -9.999977246158e-01 -2.133248541782e-03 2.092398405075e+00
