P0: -5.542562584220e+02 0.000000000000e+00 -9.600000000000e+02 -4.301147186689e+03 -4.408728476930e-14 5.542562584220e+02 -3.600000000000e+02 -1.612930195008e+03 -1.224646799147e-16 0.000000000000e+00 -1.000000000000e+00 -4.480361652801e+00
P1: -9.600000000000e+02 0.000000000000e+00 5.542562584220e+02 2.483673555697e+02 -3.600000000000e+02 5.542562584220e+02 2.204364238465e-14 -3.724753783666e+02 -1.000000000000e+00 0.000000000000e+00 6.123233995737e-17 -1.034653828796e+00
P2: 5.542562584220e+02 0.000000000000e+00 9.600000000000e+02 0.000000000000e+00 0.000000000000e+00 5.542562584220e+02 3.600000000000e+02 0.000000000000e+00 0.000000000000e+00 0.000000000000e+00 1.000000000000e+00 0.000000000000e+00
P3: 5.542562584220e+02 0.000000000000e+00 9.600000000000e+02 -4.434046764226e+02 0.000000000000e+00 5.542562584220e+02 3.600000000000e+02 0.000000000000e+00 0.000000000000e+00 0.000000000000e+00 1.000000000000e+00 0.000000000000e+00
P4: 9.600000000000e+02 0.000000000000e+00 -5.542562584220e+02 -2.234903572728e+03 3.600000000000e+02 5.542562584220e+02 2.204364238465e-14 -3.724762942062e+02 1.000000000000e+00 0.000000000000e+00 6.123233995737e-17 -1.034656372795e+00
P5: 5.542562584220e+02 9.600000000000e+02 5.878304635907e-14 2.399960311890e+04 0.000000000000e+00 9.600000000000e+02 -5.542562584220e+02 2.399960311890e+04 0.000000000000e+00 1.000000000000e+00 6.123233995737e-17 2.499958658218e+01
R0_rect: 1.000000000000e+00 0.000000000000e+00 0.000000000000e+00 0.000000000000e+00 1.000000000000e+00 0.000000000000e+00 0.000000000000e+00 0.000000000000e+00 1.000000000000e+00
Tr_velo_to_p2: 0.000000000000e+00 -1.000000000000e+00 0.000000000000e+00 1.148855582903e-06 0.000000000000e+00 0.000000000000e+00 -1.000000000000e+00 -4.999999174015e-01 1.000000000000e+00 0.000000000000e+00 0.000000000000e+00 -2.240218984245e+00
imu_to_world: -1.854262145068e-02 -9.998280624403e-01 1.294089123667e-04 -5.434497451782e+01 9.998115713692e-01 -1.854305887358e-02 -5.742536355513e-03 7.438622283936e+01 5.743948634907e-03 2.290285021552e-05 9.999835031287e-01 5.598178878427e-02
p2_to_world: -9.998280624403e-01 -1.294089123667e-04 -1.854262145068e-02 -5.438624954224e+01 -1.854305887358e-02 5.742536355513e-03 9.998115713692e-01 7.661431884766e+01 2.290285021552e-05 -9.999835031287e-01 5.743948634907e-03 2.106606960297e+00
