P0: -5.542562584220e+02 0.000000000000e+00 -9.600000000000e+02 -4.300846549666e+03 -4.408728476930e-14 5.542562584220e+02 -3.600000000000e+02 -1.612817456125e+03 -1.224646799147e-16 0.000000000000e+00 -1.000000000000e+00 -4.480048489236e+00
P1: -9.600000000000e+02 0.000000000000e+00 5.542562584220e+02 2.482748019930e+02 -3.600000000000e+02 5.542562584220e+02 2.204364238465e-14 -3.724750438927e+02 -1.000000000000e+00 0.000000000000e+00 6.123233995737e-17 -1.034652899702e+00
P2: 5.542562584220e+02 0.000000000000e+00 9.600000000000e+02 0.000000000000e+00 0.000000000000e+00 5.542562584220e+02 3.600000000000e+02 0.000000000000e+00 0.000000000000e+00 0.000000000000e+00 1.000000000000e+00 0.000000000000e+00
P3: 5.542562584220e+02 0.000000000000e+00 9.600000000000e+02 -4.434072253103e+02 0.000000000000e+00 5.542562584220e+02 3.600000000000e+02 0.000000000000e+00 0.000000000000e+00 0.000000000000e+00 1.000000000000e+00 0.000000000000e+00
P4: 9.600000000000e+02 0.000000000000e+00 -5.542562584220e+02 -2.234817253920e+03 3.600000000000e+02 5.542562584220e+02 2.204364238465e-14 -3.724771577047e+02 1.000000000000e+00 0.000000000000e+00 6.123233995737e-17 -1.034658771402e+00
P5: 5.542562584220e+02 9.600000000000e+02 5.878304635907e-14 2.399793914795e+04 0.000000000000e+00 9.600000000000e+02 -5.542562584220e+02 2.399793914795e+04 0.000000000000e+00 1.000000000000e+00 6.123233995737e-17 2.499785327911e+01
R0_rect: 1.000000000000e+00 0.000000000000e+00 0.000000000000e+00 0.000000000000e+00 1.000000000000e+00 0.000000000000e+00 0.000000000000e+00 0.000000000000e+00 1.000000000000e+00
Tr_velo_to_p2: 0.000000000000e+00 -1.000000000000e+00 0.000000000000e+00 -5.688435578282e-08 0.000000000000e+00 0.000000000000e+00 -1.000000000000e+00 -5.000001777549e-01 1.000000000000e+00 0.000000000000e+00 0.000000000000e+00 -2.240214250555e+00
imu_to_world: -1.807260508151e-02 -9.998365567494e-01 -4.906455620417e-04 -5.435855865479e+01 9.997508308714e-01 -1.807748162606e-02 1.309506891698e-02 7.515251159668e+01 -1.310179825248e-02 -2.538612992628e-04 9.999141355321e-01 6.412383913994e-02
p2_to_world: -9.998365567494e-01 4.906455620417e-04 -1.807260508151e-02 -5.440004348755e+01 -1.807748162606e-02 -1.309506891698e-02 9.997508308714e-01 7.741885375977e+01 -2.538612992628e-04 -9.999141355321e-01 -1.310179825248e-02 2.072388648987e+00
