P0: -5.542562584220e+02 0.000000000000e+00 -9.600000000000e+02 -4.301214764874e+03 -4.408728476930e-14 5.542562584220e+02 -3.600000000000e+02 -1.612955536828e+03 -1.224646799147e-16 0.000000000000e+00 -1.000000000000e+00 -4.480432046744e+00
P1: -9.600000000000e+02 0.000000000000e+00 5.542562584220e+02 2.483837286017e+02 -3.600000000000e+02 5.542562584220e+02 2.204364238465e-14 -3.724766157712e+02 -1.000000000000e+00 0.000000000000e+00 6.123233995737e-17 -1.034657266031e+00
P2: 5.542562584220e+02 0.000000000000e+00 9.600000000000e+02 0.000000000000e+00 0.000000000000e+00 5.542562584220e+02 3.600000000000e+02 0.000000000000e+00 0.000000000000e+00 0.000000000000e+00 1.000000000000e+00 0.000000000000e+00
P3: 5.542562584220e+02 0.000000000000e+00 9.600000000000e+02 -4.434067514822e+02 0.000000000000e+00 5.542562584220e+02 3.600000000000e+02 0.000000000000e+00 0.000000000000e+00 0.000000000000e+00 1.000000000000e+00 0.000000000000e+00
P4: 9.600000000000e+02 0.000000000000e+00 -5.542562584220e+02 -2.234927338059e+03 3.600000000000e+02 5.542562584220e+02 2.204364238465e-14 -3.724763673237e+02 1.000000000000e+00 0.000000000000e+00 6.123233995737e-17 -1.034656575899e+00
P5: 5.542562584220e+02 9.600000000000e+02 5.878304635907e-14 2.399999496460e+04 0.000000000000e+00 9.600000000000e+02 -5.542562584220e+02 2.399999496460e+04 0.000000000000e+00 1.000000000000e+00 6.123233995737e-17 2.499999475479e+01
R0_rect: 1.000000000000e+00 0.000000000000e+00 0.000000000000e+00 0.000000000000e+00 1.000000000000e+00 0.000000000000e+00 0.000000000000e+00 0.000000000000e+00 1.000000000000e+00
Tr_velo_to_p2: 0.000000000000e+00 -1.000000000000e+00 0.000000000000e+00 1.515898444624e-06 0.000000000000e+00 0.000000000000e+00 -1.000000000000e+00 -5.000000015653e-01 1.000000000000e+00 0.000000000000e+00 0.000000000000e+00 -2.240220807596e+00
imu_to_world: -2.912832745641e-02 -9.995756800667e-01 1.894163433467e-05 -5.440319061279e+01 9.995755340523e-01 -2.912833343980e-02 -5.402915860274e-04 7.667807006836e+01 5.406140677784e-04 3.195804016150e-06 9.999998538631e-01 5.824203416705e-02
p2_to_world: -9.995756800667e-01 -1.894163433467e-05 -2.912832745641e-02 -5.446840667725e+01 -2.912833343980e-02 5.402915860274e-04 9.995755340523e-01 7.891623687744e+01 3.195804016150e-06 -9.999998538631e-01 5.406140677784e-04 2.097243785858e+00
