P0: -5.542562584220e+02 0.000000000000e+00 -9.600000000000e+02 -4.301223988023e+03 -4.408728476930e-14 5.542562584220e+02 -3.600000000000e+02 -1.612958995509e+03 -1.224646799147e-16 0.000000000000e+00 -1.000000000000e+00 -4.480441654190e+00
P1: -9.600000000000e+02 0.000000000000e+00 5.542562584220e+02 2.483841302100e+02 -3.600000000000e+02 5.542562584220e+02 2.204364238465e-14 -3.724769656189e+02 -1.000000000000e+00 0.000000000000e+00 6.123233995737e-17 -1.034658237830e+00
P2: 5.542562584220e+02 0.000000000000e+00 9.600000000000e+02 0.000000000000e+00 0.000000000000e+00 5.542562584220e+02 3.600000000000e+02 0.000000000000e+00 0.000000000000e+00 0.000000000000e+00 1.000000000000e+00 0.000000000000e+00
P3: 5.542562584220e+02 0.000000000000e+00 9.600000000000e+02 -4.434048727387e+02 0.000000000000e+00 5.542562584220e+02 3.600000000000e+02 0.000000000000e+00 0.000000000000e+00 0.000000000000e+00 1.000000000000e+00 0.000000000000e+00
P4: 9.600000000000e+02 0.000000000000e+00 -5.542562584220e+02 -2.234925260434e+03 3.600000000000e+02 5.542562584220e+02 2.204364238465e-14 -3.724772851651e+02 1.000000000000e+00 0.000000000000e+00 6.123233995737e-17 -1.034659125459e+00
P5: 5.542562584220e+02 9.600000000000e+02 5.878304635907e-14 2.400000022888e+04 0.000000000000e+00 9.600000000000e+02 -5.542562584220e+02 2.400000022888e+04 0.000000000000e+00 1.000000000000e+00 6.123233995737e-17 2.500000023842e+01
R0_rect: 1.000000000000e+00 0.000000000000e+00 0.000000000000e+00 0.000000000000e+00 1.000000000000e+00 0.000000000000e+00 0.000000000000e+00 0.000000000000e+00 1.000000000000e+00
Tr_velo_to_p2: 0.000000000000e+00 -1.000000000000e+00 0.000000000000e+00 4.902925637082e-07 0.000000000000e+00 0.000000000000e+00 -1.000000000000e+00 -5.000000010662e-01 1.000000000000e+00 0.000000000000e+00 0.000000000000e+00 -2.240220823277e+00
imu_to_world: -2.931773466815e-02 -9.995701428284e-01 -1.335816832267e-07 -5.440525436401e+01 9.995701417856e-01 -2.931773463146e-02 -4.568070964606e-05 7.671281433105e+01 4.565715715308e-05 -1.472779186899e-06 9.999999989566e-01 5.844859778881e-02
p2_to_world: -9.995701428284e-01 1.335816832267e-07 -2.931773466815e-02 -5.447093200684e+01 -2.931773463146e-02 4.568070964606e-05 9.995701417856e-01 7.895197296143e+01 -1.472779186899e-06 -9.999999989566e-01 4.565715715308e-05 2.096341848373e+00
