P0: -5.542562584220e+02 0.000000000000e+00 -9.600000000000e+02 -4.301125455404e+03 -4.408728476930e-14 5.542562584220e+02 -3.600000000000e+02 -1.612922045777e+03 -1.224646799147e-16 0.000000000000e+00 -1.000000000000e+00 -4.480339016046e+00
P1: -9.600000000000e+02 0.000000000000e+00 5.542562584220e+02 2.483588204093e+02 -3.600000000000e+02 5.542562584220e+02 2.204364238465e-14 -3.724755226238e+02 -1.000000000000e+00 0.000000000000e+00 6.123233995737e-17 -1.034654229511e+00
P2: 5.542562584220e+02 0.000000000000e+00 9.600000000000e+02 0.000000000000e+00 0.000000000000e+00 5.542562584220e+02 3.600000000000e+02 0.000000000000e+00 0.000000000000e+00 0.000000000000e+00 1.000000000000e+00 0.000000000000e+00
P3: 5.542562584220e+02 0.000000000000e+00 9.600000000000e+02 -4.434048556351e+02 0.000000000000e+00 5.542562584220e+02 3.600000000000e+02 0.000000000000e+00 0.000000000000e+00 0.000000000000e+00 1.000000000000e+00 0.000000000000e+00
P4: 9.600000000000e+02 0.000000000000e+00 -5.542562584220e+02 -2.234903975543e+03 3.600000000000e+02 5.542562584220e+02 2.204364238465e-14 -3.724765088192e+02 1.000000000000e+00 0.000000000000e+00 6.123233995737e-17 -1.034656968942e+00
P5: 5.542562584220e+02 9.600000000000e+02 5.878304635907e-14 2.399945114136e+04 0.000000000000e+00 9.600000000000e+02 -5.542562584220e+02 2.399945114136e+04 0.000000000000e+00 1.000000000000e+00 6.123233995737e-17 2.499942827225e+01
R0_rect: 1.000000000000e+00 0.000000000000e+00 0.000000000000e+00 0.000000000000e+00 1.000000000000e+00 0.000000000000e+00 0.000000000000e+00 0.000000000000e+00 1.000000000000e+00
Tr_velo_to_p2: 0.000000000000e+00 -1.000000000000e+00 0.000000000000e+00 2.064054664609e-06 0.000000000000e+00 0.000000000000e+00 -1.000000000000e+00 -5.000001019474e-01 1.000000000000e+00 0.000000000000e+00 0.000000000000e+00 -2.240223914075e+00
imu_to_world: -3.104131882585e-02 -9.995173268376e-01 1.244940565499e-03 -5.441190338135e+01 9.994957841817e-01 -3.104892506859e-02 -6.643918661673e-03 7.680136871338e+01 6.679365886774e-03 1.038076849343e-03 9.999771539729e-01 5.557590350509e-02
p2_to_world: -9.995173268376e-01 -1.244940565499e-03 -3.104131882585e-02 -5.447890472412e+01 -3.104892506859e-02 6.643918661673e-03 9.994957841817e-01 7.902692413330e+01 1.038076849343e-03 -9.999771539729e-01 6.679365886774e-03 2.108283519745e+00
