P0: -5.542562584220e+02 0.000000000000e+00 -9.600000000000e+02 -4.300911295894e+03 -4.408728476930e-14 5.542562584220e+02 -3.600000000000e+02 -1.612841735960e+03 -1.224646799147e-16 0.000000000000e+00 -1.000000000000e+00 -4.480115933223e+00
P1: -9.600000000000e+02 0.000000000000e+00 5.542562584220e+02 2.482854249868e+02 -3.600000000000e+02 5.542562584220e+02 2.204364238465e-14 -3.724754340815e+02 -1.000000000000e+00 0.000000000000e+00 6.123233995737e-17 -1.034653983560e+00
P2: 5.542562584220e+02 0.000000000000e+00 9.600000000000e+02 0.000000000000e+00 0.000000000000e+00 5.542562584220e+02 3.600000000000e+02 0.000000000000e+00 0.000000000000e+00 0.000000000000e+00 1.000000000000e+00 0.000000000000e+00
P3: 5.542562584220e+02 0.000000000000e+00 9.600000000000e+02 -4.434053403790e+02 0.000000000000e+00 5.542562584220e+02 3.600000000000e+02 0.000000000000e+00 0.000000000000e+00 0.000000000000e+00 1.000000000000e+00 0.000000000000e+00
P4: 9.600000000000e+02 0.000000000000e+00 -5.542562584220e+02 -2.234844621919e+03 3.600000000000e+02 5.542562584220e+02 2.204364238465e-14 -3.724762439269e+02 1.000000000000e+00 0.000000000000e+00 6.123233995737e-17 -1.034656233130e+00
P5: 5.542562584220e+02 9.600000000000e+02 5.878304635907e-14 2.399824058533e+04 0.000000000000e+00 9.600000000000e+02 -5.542562584220e+02 2.399824058533e+04 0.000000000000e+00 1.000000000000e+00 6.123233995737e-17 2.499816727638e+01
R0_rect: 1.000000000000e+00 0.000000000000e+00 0.000000000000e+00 0.000000000000e+00 1.000000000000e+00 0.000000000000e+00 0.000000000000e+00 0.000000000000e+00 1.000000000000e+00
Tr_velo_to_p2: 0.000000000000e+00 -1.000000000000e+00 0.000000000000e+00 -2.255475727736e-06 0.000000000000e+00 0.000000000000e+00 -1.000000000000e+00 -4.999998322993e-01 1.000000000000e+00 0.000000000000e+00 0.000000000000e+00 -2.240215285858e+00
imu_to_world: -9.309915127805e-02 -9.956526459101e-01 -2.890799823016e-03 -5.454812240601e+01 9.955849056492e-01 -9.312693330823e-02 1.175031642879e-02 7.789899444580e+01 -1.196844496493e-02 -1.784092182279e-03 9.999267839898e-01 6.361385434866e-02
p2_to_world: -9.956526459101e-01 2.890799823016e-03 -9.309915127805e-02 -5.476257705688e+01 -9.312693330823e-02 -1.175031642879e-02 9.955849056492e-01 8.015326690674e+01 -1.784092182279e-03 -9.999267839898e-01 -1.196844496493e-02 2.074443578720e+00
