P0: -5.542562584220e+02 0.000000000000e+00 -9.600000000000e+02 -4.301223201812e+03 -4.408728476930e-14 5.542562584220e+02 -3.600000000000e+02 -1.612958700679e+03 -1.224646799147e-16 0.000000000000e+00 -1.000000000000e+00 -4.480440835220e+00
P1: -9.600000000000e+02 0.000000000000e+00 5.542562584220e+02 2.483780775701e+02 -3.600000000000e+02 5.542562584220e+02 2.204364238465e-14 -3.724783692114e+02 -1.000000000000e+00 0.000000000000e+00 6.123233995737e-17 -1.034662136698e+00
P2: 5.542562584220e+02 0.000000000000e+00 9.600000000000e+02 0.000000000000e+00 0.000000000000e+00 5.542562584220e+02 3.600000000000e+02 0.000000000000e+00 0.000000000000e+00 0.000000000000e+00 1.000000000000e+00 0.000000000000e+00
P3: 5.542562584220e+02 0.000000000000e+00 9.600000000000e+02 -4.434011613964e+02 0.000000000000e+00 5.542562584220e+02 3.600000000000e+02 0.000000000000e+00 0.000000000000e+00 0.000000000000e+00 1.000000000000e+00 0.000000000000e+00
P4: 9.600000000000e+02 0.000000000000e+00 -5.542562584220e+02 -2.234928220066e+03 3.600000000000e+02 5.542562584220e+02 2.204364238465e-14 -3.724760907961e+02 1.000000000000e+00 0.000000000000e+00 6.123233995737e-17 -1.034655807767e+00
P5: 5.542562584220e+02 9.600000000000e+02 5.878304635907e-14 2.399999221802e+04 0.000000000000e+00 9.600000000000e+02 -5.542562584220e+02 2.399999221802e+04 0.000000000000e+00 1.000000000000e+00 6.123233995737e-17 2.499999189377e+01
R0_rect: 1.000000000000e+00 0.000000000000e+00 0.000000000000e+00 0.000000000000e+00 1.000000000000e+00 0.000000000000e+00 0.000000000000e+00 0.000000000000e+00 1.000000000000e+00
Tr_velo_to_p2: 0.000000000000e+00 -1.000000000000e+00 0.000000000000e+00 -1.802769713500e-06 0.000000000000e+00 0.000000000000e+00 -1.000000000000e+00 -4.999997560138e-01 1.000000000000e+00 0.000000000000e+00 0.000000000000e+00 -2.240218155281e+00
imu_to_world: -9.652645125154e-02 -9.953303534461e-01 -3.629291415886e-04 -5.455549240112e+01 9.953301070455e-01 -9.652670349576e-02 7.573117769158e-04 7.794140625000e+01 -7.888077522267e-04 -2.881336830307e-04 9.999996473806e-01 5.881053954363e-02
p2_to_world: -9.953303534461e-01 3.629291415886e-04 -9.652645125154e-02 -5.477247619629e+01 -9.652670349576e-02 -7.573117769158e-04 9.953301070455e-01 8.017270660400e+01 -2.881336830307e-04 -9.999996473806e-01 -7.888077522267e-04 2.094833850861e+00
