P0: -5.542562584220e+02 0.000000000000e+00 -9.600000000000e+02 -4.301209423824e+03 -4.408728476930e-14 5.542562584220e+02 -3.600000000000e+02 -1.612953533934e+03 -1.224646799147e-16 0.000000000000e+00 -1.000000000000e+00 -4.480426483150e+00
P1: -9.600000000000e+02 0.000000000000e+00 5.542562584220e+02 2.483831631481e+02 -3.600000000000e+02 5.542562584220e+02 2.204364238465e-14 -3.724761945641e+02 -1.000000000000e+00 0.000000000000e+00 6.123233995737e-17 -1.034656096011e+00
P2: 5.542562584220e+02 0.000000000000e+00 9.600000000000e+02 0.000000000000e+00 0.000000000000e+00 5.542562584220e+02 3.600000000000e+02 0.000000000000e+00 0.000000000000e+00 0.000000000000e+00 1.000000000000e+00 0.000000000000e+00
P3: 5.542562584220e+02 0.000000000000e+00 9.600000000000e+02 -4.434069159731e+02 0.000000000000e+00 5.542562584220e+02 3.600000000000e+02 0.000000000000e+00 0.000000000000e+00 0.000000000000e+00 1.000000000000e+00 0.000000000000e+00
P4: 9.600000000000e+02 0.000000000000e+00 -5.542562584220e+02 -2.234920253889e+03 3.600000000000e+02 5.542562584220e+02 2.204364238465e-14 -3.724758189458e+02 1.000000000000e+00 0.000000000000e+00 6.123233995737e-17 -1.034655052627e+00
P5: 5.542562584220e+02 9.600000000000e+02 5.878304635907e-14 2.399999816895e+04 0.000000000000e+00 9.600000000000e+02 -5.542562584220e+02 2.399999816895e+04 0.000000000000e+00 1.000000000000e+00 6.123233995737e-17 2.499999809265e+01
R0_rect: 1.000000000000e+00 0.000000000000e+00 0.000000000000e+00 0.000000000000e+00 1.000000000000e+00 0.000000000000e+00 0.000000000000e+00 0.000000000000e+00 1.000000000000e+00
Tr_velo_to_p2: 0.000000000000e+00 -1.000000000000e+00 0.000000000000e+00 -3.008746467368e-06 0.000000000000e+00 0.000000000000e+00 -1.000000000000e+00 -4.999998700479e-01 1.000000000000e+00 0.000000000000e+00 0.000000000000e+00 -2.240212002029e+00
imu_to_world: -9.316998824151e-02 -9.956502161361e-01 -1.998011013386e-05 -5.454882812500e+01 9.956502159047e-01 -9.316998877340e-02 2.758392056288e-05 7.790338897705e+01 -2.932548310718e-05 -1.732320741408e-05 9.999999994200e-01 5.848129093647e-02
p2_to_world: -9.956502161361e-01 1.998011013386e-05 -9.316998824151e-02 -5.475758743286e+01 -9.316998877340e-02 -2.758392056288e-05 9.956502159047e-01 8.013391113281e+01 -1.732320741408e-05 -9.999999994200e-01 -2.932548310718e-05 2.096206665039e+00
