P0: -5.542562584220e+02 0.000000000000e+00 -9.600000000000e+02 -4.300968386990e+03 -4.408728476930e-14 5.542562584220e+02 -3.600000000000e+02 -1.612863145121e+03 -1.224646799147e-16 0.000000000000e+00 -1.000000000000e+00 -4.480175403114e+00
P1: -9.600000000000e+02 0.000000000000e+00 5.542562584220e+02 2.482994227509e+02 -3.600000000000e+02 5.542562584220e+02 2.204364238465e-14 -3.724756522312e+02 -1.000000000000e+00 0.000000000000e+00 6.123233995737e-17 -1.034654589531e+00
P2: 5.542562584220e+02 0.000000000000e+00 9.600000000000e+02 0.000000000000e+00 0.000000000000e+00 5.542562584220e+02 3.600000000000e+02 0.000000000000e+00 0.000000000000e+00 0.000000000000e+00 1.000000000000e+00 0.000000000000e+00
P3: 5.542562584220e+02 0.000000000000e+00 9.600000000000e+02 -4.434033974314e+02 0.000000000000e+00 5.542562584220e+02 3.600000000000e+02 0.000000000000e+00 0.000000000000e+00 0.000000000000e+00 1.000000000000e+00 0.000000000000e+00
P4: 9.600000000000e+02 0.000000000000e+00 -5.542562584220e+02 -2.234865706435e+03 3.600000000000e+02 5.542562584220e+02 2.204364238465e-14 -3.724755170438e+02 1.000000000000e+00 0.000000000000e+00 6.123233995737e-17 -1.034654214010e+00
P5: 5.542562584220e+02 9.600000000000e+02 5.878304635907e-14 2.399854568481e+04 0.000000000000e+00 9.600000000000e+02 -5.542562584220e+02 2.399854568481e+04 0.000000000000e+00 1.000000000000e+00 6.123233995737e-17 2.499848508835e+01
R0_rect: 1.000000000000e+00 0.000000000000e+00 0.000000000000e+00 0.000000000000e+00 1.000000000000e+00 0.000000000000e+00 0.000000000000e+00 0.000000000000e+00 1.000000000000e+00
Tr_velo_to_p2: 0.000000000000e+00 -1.000000000000e+00 0.000000000000e+00 3.857006255706e-06 0.000000000000e+00 0.000000000000e+00 -1.000000000000e+00 -4.999999733512e-01 1.000000000000e+00 0.000000000000e+00 0.000000000000e+00 -2.240219585899e+00
imu_to_world: -1.105166539003e-01 -9.938676379664e-01 3.631447899727e-03 -5.459525680542e+01 9.938162598980e-01 -1.105489430611e-01 -1.040061298725e-02 7.814226531982e+01 1.073828539013e-02 2.459551023859e-03 9.999393180767e-01 5.381480976939e-02
p2_to_world: -9.938676379664e-01 -3.631447899727e-03 -1.105166539003e-01 -5.483543777466e+01 -1.105489430611e-01 1.040061298725e-02 9.938162598980e-01 8.034743499756e+01 2.459551023859e-03 -9.999393180767e-01 1.073828539013e-02 2.115538120270e+00
