P0: -5.542562584220e+02 0.000000000000e+00 -9.600000000000e+02 -4.300768359786e+03 -4.408728476930e-14 5.542562584220e+02 -3.600000000000e+02 -1.612788134920e+03 -1.224646799147e-16 0.000000000000e+00 -1.000000000000e+00 -4.479967041444e+00
P1: -9.600000000000e+02 0.000000000000e+00 5.542562584220e+02 2.482339846907e+02 -3.600000000000e+02 5.542562584220e+02 2.204364238465e-14 -3.724738543263e+02 -1.000000000000e+00 0.000000000000e+00 6.123233995737e-17 -1.034649595351e+00
P2: 5.542562584220e+02 0.000000000000e+00 9.600000000000e+02 0.000000000000e+00 0.000000000000e+00 5.542562584220e+02 3.600000000000e+02 0.000000000000e+00 0.000000000000e+00 0.000000000000e+00 1.000000000000e+00 0.000000000000e+00
P3: 5.542562584220e+02 0.000000000000e+00 9.600000000000e+02 -4.434041706343e+02 0.000000000000e+00 5.542562584220e+02 3.600000000000e+02 0.000000000000e+00 0.000000000000e+00 0.000000000000e+00 1.000000000000e+00 0.000000000000e+00
P4: 9.600000000000e+02 0.000000000000e+00 -5.542562584220e+02 -2.234815951741e+03 3.600000000000e+02 5.542562584220e+02 2.204364238465e-14 -3.724755380112e+02 1.000000000000e+00 0.000000000000e+00 6.123233995737e-17 -1.034654272253e+00
P5: 5.542562584220e+02 9.600000000000e+02 5.878304635907e-14 2.399736373901e+04 0.000000000000e+00 9.600000000000e+02 -5.542562584220e+02 2.399736373901e+04 0.000000000000e+00 1.000000000000e+00 6.123233995737e-17 2.499725389481e+01
R0_rect: 1.000000000000e+00 0.000000000000e+00 0.000000000000e+00 0.000000000000e+00 1.000000000000e+00 0.000000000000e+00 0.000000000000e+00 0.000000000000e+00 1.000000000000e+00
Tr_velo_to_p2: 0.000000000000e+00 -1.000000000000e+00 0.000000000000e+00 -5.174489402444e-07 0.000000000000e+00 0.000000000000e+00 -1.000000000000e+00 -4.999997205842e-01 1.000000000000e+00 0.000000000000e+00 0.000000000000e+00 -2.240216500821e+00
imu_to_world: -4.715146019666e-02 -9.988805622137e-01 3.789753690097e-03 -5.444948577881e+01 9.987826837960e-01 -4.720118801928e-02 -1.432474777252e-02 7.724035644531e+01 1.448759298506e-02 3.109707587098e-03 9.998902136576e-01 5.217307806015e-02
p2_to_world: -9.988805622137e-01 -3.789753690097e-03 -4.715146019666e-02 -5.454738998413e+01 -4.720118801928e-02 1.432474777252e-02 9.987826837960e-01 7.944865417480e+01 3.109707587098e-03 -9.998902136576e-01 1.448759298506e-02 2.122195720673e+00
