P0: -5.542562584220e+02 0.000000000000e+00 -9.600000000000e+02 -4.301202676233e+03 -4.408728476930e-14 5.542562584220e+02 -3.600000000000e+02 -1.612951003587e+03 -1.224646799147e-16 0.000000000000e+00 -1.000000000000e+00 -4.480419454409e+00
P1: -9.600000000000e+02 0.000000000000e+00 5.542562584220e+02 2.483718375817e+02 -3.600000000000e+02 5.542562584220e+02 2.204364238465e-14 -3.724785793758e+02 -1.000000000000e+00 0.000000000000e+00 6.123233995737e-17 -1.034662720488e+00
P2: 5.542562584220e+02 0.000000000000e+00 9.600000000000e+02 0.000000000000e+00 0.000000000000e+00 5.542562584220e+02 3.600000000000e+02 0.000000000000e+00 0.000000000000e+00 0.000000000000e+00 1.000000000000e+00 0.000000000000e+00
P3: 5.542562584220e+02 0.000000000000e+00 9.600000000000e+02 -4.434028144583e+02 0.000000000000e+00 5.542562584220e+02 3.600000000000e+02 0.000000000000e+00 0.000000000000e+00 0.000000000000e+00 1.000000000000e+00 0.000000000000e+00
P4: 9.600000000000e+02 0.000000000000e+00 -5.542562584220e+02 -2.234917621151e+03 3.600000000000e+02 5.542562584220e+02 2.204364238465e-14 -3.724759701927e+02 1.000000000000e+00 0.000000000000e+00 6.123233995737e-17 -1.034655472757e+00
P5: 5.542562584220e+02 9.600000000000e+02 5.878304635907e-14 2.399992355347e+04 0.000000000000e+00 9.600000000000e+02 -5.542562584220e+02 2.399992355347e+04 0.000000000000e+00 1.000000000000e+00 6.123233995737e-17 2.499992036819e+01
R0_rect: 1.000000000000e+00 0.000000000000e+00 0.000000000000e+00 0.000000000000e+00 1.000000000000e+00 0.000000000000e+00 0.000000000000e+00 0.000000000000e+00 1.000000000000e+00
Tr_velo_to_p2: 0.000000000000e+00 -1.000000000000e+00 0.000000000000e+00 -3.378035366514e-06 0.000000000000e+00 0.000000000000e+00 -1.000000000000e+00 -5.000002501233e-01 1.000000000000e+00 0.000000000000e+00 0.000000000000e+00 -2.240218166354e+00
imu_to_world: -2.849946529246e-02 -9.995937730359e-01 2.634118610402e-04 -5.440724182129e+01 9.995906849086e-01 -2.850003396987e-02 -2.492129151881e-03 7.673965454102e+01 2.498624028809e-03 1.922796943219e-04 9.999968599483e-01 5.738471820951e-02
p2_to_world: -9.995937730359e-01 -2.634118610402e-04 -2.849946529246e-02 -5.447055053711e+01 -2.850003396987e-02 2.492129151881e-03 9.995906849086e-01 7.897387695312e+01 1.922796943219e-04 -9.999968599483e-01 2.498624028809e-03 2.100766658783e+00
