P0: -5.542562584220e+02 0.000000000000e+00 -9.600000000000e+02 -4.301216265296e+03 -4.408728476930e-14 5.542562584220e+02 -3.600000000000e+02 -1.612956099486e+03 -1.224646799147e-16 0.000000000000e+00 -1.000000000000e+00 -4.480433609684e+00
P1: -9.600000000000e+02 0.000000000000e+00 5.542562584220e+02 2.483860576855e+02 -3.600000000000e+02 5.542562584220e+02 2.204364238465e-14 -3.724760066516e+02 -1.000000000000e+00 0.000000000000e+00 6.123233995737e-17 -1.034655574032e+00
P2: 5.542562584220e+02 0.000000000000e+00 9.600000000000e+02 0.000000000000e+00 0.000000000000e+00 5.542562584220e+02 3.600000000000e+02 0.000000000000e+00 0.000000000000e+00 0.000000000000e+00 1.000000000000e+00 0.000000000000e+00
P3: 5.542562584220e+02 0.000000000000e+00 9.600000000000e+02 -4.434053702938e+02 0.000000000000e+00 5.542562584220e+02 3.600000000000e+02 0.000000000000e+00 0.000000000000e+00 0.000000000000e+00 1.000000000000e+00 0.000000000000e+00
P4: 9.600000000000e+02 0.000000000000e+00 -5.542562584220e+02 -2.234924483477e+03 3.600000000000e+02 5.542562584220e+02 2.204364238465e-14 -3.724768213582e+02 1.000000000000e+00 0.000000000000e+00 6.123233995737e-17 -1.034657837106e+00
P5: 5.542562584220e+02 9.600000000000e+02 5.878304635907e-14 2.399998832703e+04 0.000000000000e+00 9.600000000000e+02 -5.542562584220e+02 2.399998832703e+04 0.000000000000e+00 1.000000000000e+00 6.123233995737e-17 2.499998784065e+01
R0_rect: 1.000000000000e+00 0.000000000000e+00 0.000000000000e+00 0.000000000000e+00 1.000000000000e+00 0.000000000000e+00 0.000000000000e+00 0.000000000000e+00 1.000000000000e+00
Tr_velo_to_p2: 0.000000000000e+00 -1.000000000000e+00 0.000000000000e+00 1.280822518889e-06 0.000000000000e+00 0.000000000000e+00 -1.000000000000e+00 -5.000000726753e-01 1.000000000000e+00 0.000000000000e+00 0.000000000000e+00 -2.240216713449e+00
imu_to_world: -9.652935801318e-02 -9.953301330980e-01 9.585727123318e-05 -5.455561447144e+01 9.953297311099e-01 -9.652940518342e-02 -8.945969292616e-04 7.794199371338e+01 8.996723260457e-04 9.054724739258e-06 9.999995952538e-01 5.807636305690e-02
p2_to_world: -9.953301330980e-01 -9.585727123318e-05 -9.652935801318e-02 -5.477166366577e+01 -9.652940518342e-02 8.945969292616e-04 9.953297311099e-01 8.016992187500e+01 9.054724739258e-06 -9.999995952538e-01 8.996723260457e-04 2.097882032394e+00
