P0: -5.542562584220e+02 0.000000000000e+00 -9.600000000000e+02 -4.301215558301e+03 -4.408728476930e-14 5.542562584220e+02 -3.600000000000e+02 -1.612955834363e+03 -1.224646799147e-16 0.000000000000e+00 -1.000000000000e+00 -4.480432873230e+00
P1: -9.600000000000e+02 0.000000000000e+00 5.542562584220e+02 2.483800675621e+02 -3.600000000000e+02 5.542562584220e+02 2.204364238465e-14 -3.724774318890e+02 -1.000000000000e+00 0.000000000000e+00 6.123233995737e-17 -1.034659533025e+00
P2: 5.542562584220e+02 0.000000000000e+00 9.600000000000e+02 0.000000000000e+00 0.000000000000e+00 5.542562584220e+02 3.600000000000e+02 0.000000000000e+00 0.000000000000e+00 0.000000000000e+00 1.000000000000e+00 0.000000000000e+00
P3: 5.542562584220e+02 0.000000000000e+00 9.600000000000e+02 -4.434049621155e+02 0.000000000000e+00 5.542562584220e+02 3.600000000000e+02 0.000000000000e+00 0.000000000000e+00 0.000000000000e+00 1.000000000000e+00 0.000000000000e+00
P4: 9.600000000000e+02 0.000000000000e+00 -5.542562584220e+02 -2.234922464153e+03 3.600000000000e+02 5.542562584220e+02 2.204364238465e-14 -3.724753961218e+02 1.000000000000e+00 0.000000000000e+00 6.123233995737e-17 -1.034653878116e+00
P5: 5.542562584220e+02 9.600000000000e+02 5.878304635907e-14 2.400000022888e+04 0.000000000000e+00 9.600000000000e+02 -5.542562584220e+02 2.400000022888e+04 0.000000000000e+00 1.000000000000e+00 6.123233995737e-17 2.500000023842e+01
R0_rect: 1.000000000000e+00 0.000000000000e+00 0.000000000000e+00 0.000000000000e+00 1.000000000000e+00 0.000000000000e+00 0.000000000000e+00 0.000000000000e+00 1.000000000000e+00
Tr_velo_to_p2: 0.000000000000e+00 -1.000000000000e+00 0.000000000000e+00 -5.469850757271e-06 0.000000000000e+00 0.000000000000e+00 -1.000000000000e+00 -5.000001397069e-01 1.000000000000e+00 0.000000000000e+00 0.000000000000e+00 -2.240212368331e+00
imu_to_world: -9.652595040060e-02 -9.953304676978e-01 -3.117429934650e-05 -5.455556106567e+01 9.953304605239e-01 -9.652595349646e-02 1.210569703921e-04 7.794162750244e+01 -1.235008199274e-04 -1.934359060535e-05 9.999999921867e-01 5.852241441607e-02
p2_to_world: -9.953304676978e-01 3.117429934650e-05 -9.652595040060e-02 -5.477186584473e+01 -9.652595349646e-02 -1.210569703921e-04 9.953304605239e-01 8.017163085938e+01 -1.934359060535e-05 -9.999999921867e-01 -1.235008199274e-04 2.096036672592e+00
