P0: -5.542562584220e+02 0.000000000000e+00 -9.600000000000e+02 -4.301219445875e+03 -4.408728476930e-14 5.542562584220e+02 -3.600000000000e+02 -1.612957292203e+03 -1.224646799147e-16 0.000000000000e+00 -1.000000000000e+00 -4.480436922786e+00
P1: -9.600000000000e+02 0.000000000000e+00 5.542562584220e+02 2.483826103610e+02 -3.600000000000e+02 5.542562584220e+02 2.204364238465e-14 -3.724765502923e+02 -1.000000000000e+00 0.000000000000e+00 6.123233995737e-17 -1.034657084145e+00
P2: 5.542562584220e+02 0.000000000000e+00 9.600000000000e+02 0.000000000000e+00 0.000000000000e+00 5.542562584220e+02 3.600000000000e+02 0.000000000000e+00 0.000000000000e+00 0.000000000000e+00 1.000000000000e+00 0.000000000000e+00
P3: 5.542562584220e+02 0.000000000000e+00 9.600000000000e+02 -4.434030997126e+02 0.000000000000e+00 5.542562584220e+02 3.600000000000e+02 0.000000000000e+00 0.000000000000e+00 0.000000000000e+00 1.000000000000e+00 0.000000000000e+00
P4: 9.600000000000e+02 0.000000000000e+00 -5.542562584220e+02 -2.234926742968e+03 3.600000000000e+02 5.542562584220e+02 2.204364238465e-14 -3.724762309457e+02 1.000000000000e+00 0.000000000000e+00 6.123233995737e-17 -1.034656197072e+00
P5: 5.542562584220e+02 9.600000000000e+02 5.878304635907e-14 2.399999885559e+04 0.000000000000e+00 9.600000000000e+02 -5.542562584220e+02 2.399999885559e+04 0.000000000000e+00 1.000000000000e+00 6.123233995737e-17 2.499999880791e+01
R0_rect: 1.000000000000e+00 0.000000000000e+00 0.000000000000e+00 0.000000000000e+00 1.000000000000e+00 0.000000000000e+00 0.000000000000e+00 0.000000000000e+00 1.000000000000e+00
Tr_velo_to_p2: 0.000000000000e+00 -1.000000000000e+00 0.000000000000e+00 -1.148056510557e-06 0.000000000000e+00 0.000000000000e+00 -1.000000000000e+00 -4.999997422680e-01 1.000000000000e+00 0.000000000000e+00 0.000000000000e+00 -2.240222795938e+00
imu_to_world: -9.317661722175e-02 -9.956495959916e-01 -2.210666717365e-06 -5.454886627197e+01 9.956495959935e-01 -9.317661722385e-02 8.706889492101e-07 7.790354919434e+01 -1.072883547049e-06 -2.119921573081e-06 9.999999999972e-01 5.846889317036e-02
p2_to_world: -9.956495959916e-01 2.210666717365e-06 -9.317661722175e-02 -5.475760650635e+01 -9.317661722385e-02 -8.706889492101e-07 9.956495959935e-01 8.013402557373e+01 -2.119921573081e-06 -9.999999999972e-01 -1.072883547049e-06 2.096257448196e+00
