P0: -5.542562584220e+02 0.000000000000e+00 -9.600000000000e+02 -4.301219445875e+03 -4.408728476930e-14 5.542562584220e+02 -3.600000000000e+02 -1.612957292203e+03 -1.224646799147e-16 0.000000000000e+00 -1.000000000000e+00 -4.480436922786e+00
P1: -9.600000000000e+02 0.000000000000e+00 5.542562584220e+02 2.483826103610e+02 -3.600000000000e+02 5.542562584220e+02 2.204364238465e-14 -3.724765502923e+02 -1.000000000000e+00 0.000000000000e+00 6.123233995737e-17 -1.034657084145e+00
P2: 5.542562584220e+02 0.000000000000e+00 9.600000000000e+02 0.000000000000e+00 0.000000000000e+00 5.542562584220e+02 3.600000000000e+02 0.000000000000e+00 0.000000000000e+00 0.000000000000e+00 1.000000000000e+00 0.000000000000e+00
P3: 5.542562584220e+02 0.000000000000e+00 9.600000000000e+02 -4.434073099560e+02 0.000000000000e+00 5.542562584220e+02 3.600000000000e+02 0.000000000000e+00 0.000000000000e+00 0.000000000000e+00 1.000000000000e+00 0.000000000000e+00
P4: 9.600000000000e+02 0.000000000000e+00 -5.542562584220e+02 -2.234921850278e+03 3.600000000000e+02 5.542562584220e+02 2.204364238465e-14 -3.724759750285e+02 1.000000000000e+00 0.000000000000e+00 6.123233995737e-17 -1.034655486190e+00
P5: 5.542562584220e+02 9.600000000000e+02 5.878304635907e-14 2.399999725342e+04 0.000000000000e+00 9.600000000000e+02 -5.542562584220e+02 2.399999725342e+04 0.000000000000e+00 1.000000000000e+00 6.123233995737e-17 2.499999713898e+01
R0_rect: 1.000000000000e+00 0.000000000000e+00 0.000000000000e+00 0.000000000000e+00 1.000000000000e+00 0.000000000000e+00 0.000000000000e+00 0.000000000000e+00 1.000000000000e+00
Tr_velo_to_p2: 0.000000000000e+00 -1.000000000000e+00 0.000000000000e+00 1.551148854877e-06 0.000000000000e+00 0.000000000000e+00 -1.000000000000e+00 -4.999997391481e-01 1.000000000000e+00 0.000000000000e+00 0.000000000000e+00 -2.240214698951e+00
imu_to_world: -9.317661720991e-02 -9.956495959908e-01 -2.956183415086e-06 -5.454886627197e+01 9.956495958670e-01 -9.317661724514e-02 1.576718988963e-05 7.790354156494e+01 -1.597404341409e-05 -1.474189405717e-06 9.999999998713e-01 5.847526341677e-02
p2_to_world: -9.956495959908e-01 2.956183415086e-06 -9.317661720991e-02 -5.475760650635e+01 -9.317661724514e-02 -1.576718988963e-05 9.956495958670e-01 8.013404083252e+01 -1.474189405717e-06 -9.999999998713e-01 -1.597404341409e-05 2.096230506897e+00
