P0: -5.542562584220e+02 0.000000000000e+00 -9.600000000000e+02 -4.300807723879e+03 -4.408728476930e-14 5.542562584220e+02 -3.600000000000e+02 -1.612802896455e+03 -1.224646799147e-16 0.000000000000e+00 -1.000000000000e+00 -4.480008045707e+00
P1: -9.600000000000e+02 0.000000000000e+00 5.542562584220e+02 2.482478457448e+02 -3.600000000000e+02 5.542562584220e+02 2.204364238465e-14 -3.724766261965e+02 -1.000000000000e+00 0.000000000000e+00 6.123233995737e-17 -1.034657294990e+00
P2: 5.542562584220e+02 0.000000000000e+00 9.600000000000e+02 0.000000000000e+00 0.000000000000e+00 5.542562584220e+02 3.600000000000e+02 0.000000000000e+00 0.000000000000e+00 0.000000000000e+00 1.000000000000e+00 0.000000000000e+00
P3: 5.542562584220e+02 0.000000000000e+00 9.600000000000e+02 -4.434015606240e+02 0.000000000000e+00 5.542562584220e+02 3.600000000000e+02 0.000000000000e+00 0.000000000000e+00 0.000000000000e+00 1.000000000000e+00 0.000000000000e+00
P4: 9.600000000000e+02 0.000000000000e+00 -5.542562584220e+02 -2.234813698004e+03 3.600000000000e+02 5.542562584220e+02 2.204364238465e-14 -3.724741032346e+02 1.000000000000e+00 0.000000000000e+00 6.123233995737e-17 -1.034650286763e+00
P5: 5.542562584220e+02 9.600000000000e+02 5.878304635907e-14 2.399764366150e+04 0.000000000000e+00 9.600000000000e+02 -5.542562584220e+02 2.399764366150e+04 0.000000000000e+00 1.000000000000e+00 6.123233995737e-17 2.499754548073e+01
R0_rect: 1.000000000000e+00 0.000000000000e+00 0.000000000000e+00 0.000000000000e+00 1.000000000000e+00 0.000000000000e+00 0.000000000000e+00 0.000000000000e+00 1.000000000000e+00
Tr_velo_to_p2: 0.000000000000e+00 -1.000000000000e+00 0.000000000000e+00 -3.149392005320e-06 0.000000000000e+00 0.000000000000e+00 -1.000000000000e+00 -4.999998183608e-01 1.000000000000e+00 0.000000000000e+00 0.000000000000e+00 -2.240217431200e+00
imu_to_world: -3.872665430017e-02 -9.992468298075e-01 2.453439684013e-03 -5.443079376221e+01 9.991534998765e-01 -3.875689765453e-02 -1.379081465330e-02 7.705926513672e+01 1.387551553351e-02 1.917290735421e-03 9.999018922199e-01 5.245056003332e-02
p2_to_world: -9.992468298075e-01 -2.453439684013e-03 -3.872665430017e-02 -5.451255416870e+01 -3.875689765453e-02 1.379081465330e-02 9.991534998765e-01 7.926948547363e+01 1.917290735421e-03 -9.999018922199e-01 1.387551553351e-02 2.121125936508e+00
