P0: -5.542562584220e+02 0.000000000000e+00 -9.600000000000e+02 -4.301140297859e+03 -4.408728476930e-14 5.542562584220e+02 -3.600000000000e+02 -1.612927611697e+03 -1.224646799147e-16 0.000000000000e+00 -1.000000000000e+00 -4.480354476937e+00
P1: -9.600000000000e+02 0.000000000000e+00 5.542562584220e+02 2.483576726812e+02 -3.600000000000e+02 5.542562584220e+02 2.204364238465e-14 -3.724759337637e+02 -1.000000000000e+00 0.000000000000e+00 6.123233995737e-17 -1.034655371566e+00
P2: 5.542562584220e+02 0.000000000000e+00 9.600000000000e+02 0.000000000000e+00 0.000000000000e+00 5.542562584220e+02 3.600000000000e+02 0.000000000000e+00 0.000000000000e+00 0.000000000000e+00 1.000000000000e+00 0.000000000000e+00
P3: 5.542562584220e+02 0.000000000000e+00 9.600000000000e+02 -4.434036291372e+02 0.000000000000e+00 5.542562584220e+02 3.600000000000e+02 0.000000000000e+00 0.000000000000e+00 0.000000000000e+00 1.000000000000e+00 0.000000000000e+00
P4: 9.600000000000e+02 0.000000000000e+00 -5.542562584220e+02 -2.234908180398e+03 3.600000000000e+02 5.542562584220e+02 2.204364238465e-14 -3.724765117086e+02 1.000000000000e+00 0.000000000000e+00 6.123233995737e-17 -1.034656976968e+00
P5: 5.542562584220e+02 9.600000000000e+02 5.878304635907e-14 2.399952919006e+04 0.000000000000e+00 9.600000000000e+02 -5.542562584220e+02 2.399952919006e+04 0.000000000000e+00 1.000000000000e+00 6.123233995737e-17 2.499950957298e+01
R0_rect: 1.000000000000e+00 0.000000000000e+00 0.000000000000e+00 0.000000000000e+00 1.000000000000e+00 0.000000000000e+00 0.000000000000e+00 0.000000000000e+00 1.000000000000e+00
Tr_velo_to_p2: 0.000000000000e+00 -1.000000000000e+00 0.000000000000e+00 -2.244073410031e-07 0.000000000000e+00 0.000000000000e+00 -1.000000000000e+00 -5.000001550925e-01 1.000000000000e+00 0.000000000000e+00 0.000000000000e+00 -2.240226101210e+00
imu_to_world: -9.312431363938e-02 -9.956534183802e-01 -1.460368785782e-03 -5.454840850830e+01 9.956351739461e-01 -9.313154306325e-02 6.092297428594e-03 7.790103149414e+01 -6.201823159030e-03 -8.866535135329e-04 9.999803754250e-01 6.114009767771e-02
p2_to_world: -9.956534183802e-01 1.460368785782e-03 -9.312431363938e-02 -5.476000213623e+01 -9.313154306325e-02 -6.092297428594e-03 9.956351739461e-01 8.014389038086e+01 -8.866535135329e-04 -9.999803754250e-01 -6.201823159030e-03 2.084997415543e+00
