P0: -5.542562584220e+02 0.000000000000e+00 -9.600000000000e+02 -4.301215204812e+03 -4.408728476930e-14 5.542562584220e+02 -3.600000000000e+02 -1.612955701805e+03 -1.224646799147e-16 0.000000000000e+00 -1.000000000000e+00 -4.480432505013e+00
P1: -9.600000000000e+02 0.000000000000e+00 5.542562584220e+02 2.483800675621e+02 -3.600000000000e+02 5.542562584220e+02 2.204364238465e-14 -3.724774318890e+02 -1.000000000000e+00 0.000000000000e+00 6.123233995737e-17 -1.034659533025e+00
P2: 5.542562584220e+02 0.000000000000e+00 9.600000000000e+02 0.000000000000e+00 0.000000000000e+00 5.542562584220e+02 3.600000000000e+02 0.000000000000e+00 0.000000000000e+00 0.000000000000e+00 1.000000000000e+00 0.000000000000e+00
P3: 5.542562584220e+02 0.000000000000e+00 9.600000000000e+02 -4.434049621155e+02 0.000000000000e+00 5.542562584220e+02 3.600000000000e+02 0.000000000000e+00 0.000000000000e+00 0.000000000000e+00 1.000000000000e+00 0.000000000000e+00
P4: 9.600000000000e+02 0.000000000000e+00 -5.542562584220e+02 -2.234922464153e+03 3.600000000000e+02 5.542562584220e+02 2.204364238465e-14 -3.724753961218e+02 1.000000000000e+00 0.000000000000e+00 6.123233995737e-17 -1.034653878116e+00
P5: 5.542562584220e+02 9.600000000000e+02 5.878304635907e-14 2.399999702454e+04 0.000000000000e+00 9.600000000000e+02 -5.542562584220e+02 2.399999702454e+04 0.000000000000e+00 1.000000000000e+00 6.123233995737e-17 2.499999690056e+01
R0_rect: 1.000000000000e+00 0.000000000000e+00 0.000000000000e+00 0.000000000000e+00 1.000000000000e+00 0.000000000000e+00 0.000000000000e+00 0.000000000000e+00 1.000000000000e+00
Tr_velo_to_p2: 0.000000000000e+00 -1.000000000000e+00 0.000000000000e+00 2.033092808426e-07 0.000000000000e+00 0.000000000000e+00 -1.000000000000e+00 -5.000002564868e-01 1.000000000000e+00 0.000000000000e+00 0.000000000000e+00 -2.240216343846e+00
imu_to_world: -9.652595106781e-02 -9.953304681187e-01 2.236742299994e-06 -5.455558013916e+01 9.953304674039e-01 -9.652595108331e-02 -3.774971378783e-05 7.794169616699e+01 3.778934397363e-05 -1.417529266993e-06 9.999999992850e-01 5.845249071717e-02
p2_to_world: -9.953304681187e-01 -2.236742299994e-06 -9.652595106781e-02 -5.477181625366e+01 -9.652595108331e-02 3.774971378783e-05 9.953304674039e-01 8.017137145996e+01 -1.417529266993e-06 -9.999999992850e-01 3.778934397363e-05 2.096328020096e+00
