P0: -5.542562584220e+02 0.000000000000e+00 -9.600000000000e+02 -4.301219445874e+03 -4.408728476930e-14 5.542562584220e+02 -3.600000000000e+02 -1.612957292203e+03 -1.224646799147e-16 0.000000000000e+00 -1.000000000000e+00 -4.480436922786e+00
P1: -9.600000000000e+02 0.000000000000e+00 5.542562584220e+02 2.483815221646e+02 -3.600000000000e+02 5.542562584220e+02 2.204364238465e-14 -3.724768724592e+02 -1.000000000000e+00 0.000000000000e+00 6.123233995737e-17 -1.034657979053e+00
P2: 5.542562584220e+02 0.000000000000e+00 9.600000000000e+02 0.000000000000e+00 0.000000000000e+00 5.542562584220e+02 3.600000000000e+02 0.000000000000e+00 0.000000000000e+00 0.000000000000e+00 1.000000000000e+00 0.000000000000e+00
P3: 5.542562584220e+02 0.000000000000e+00 9.600000000000e+02 -4.434052048347e+02 0.000000000000e+00 5.542562584220e+02 3.600000000000e+02 0.000000000000e+00 0.000000000000e+00 0.000000000000e+00 1.000000000000e+00 0.000000000000e+00
P4: 9.600000000000e+02 0.000000000000e+00 -5.542562584220e+02 -2.234921220251e+03 3.600000000000e+02 5.542562584220e+02 2.204364238465e-14 -3.724756528618e+02 1.000000000000e+00 0.000000000000e+00 6.123233995737e-17 -1.034654591283e+00
P5: 5.542562584220e+02 9.600000000000e+02 5.878304635907e-14 2.399999084473e+04 0.000000000000e+00 9.600000000000e+02 -5.542562584220e+02 2.399999084473e+04 0.000000000000e+00 1.000000000000e+00 6.123233995737e-17 2.499999046326e+01
R0_rect: 1.000000000000e+00 0.000000000000e+00 0.000000000000e+00 0.000000000000e+00 1.000000000000e+00 0.000000000000e+00 0.000000000000e+00 0.000000000000e+00 1.000000000000e+00
Tr_velo_to_p2: 0.000000000000e+00 -1.000000000000e+00 0.000000000000e+00 -3.467197581771e-06 0.000000000000e+00 0.000000000000e+00 -1.000000000000e+00 -5.000000448617e-01 1.000000000000e+00 0.000000000000e+00 0.000000000000e+00 -2.240216165887e+00
imu_to_world: -9.317618519308e-02 -9.956496325452e-01 8.789516359077e-05 -5.454892349243e+01 9.956492667783e-01 -9.317622630727e-02 -8.534722515508e-04 7.790386199951e+01 8.579490732981e-04 7.989466614864e-06 9.999996319297e-01 5.810428410769e-02
p2_to_world: -9.956496325452e-01 -8.789516359077e-05 -9.317618519308e-02 -5.475748062134e+01 -9.317622630727e-02 8.534722515508e-04 9.956492667783e-01 8.013259124756e+01 7.989466614864e-06 -9.999996319297e-01 8.579490732981e-04 2.097816467285e+00
