P0: -5.542562584220e+02 0.000000000000e+00 -9.600000000000e+02 -4.301202485693e+03 -4.408728476930e-14 5.542562584220e+02 -3.600000000000e+02 -1.612950932135e+03 -1.224646799147e-16 0.000000000000e+00 -1.000000000000e+00 -4.480419255930e+00
P1: -9.600000000000e+02 0.000000000000e+00 5.542562584220e+02 2.483758934557e+02 -3.600000000000e+02 5.542562584220e+02 2.204364238465e-14 -3.724761977235e+02 -1.000000000000e+00 0.000000000000e+00 6.123233995737e-17 -1.034656104787e+00
P2: 5.542562584220e+02 0.000000000000e+00 9.600000000000e+02 0.000000000000e+00 0.000000000000e+00 5.542562584220e+02 3.600000000000e+02 0.000000000000e+00 0.000000000000e+00 0.000000000000e+00 1.000000000000e+00 0.000000000000e+00
P3: 5.542562584220e+02 0.000000000000e+00 9.600000000000e+02 -4.434032296469e+02 0.000000000000e+00 5.542562584220e+02 3.600000000000e+02 0.000000000000e+00 0.000000000000e+00 0.000000000000e+00 1.000000000000e+00 0.000000000000e+00
P4: 9.600000000000e+02 0.000000000000e+00 -5.542562584220e+02 -2.234918109302e+03 3.600000000000e+02 5.542562584220e+02 2.204364238465e-14 -3.724753719401e+02 1.000000000000e+00 0.000000000000e+00 6.123233995737e-17 -1.034653810945e+00
P5: 5.542562584220e+02 9.600000000000e+02 5.878304635907e-14 2.399989356995e+04 0.000000000000e+00 9.600000000000e+02 -5.542562584220e+02 2.399989356995e+04 0.000000000000e+00 1.000000000000e+00 6.123233995737e-17 2.499988913536e+01
R0_rect: 1.000000000000e+00 0.000000000000e+00 0.000000000000e+00 0.000000000000e+00 1.000000000000e+00 0.000000000000e+00 0.000000000000e+00 0.000000000000e+00 1.000000000000e+00
Tr_velo_to_p2: 0.000000000000e+00 -1.000000000000e+00 0.000000000000e+00 -1.134785598058e-06 0.000000000000e+00 0.000000000000e+00 -1.000000000000e+00 -4.999997702236e-01 1.000000000000e+00 0.000000000000e+00 0.000000000000e+00 -2.240214621875e+00
imu_to_world: -9.842542249275e-02 -9.951438020864e-01 1.117754995778e-03 -5.456130599976e+01 9.951404321555e-01 -9.842814873775e-02 -2.723935655964e-03 7.797079467773e+01 2.820726240291e-03 8.442186717611e-04 9.999956653898e-01 5.724605545402e-02
p2_to_world: -9.951438020864e-01 -1.117754995778e-03 -9.842542249275e-02 -5.477952575684e+01 -9.842814873775e-02 2.723935655964e-03 9.951404321555e-01 8.019457244873e+01 8.442186717611e-04 -9.999956653898e-01 2.820726240291e-03 2.101347208023e+00
