P0: -5.542562584220e+02 0.000000000000e+00 -9.600000000000e+02 -4.301221814175e+03 -4.408728476930e-14 5.542562584220e+02 -3.600000000000e+02 -1.612958180315e+03 -1.224646799147e-16 0.000000000000e+00 -1.000000000000e+00 -4.480439389765e+00
P1: -9.600000000000e+02 0.000000000000e+00 5.542562584220e+02 2.483849175107e+02 -3.600000000000e+02 5.542562584220e+02 2.204364238465e-14 -3.724772021044e+02 -1.000000000000e+00 0.000000000000e+00 6.123233995737e-17 -1.034658894735e+00
P2: 5.542562584220e+02 0.000000000000e+00 9.600000000000e+02 0.000000000000e+00 0.000000000000e+00 5.542562584220e+02 3.600000000000e+02 0.000000000000e+00 0.000000000000e+00 0.000000000000e+00 1.000000000000e+00 0.000000000000e+00
P3: 5.542562584220e+02 0.000000000000e+00 9.600000000000e+02 -4.434062934123e+02 0.000000000000e+00 5.542562584220e+02 3.600000000000e+02 0.000000000000e+00 0.000000000000e+00 0.000000000000e+00 1.000000000000e+00 0.000000000000e+00
P4: 9.600000000000e+02 0.000000000000e+00 -5.542562584220e+02 -2.234929744567e+03 3.600000000000e+02 5.542562584220e+02 2.204364238465e-14 -3.724767057517e+02 1.000000000000e+00 0.000000000000e+00 6.123233995737e-17 -1.034657515977e+00
P5: 5.542562584220e+02 9.600000000000e+02 5.878304635907e-14 2.399999908447e+04 0.000000000000e+00 9.600000000000e+02 -5.542562584220e+02 2.399999908447e+04 0.000000000000e+00 1.000000000000e+00 6.123233995737e-17 2.499999904633e+01
R0_rect: 1.000000000000e+00 0.000000000000e+00 0.000000000000e+00 0.000000000000e+00 1.000000000000e+00 0.000000000000e+00 0.000000000000e+00 0.000000000000e+00 1.000000000000e+00
Tr_velo_to_p2: 0.000000000000e+00 -1.000000000000e+00 0.000000000000e+00 1.034097549668e-06 0.000000000000e+00 0.000000000000e+00 -1.000000000000e+00 -5.000000967952e-01 1.000000000000e+00 0.000000000000e+00 0.000000000000e+00 -2.240224866852e+00
imu_to_world: -9.678796400942e-02 -9.953050136839e-01 1.405651438635e-04 -5.455632781982e+01 9.953049407435e-01 -9.678801261572e-02 -3.943926487282e-04 7.794570922852e+01 4.061460015568e-04 1.017327206929e-04 9.999999123479e-01 5.829273164272e-02
p2_to_world: -9.953050136839e-01 -1.405651438635e-04 -9.678796400942e-02 -5.477286529541e+01 -9.678801261572e-02 3.943926487282e-04 9.953049407435e-01 8.017460632324e+01 1.017327206929e-04 -9.999999123479e-01 4.061460015568e-04 2.096993446350e+00
