P0: -5.542562584220e+02 0.000000000000e+00 -9.600000000000e+02 -4.301019007137e+03 -4.408728476930e-14 5.542562584220e+02 -3.600000000000e+02 -1.612882127676e+03 -1.224646799147e-16 0.000000000000e+00 -1.000000000000e+00 -4.480228132434e+00
P1: -9.600000000000e+02 0.000000000000e+00 5.542562584220e+02 2.483126370794e+02 -3.600000000000e+02 5.542562584220e+02 2.204364238465e-14 -3.724780288545e+02 -1.000000000000e+00 0.000000000000e+00 6.123233995737e-17 -1.034661191263e+00
P2: 5.542562584220e+02 0.000000000000e+00 9.600000000000e+02 0.000000000000e+00 0.000000000000e+00 5.542562584220e+02 3.600000000000e+02 0.000000000000e+00 0.000000000000e+00 0.000000000000e+00 1.000000000000e+00 0.000000000000e+00
P3: 5.542562584220e+02 0.000000000000e+00 9.600000000000e+02 -4.434013933040e+02 0.000000000000e+00 5.542562584220e+02 3.600000000000e+02 0.000000000000e+00 0.000000000000e+00 0.000000000000e+00 1.000000000000e+00 0.000000000000e+00
P4: 9.600000000000e+02 0.000000000000e+00 -5.542562584220e+02 -2.234877592741e+03 3.600000000000e+02 5.542562584220e+02 2.204364238465e-14 -3.724764344521e+02 1.000000000000e+00 0.000000000000e+00 6.123233995737e-17 -1.034656762367e+00
P5: 5.542562584220e+02 9.600000000000e+02 5.878304635907e-14 2.399887619019e+04 0.000000000000e+00 9.600000000000e+02 -5.542562584220e+02 2.399887619019e+04 0.000000000000e+00 1.000000000000e+00 6.123233995737e-17 2.499882936478e+01
R0_rect: 1.000000000000e+00 0.000000000000e+00 0.000000000000e+00 0.000000000000e+00 1.000000000000e+00 0.000000000000e+00 0.000000000000e+00 0.000000000000e+00 1.000000000000e+00
Tr_velo_to_p2: 0.000000000000e+00 -1.000000000000e+00 0.000000000000e+00 -2.315247034210e-06 0.000000000000e+00 0.000000000000e+00 -1.000000000000e+00 -5.000001461974e-01 1.000000000000e+00 0.000000000000e+00 0.000000000000e+00 -2.240217797476e+00
imu_to_world: -1.329233522886e-01 -9.911216188977e-01 -3.052698792941e-03 -5.464992523193e+01 9.910808585644e-01 -1.329461248547e-01 9.168406260678e-03 7.837729644775e+01 -9.492850130665e-03 -1.806776045334e-03 9.999533095884e-01 6.258384883404e-02
p2_to_world: -9.911216188977e-01 3.052698792941e-03 -1.329233522886e-01 -5.495392608643e+01 -1.329461248547e-01 -9.168406260678e-03 9.910808585644e-01 8.061621093750e+01 -1.806776045334e-03 -9.999533095884e-01 -9.492850130665e-03 2.079013347626e+00
