P0: -5.542562584220e+02 0.000000000000e+00 -9.600000000000e+02 -4.301217655464e+03 -4.408728476930e-14 5.542562584220e+02 -3.600000000000e+02 -1.612956620799e+03 -1.224646799147e-16 0.000000000000e+00 -1.000000000000e+00 -4.480435057775e+00
P1: -9.600000000000e+02 0.000000000000e+00 5.542562584220e+02 2.483824782248e+02 -3.600000000000e+02 5.542562584220e+02 2.204364238465e-14 -3.724757834412e+02 -1.000000000000e+00 0.000000000000e+00 6.123233995737e-17 -1.034654954003e+00
P2: 5.542562584220e+02 0.000000000000e+00 9.600000000000e+02 0.000000000000e+00 0.000000000000e+00 5.542562584220e+02 3.600000000000e+02 0.000000000000e+00 0.000000000000e+00 0.000000000000e+00 1.000000000000e+00 0.000000000000e+00
P3: 5.542562584220e+02 0.000000000000e+00 9.600000000000e+02 -4.434053404470e+02 0.000000000000e+00 5.542562584220e+02 3.600000000000e+02 0.000000000000e+00 0.000000000000e+00 0.000000000000e+00 1.000000000000e+00 0.000000000000e+00
P4: 9.600000000000e+02 0.000000000000e+00 -5.542562584220e+02 -2.234925507886e+03 3.600000000000e+02 5.542562584220e+02 2.204364238465e-14 -3.724769178704e+02 1.000000000000e+00 0.000000000000e+00 6.123233995737e-17 -1.034658105196e+00
P5: 5.542562584220e+02 9.600000000000e+02 5.878304635907e-14 2.400000022888e+04 0.000000000000e+00 9.600000000000e+02 -5.542562584220e+02 2.400000022888e+04 0.000000000000e+00 1.000000000000e+00 6.123233995737e-17 2.500000023842e+01
R0_rect: 1.000000000000e+00 0.000000000000e+00 0.000000000000e+00 0.000000000000e+00 1.000000000000e+00 0.000000000000e+00 0.000000000000e+00 0.000000000000e+00 1.000000000000e+00
Tr_velo_to_p2: 0.000000000000e+00 -1.000000000000e+00 0.000000000000e+00 5.360085725641e-06 0.000000000000e+00 0.000000000000e+00 -1.000000000000e+00 -4.999999599093e-01 1.000000000000e+00 0.000000000000e+00 0.000000000000e+00 -2.240216804635e+00
imu_to_world: -9.313684259080e-02 -9.956533078892e-01 -1.379908512774e-04 -5.454875946045e+01 9.956533074472e-01 -9.313686040745e-02 1.288518433753e-04 7.790298461914e+01 -1.411437987371e-04 -1.253901936178e-04 9.999999821779e-01 5.854476615787e-02
p2_to_world: -9.956533078892e-01 1.379908512774e-04 -9.313684259080e-02 -5.475768280029e+01 -9.313686040745e-02 -1.288518433753e-04 9.956533074472e-01 8.013372039795e+01 -1.253901936178e-04 -9.999999821779e-01 -1.411437987371e-04 2.096019506454e+00
