P0: -5.542562584220e+02 0.000000000000e+00 -9.600000000000e+02 -4.300946037180e+03 -4.408728476930e-14 5.542562584220e+02 -3.600000000000e+02 -1.612854763943e+03 -1.224646799147e-16 0.000000000000e+00 -1.000000000000e+00 -4.480152122063e+00
P1: -9.600000000000e+02 0.000000000000e+00 5.542562584220e+02 2.483001016649e+02 -3.600000000000e+02 5.542562584220e+02 2.204364238465e-14 -3.724760926883e+02 -1.000000000000e+00 0.000000000000e+00 6.123233995737e-17 -1.034655813023e+00
P2: 5.542562584220e+02 0.000000000000e+00 9.600000000000e+02 0.000000000000e+00 0.000000000000e+00 5.542562584220e+02 3.600000000000e+02 0.000000000000e+00 0.000000000000e+00 0.000000000000e+00 1.000000000000e+00 0.000000000000e+00
P3: 5.542562584220e+02 0.000000000000e+00 9.600000000000e+02 -4.434050218407e+02 0.000000000000e+00 5.542562584220e+02 3.600000000000e+02 0.000000000000e+00 0.000000000000e+00 0.000000000000e+00 1.000000000000e+00 0.000000000000e+00
P4: 9.600000000000e+02 0.000000000000e+00 -5.542562584220e+02 -2.234854692081e+03 3.600000000000e+02 5.542562584220e+02 2.204364238465e-14 -3.724770082168e+02 1.000000000000e+00 0.000000000000e+00 6.123233995737e-17 -1.034658356158e+00
P5: 5.542562584220e+02 9.600000000000e+02 5.878304635907e-14 2.399847267151e+04 0.000000000000e+00 9.600000000000e+02 -5.542562584220e+02 2.399847267151e+04 0.000000000000e+00 1.000000000000e+00 6.123233995737e-17 2.499840903282e+01
R0_rect: 1.000000000000e+00 0.000000000000e+00 0.000000000000e+00 0.000000000000e+00 1.000000000000e+00 0.000000000000e+00 0.000000000000e+00 0.000000000000e+00 1.000000000000e+00
Tr_velo_to_p2: 0.000000000000e+00 -1.000000000000e+00 0.000000000000e+00 1.046951737172e-06 0.000000000000e+00 0.000000000000e+00 -1.000000000000e+00 -5.000002680691e-01 1.000000000000e+00 0.000000000000e+00 0.000000000000e+00 -2.240217404655e+00
imu_to_world: -3.369605913984e-02 -9.994310425101e-01 1.472027745112e-03 -5.441881561279e+01 9.993689680514e-01 -3.371045127603e-02 -1.119246043977e-02 7.691090393066e+01 1.123571512515e-02 1.093957039677e-03 9.999362789516e-01 5.360290408134e-02
p2_to_world: -9.994310425101e-01 -1.472027745112e-03 -3.369605913984e-02 -5.449130249023e+01 -3.371045127603e-02 1.119246043977e-02 9.993689680514e-01 7.912689971924e+01 1.093957039677e-03 -9.999362789516e-01 1.123571512515e-02 2.116434335709e+00
