P0: -5.542562584220e+02 0.000000000000e+00 -9.600000000000e+02 -4.300157646803e+03 -4.408728476930e-14 5.542562584220e+02 -3.600000000000e+02 -1.612559117551e+03 -1.224646799147e-16 0.000000000000e+00 -1.000000000000e+00 -4.479330882086e+00
P1: -9.600000000000e+02 0.000000000000e+00 5.542562584220e+02 2.480343027455e+02 -3.600000000000e+02 5.542562584220e+02 2.204364238465e-14 -3.724738782061e+02 -1.000000000000e+00 0.000000000000e+00 6.123233995737e-17 -1.034649661683e+00
P2: 5.542562584220e+02 0.000000000000e+00 9.600000000000e+02 0.000000000000e+00 0.000000000000e+00 5.542562584220e+02 3.600000000000e+02 0.000000000000e+00 0.000000000000e+00 0.000000000000e+00 1.000000000000e+00 0.000000000000e+00
P3: 5.542562584220e+02 0.000000000000e+00 9.600000000000e+02 -4.434028403682e+02 0.000000000000e+00 5.542562584220e+02 3.600000000000e+02 0.000000000000e+00 0.000000000000e+00 0.000000000000e+00 1.000000000000e+00 0.000000000000e+00
P4: 9.600000000000e+02 0.000000000000e+00 -5.542562584220e+02 -2.234662502416e+03 3.600000000000e+02 5.542562584220e+02 2.204364238465e-14 -3.724753184003e+02 1.000000000000e+00 0.000000000000e+00 6.123233995737e-17 -1.034653662223e+00
P5: 5.542562584220e+02 9.600000000000e+02 5.878304635907e-14 2.399392547607e+04 0.000000000000e+00 9.600000000000e+02 -5.542562584220e+02 2.399392547607e+04 0.000000000000e+00 1.000000000000e+00 6.123233995737e-17 2.499367237091e+01
R0_rect: 1.000000000000e+00 0.000000000000e+00 0.000000000000e+00 0.000000000000e+00 1.000000000000e+00 0.000000000000e+00 0.000000000000e+00 0.000000000000e+00 1.000000000000e+00
Tr_velo_to_p2: 0.000000000000e+00 -1.000000000000e+00 0.000000000000e+00 2.145929534393e-06 0.000000000000e+00 0.000000000000e+00 -1.000000000000e+00 -5.000002477029e-01 1.000000000000e+00 0.000000000000e+00 0.000000000000e+00 -2.240211501454e+00
imu_to_world: -9.302128261572e-02 -9.956472398533e-01 -5.797823126702e-03 -5.454778671265e+01 9.954170627182e-01 -9.312633705291e-02 2.173376627760e-02 7.789530944824e+01 -2.217909443658e-02 -3.749549251728e-03 9.997469823162e-01 6.813666969538e-02
p2_to_world: -9.956472398533e-01 5.797823126702e-03 -9.302128261572e-02 -5.476798629761e+01 -9.312633705291e-02 -2.173376627760e-02 9.954170627182e-01 8.016954803467e+01 -3.749549251728e-03 -9.997469823162e-01 -2.217909443658e-02 2.055726051331e+00
