P0: -5.542562584220e+02 0.000000000000e+00 -9.600000000000e+02 -4.301219104652e+03 -4.408728476930e-14 5.542562584220e+02 -3.600000000000e+02 -1.612957164245e+03 -1.224646799147e-16 0.000000000000e+00 -1.000000000000e+00 -4.480436567346e+00
P1: -9.600000000000e+02 0.000000000000e+00 5.542562584220e+02 2.483822476289e+02 -3.600000000000e+02 5.542562584220e+02 2.204364238465e-14 -3.724766576813e+02 -1.000000000000e+00 0.000000000000e+00 6.123233995737e-17 -1.034657382448e+00
P2: 5.542562584220e+02 0.000000000000e+00 9.600000000000e+02 0.000000000000e+00 0.000000000000e+00 5.542562584220e+02 3.600000000000e+02 0.000000000000e+00 0.000000000000e+00 0.000000000000e+00 1.000000000000e+00 0.000000000000e+00
P3: 5.542562584220e+02 0.000000000000e+00 9.600000000000e+02 -4.434052048345e+02 0.000000000000e+00 5.542562584220e+02 3.600000000000e+02 0.000000000000e+00 0.000000000000e+00 0.000000000000e+00 1.000000000000e+00 0.000000000000e+00
P4: 9.600000000000e+02 0.000000000000e+00 -5.542562584220e+02 -2.234929982131e+03 3.600000000000e+02 5.542562584220e+02 2.204364238465e-14 -3.724774908731e+02 1.000000000000e+00 0.000000000000e+00 6.123233995737e-17 -1.034659696870e+00
P5: 5.542562584220e+02 9.600000000000e+02 5.878304635907e-14 2.399999908447e+04 0.000000000000e+00 9.600000000000e+02 -5.542562584220e+02 2.399999908447e+04 0.000000000000e+00 1.000000000000e+00 6.123233995737e-17 2.499999904633e+01
R0_rect: 1.000000000000e+00 0.000000000000e+00 0.000000000000e+00 0.000000000000e+00 1.000000000000e+00 0.000000000000e+00 0.000000000000e+00 0.000000000000e+00 1.000000000000e+00
Tr_velo_to_p2: 0.000000000000e+00 -1.000000000000e+00 0.000000000000e+00 1.168655290301e-06 0.000000000000e+00 0.000000000000e+00 -1.000000000000e+00 -5.000001806406e-01 1.000000000000e+00 0.000000000000e+00 0.000000000000e+00 -2.240216383201e+00
imu_to_world: -9.317648312747e-02 -9.956496083530e-01 1.945721742715e-05 -5.454888153076e+01 9.956495922065e-01 -9.317648512095e-02 -1.793308446783e-04 7.790361022949e+01 1.803636403997e-04 2.663153173415e-06 9.999999837309e-01 5.839042365551e-02
p2_to_world: -9.956496083530e-01 -1.945721742715e-05 -9.317648312747e-02 -5.475757598877e+01 -9.317648512095e-02 1.793308446783e-04 9.956495922065e-01 8.013371276855e+01 2.663153173415e-06 -9.999999837309e-01 1.803636403997e-04 2.096585273743e+00
