P0: -5.542562584220e+02 0.000000000000e+00 -9.600000000000e+02 -4.301219445875e+03 -4.408728476930e-14 5.542562584220e+02 -3.600000000000e+02 -1.612957292203e+03 -1.224646799147e-16 0.000000000000e+00 -1.000000000000e+00 -4.480436922786e+00
P1: -9.600000000000e+02 0.000000000000e+00 5.542562584220e+02 2.483826103610e+02 -3.600000000000e+02 5.542562584220e+02 2.204364238465e-14 -3.724765502923e+02 -1.000000000000e+00 0.000000000000e+00 6.123233995737e-17 -1.034657084145e+00
P2: 5.542562584220e+02 0.000000000000e+00 9.600000000000e+02 0.000000000000e+00 0.000000000000e+00 5.542562584220e+02 3.600000000000e+02 0.000000000000e+00 0.000000000000e+00 0.000000000000e+00 1.000000000000e+00 0.000000000000e+00
P3: 5.542562584220e+02 0.000000000000e+00 9.600000000000e+02 -4.434073099560e+02 0.000000000000e+00 5.542562584220e+02 3.600000000000e+02 0.000000000000e+00 0.000000000000e+00 0.000000000000e+00 1.000000000000e+00 0.000000000000e+00
P4: 9.600000000000e+02 0.000000000000e+00 -5.542562584220e+02 -2.234921850278e+03 3.600000000000e+02 5.542562584220e+02 2.204364238465e-14 -3.724759750285e+02 1.000000000000e+00 0.000000000000e+00 6.123233995737e-17 -1.034655486190e+00
P5: 5.542562584220e+02 9.600000000000e+02 5.878304635907e-14 2.399999885559e+04 0.000000000000e+00 9.600000000000e+02 -5.542562584220e+02 2.399999885559e+04 0.000000000000e+00 1.000000000000e+00 6.123233995737e-17 2.499999880791e+01
R0_rect: 1.000000000000e+00 0.000000000000e+00 0.000000000000e+00 0.000000000000e+00 1.000000000000e+00 0.000000000000e+00 0.000000000000e+00 0.000000000000e+00 1.000000000000e+00
Tr_velo_to_p2: 0.000000000000e+00 -1.000000000000e+00 0.000000000000e+00 1.884613779661e-06 0.000000000000e+00 0.000000000000e+00 -1.000000000000e+00 -4.999998935046e-01 1.000000000000e+00 0.000000000000e+00 0.000000000000e+00 -2.240218003399e+00
imu_to_world: -9.317661721925e-02 -9.956495959900e-01 -2.907990564429e-06 -5.454886627197e+01 9.956495959668e-01 -9.317661723797e-02 7.151129123331e-06 7.790354919434e+01 -7.390975546271e-06 -2.229021609539e-06 9.999999999702e-01 5.847160145640e-02
p2_to_world: -9.956495959900e-01 2.907990564429e-06 -9.317661721925e-02 -5.475760650635e+01 -9.317661723797e-02 -7.151129123331e-06 9.956495959668e-01 8.013403320312e+01 -2.229021609539e-06 -9.999999999702e-01 -7.390975546271e-06 2.096246004105e+00
