P0: -5.542562584220e+02 0.000000000000e+00 -9.600000000000e+02 -4.301222494830e+03 -4.408728476930e-14 5.542562584220e+02 -3.600000000000e+02 -1.612958435561e+03 -1.224646799147e-16 0.000000000000e+00 -1.000000000000e+00 -4.480440098782e+00
P1: -9.600000000000e+02 0.000000000000e+00 5.542562584220e+02 2.483884243555e+02 -3.600000000000e+02 5.542562584220e+02 2.204364238465e-14 -3.724757998941e+02 -1.000000000000e+00 0.000000000000e+00 6.123233995737e-17 -1.034654999706e+00
P2: 5.542562584220e+02 0.000000000000e+00 9.600000000000e+02 0.000000000000e+00 0.000000000000e+00 5.542562584220e+02 3.600000000000e+02 0.000000000000e+00 0.000000000000e+00 0.000000000000e+00 1.000000000000e+00 0.000000000000e+00
P3: 5.542562584220e+02 0.000000000000e+00 9.600000000000e+02 -4.434053702890e+02 0.000000000000e+00 5.542562584220e+02 3.600000000000e+02 0.000000000000e+00 0.000000000000e+00 0.000000000000e+00 1.000000000000e+00 0.000000000000e+00
P4: 9.600000000000e+02 0.000000000000e+00 -5.542562584220e+02 -2.234927380024e+03 3.600000000000e+02 5.542562584220e+02 2.204364238465e-14 -3.724756612383e+02 1.000000000000e+00 0.000000000000e+00 6.123233995737e-17 -1.034654614551e+00
P5: 5.542562584220e+02 9.600000000000e+02 5.878304635907e-14 2.400000205994e+04 0.000000000000e+00 9.600000000000e+02 -5.542562584220e+02 2.400000205994e+04 0.000000000000e+00 1.000000000000e+00 6.123233995737e-17 2.500000214577e+01
R0_rect: 1.000000000000e+00 0.000000000000e+00 0.000000000000e+00 0.000000000000e+00 1.000000000000e+00 0.000000000000e+00 0.000000000000e+00 0.000000000000e+00 1.000000000000e+00
Tr_velo_to_p2: 0.000000000000e+00 -1.000000000000e+00 0.000000000000e+00 -8.645993214757e-07 0.000000000000e+00 0.000000000000e+00 -1.000000000000e+00 -4.999999806814e-01 1.000000000000e+00 0.000000000000e+00 0.000000000000e+00 -2.240228179603e+00
imu_to_world: -9.652595113667e-02 -9.953304681122e-01 -2.174324398096e-06 -5.455558013916e+01 9.953304681140e-01 -9.652595113874e-02 8.670535506416e-07 7.794166564941e+01 -1.072883547049e-06 -2.080478152327e-06 9.999999999973e-01 5.846950411797e-02
p2_to_world: -9.953304681122e-01 2.174324398096e-06 -9.652595113667e-02 -5.477182388306e+01 -9.652595113874e-02 -8.670535506416e-07 9.953304681140e-01 8.017143249512e+01 -2.080478152327e-06 -9.999999999973e-01 -1.072883547049e-06 2.096257925034e+00
