P0: -5.542562584220e+02 0.000000000000e+00 -9.600000000000e+02 -4.300951684519e+03 -4.408728476930e-14 5.542562584220e+02 -3.600000000000e+02 -1.612856881695e+03 -1.224646799147e-16 0.000000000000e+00 -1.000000000000e+00 -4.480158004707e+00
P1: -9.600000000000e+02 0.000000000000e+00 5.542562584220e+02 2.482899181436e+02 -3.600000000000e+02 5.542562584220e+02 2.204364238465e-14 -3.724764015851e+02 -1.000000000000e+00 0.000000000000e+00 6.123233995737e-17 -1.034656671070e+00
P2: 5.542562584220e+02 0.000000000000e+00 9.600000000000e+02 0.000000000000e+00 0.000000000000e+00 5.542562584220e+02 3.600000000000e+02 0.000000000000e+00 0.000000000000e+00 0.000000000000e+00 1.000000000000e+00 0.000000000000e+00
P3: 5.542562584220e+02 0.000000000000e+00 9.600000000000e+02 -4.434013931849e+02 0.000000000000e+00 5.542562584220e+02 3.600000000000e+02 0.000000000000e+00 0.000000000000e+00 0.000000000000e+00 1.000000000000e+00 0.000000000000e+00
P4: 9.600000000000e+02 0.000000000000e+00 -5.542562584220e+02 -2.234861326855e+03 3.600000000000e+02 5.542562584220e+02 2.204364238465e-14 -3.724763353190e+02 1.000000000000e+00 0.000000000000e+00 6.123233995737e-17 -1.034656486997e+00
P5: 5.542562584220e+02 9.600000000000e+02 5.878304635907e-14 2.399841819763e+04 0.000000000000e+00 9.600000000000e+02 -5.542562584220e+02 2.399841819763e+04 0.000000000000e+00 1.000000000000e+00 6.123233995737e-17 2.499835228920e+01
R0_rect: 1.000000000000e+00 0.000000000000e+00 0.000000000000e+00 0.000000000000e+00 1.000000000000e+00 0.000000000000e+00 0.000000000000e+00 0.000000000000e+00 1.000000000000e+00
Tr_velo_to_p2: 0.000000000000e+00 -1.000000000000e+00 0.000000000000e+00 2.122625246609e-07 0.000000000000e+00 0.000000000000e+00 -1.000000000000e+00 -5.000002051913e-01 1.000000000000e+00 0.000000000000e+00 0.000000000000e+00 -2.240220193930e+00
imu_to_world: -1.329081015714e-01 -9.911200983432e-01 -4.048110280665e-03 -5.464976501465e+01 9.910653111986e-01 -1.329446080760e-01 1.073685812168e-02 7.837670135498e+01 -1.117969031217e-02 -2.584926245279e-03 9.999341641732e-01 6.333480775356e-02
p2_to_world: -9.911200983432e-01 4.048110280665e-03 -1.329081015714e-01 -5.495575714111e+01 -1.329446080760e-01 -1.073685812168e-02 9.910653111986e-01 8.061878204346e+01 -2.584926245279e-03 -9.999341641732e-01 -1.117969031217e-02 2.075946569443e+00
