P0: -5.542562584220e+02 0.000000000000e+00 -9.600000000000e+02 -4.301210022008e+03 -4.408728476930e-14 5.542562584220e+02 -3.600000000000e+02 -1.612953758253e+03 -1.224646799147e-16 0.000000000000e+00 -1.000000000000e+00 -4.480427106258e+00
P1: -9.600000000000e+02 0.000000000000e+00 5.542562584220e+02 2.483799391045e+02 -3.600000000000e+02 5.542562584220e+02 2.204364238465e-14 -3.724765351626e+02 -1.000000000000e+00 0.000000000000e+00 6.123233995737e-17 -1.034657042118e+00
P2: 5.542562584220e+02 0.000000000000e+00 9.600000000000e+02 0.000000000000e+00 0.000000000000e+00 5.542562584220e+02 3.600000000000e+02 0.000000000000e+00 0.000000000000e+00 0.000000000000e+00 1.000000000000e+00 0.000000000000e+00
P3: 5.542562584220e+02 0.000000000000e+00 9.600000000000e+02 -4.434036291597e+02 0.000000000000e+00 5.542562584220e+02 3.600000000000e+02 0.000000000000e+00 0.000000000000e+00 0.000000000000e+00 1.000000000000e+00 0.000000000000e+00
P4: 9.600000000000e+02 0.000000000000e+00 -5.542562584220e+02 -2.234927487094e+03 3.600000000000e+02 5.542562584220e+02 2.204364238465e-14 -3.724775334691e+02 1.000000000000e+00 0.000000000000e+00 6.123233995737e-17 -1.034659815192e+00
P5: 5.542562584220e+02 9.600000000000e+02 5.878304635907e-14 2.399993728638e+04 0.000000000000e+00 9.600000000000e+02 -5.542562584220e+02 2.399993728638e+04 0.000000000000e+00 1.000000000000e+00 6.123233995737e-17 2.499993467331e+01
R0_rect: 1.000000000000e+00 0.000000000000e+00 0.000000000000e+00 0.000000000000e+00 1.000000000000e+00 0.000000000000e+00 0.000000000000e+00 0.000000000000e+00 1.000000000000e+00
Tr_velo_to_p2: 0.000000000000e+00 -1.000000000000e+00 0.000000000000e+00 -3.705023540229e-06 0.000000000000e+00 0.000000000000e+00 -1.000000000000e+00 -4.999999895036e-01 1.000000000000e+00 0.000000000000e+00 0.000000000000e+00 -2.240214876991e+00
imu_to_world: -9.313567729338e-02 -9.956532632524e-01 -5.700788605964e-04 -5.454865264893e+01 9.956508580595e-01 -9.313672229749e-02 2.218063340225e-03 7.790239715576e+01 -2.261517279322e-03 -3.610186752430e-04 9.999973775991e-01 5.945571884513e-02
p2_to_world: -9.956532632524e-01 5.700788605964e-04 -9.313567729338e-02 -5.475845718384e+01 -9.313672229749e-02 -2.218063340225e-03 9.956508580595e-01 8.013739013672e+01 -3.610186752430e-04 -9.999973775991e-01 -2.261517279322e-03 2.092175006866e+00
