P0: -5.542562584220e+02 0.000000000000e+00 -9.600000000000e+02 -4.301222141342e+03 -4.408728476930e-14 5.542562584220e+02 -3.600000000000e+02 -1.612958303003e+03 -1.224646799147e-16 0.000000000000e+00 -1.000000000000e+00 -4.480439730564e+00
P1: -9.600000000000e+02 0.000000000000e+00 5.542562584220e+02 2.483849834332e+02 -3.600000000000e+02 5.542562584220e+02 2.204364238465e-14 -3.724771667725e+02 -1.000000000000e+00 0.000000000000e+00 6.123233995737e-17 -1.034658796590e+00
P2: 5.542562584220e+02 0.000000000000e+00 9.600000000000e+02 0.000000000000e+00 0.000000000000e+00 5.542562584220e+02 3.600000000000e+02 0.000000000000e+00 0.000000000000e+00 0.000000000000e+00 1.000000000000e+00 0.000000000000e+00
P3: 5.542562584220e+02 0.000000000000e+00 9.600000000000e+02 -4.434053702890e+02 0.000000000000e+00 5.542562584220e+02 3.600000000000e+02 0.000000000000e+00 0.000000000000e+00 0.000000000000e+00 1.000000000000e+00 0.000000000000e+00
P4: 9.600000000000e+02 0.000000000000e+00 -5.542562584220e+02 -2.234930820947e+03 3.600000000000e+02 5.542562584220e+02 2.204364238465e-14 -3.724770281167e+02 1.000000000000e+00 0.000000000000e+00 6.123233995737e-17 -1.034658411435e+00
P5: 5.542562584220e+02 9.600000000000e+02 5.878304635907e-14 2.399999771118e+04 0.000000000000e+00 9.600000000000e+02 -5.542562584220e+02 2.399999771118e+04 0.000000000000e+00 1.000000000000e+00 6.123233995737e-17 2.499999761581e+01
R0_rect: 1.000000000000e+00 0.000000000000e+00 0.000000000000e+00 0.000000000000e+00 1.000000000000e+00 0.000000000000e+00 0.000000000000e+00 0.000000000000e+00 1.000000000000e+00
Tr_velo_to_p2: 0.000000000000e+00 -1.000000000000e+00 0.000000000000e+00 -6.717234304027e-07 0.000000000000e+00 0.000000000000e+00 -1.000000000000e+00 -5.000000566266e-01 1.000000000000e+00 0.000000000000e+00 0.000000000000e+00 -2.240221052089e+00
imu_to_world: -9.652595113636e-02 -9.953304680821e-01 -8.043785953788e-06 -5.455557632446e+01 9.953304681108e-01 -9.652595115511e-02 1.974599876191e-06 7.794166564941e+01 -2.741813509122e-06 -7.815625107604e-06 9.999999999657e-01 5.847003683448e-02
p2_to_world: -9.953304680821e-01 8.043785953788e-06 -9.652595113636e-02 -5.477183151245e+01 -9.652595115511e-02 -1.974599876191e-06 9.953304681108e-01 8.017143249512e+01 -7.815625107604e-06 -9.999999999657e-01 -2.741813509122e-06 2.096254825592e+00
