P0: -5.542562584220e+02 0.000000000000e+00 -9.600000000000e+02 -4.301207319445e+03 -4.408728476930e-14 5.542562584220e+02 -3.600000000000e+02 -1.612952744792e+03 -1.224646799147e-16 0.000000000000e+00 -1.000000000000e+00 -4.480424291088e+00
P1: -9.600000000000e+02 0.000000000000e+00 5.542562584220e+02 2.483805271269e+02 -3.600000000000e+02 5.542562584220e+02 2.204364238465e-14 -3.724741443348e+02 -1.000000000000e+00 0.000000000000e+00 6.123233995737e-17 -1.034650400930e+00
P2: 5.542562584220e+02 0.000000000000e+00 9.600000000000e+02 0.000000000000e+00 0.000000000000e+00 5.542562584220e+02 3.600000000000e+02 0.000000000000e+00 0.000000000000e+00 0.000000000000e+00 1.000000000000e+00 0.000000000000e+00
P3: 5.542562584220e+02 0.000000000000e+00 9.600000000000e+02 -4.434013271141e+02 0.000000000000e+00 5.542562584220e+02 3.600000000000e+02 0.000000000000e+00 0.000000000000e+00 0.000000000000e+00 1.000000000000e+00 0.000000000000e+00
P4: 9.600000000000e+02 0.000000000000e+00 -5.542562584220e+02 -2.234919204612e+03 3.600000000000e+02 5.542562584220e+02 2.204364238465e-14 -3.724744219376e+02 1.000000000000e+00 0.000000000000e+00 6.123233995737e-17 -1.034651172049e+00
P5: 5.542562584220e+02 9.600000000000e+02 5.878304635907e-14 2.399981575012e+04 0.000000000000e+00 9.600000000000e+02 -5.542562584220e+02 2.399981575012e+04 0.000000000000e+00 1.000000000000e+00 6.123233995737e-17 2.499980807304e+01
R0_rect: 1.000000000000e+00 0.000000000000e+00 0.000000000000e+00 0.000000000000e+00 1.000000000000e+00 0.000000000000e+00 0.000000000000e+00 0.000000000000e+00 1.000000000000e+00
Tr_velo_to_p2: 0.000000000000e+00 -1.000000000000e+00 0.000000000000e+00 1.080551324003e-06 0.000000000000e+00 0.000000000000e+00 -1.000000000000e+00 -4.999999510832e-01 1.000000000000e+00 0.000000000000e+00 0.000000000000e+00 -2.240219185581e+00
imu_to_world: -8.794017724782e-02 -9.961193712751e-01 3.566986975158e-03 -5.454040908813e+01 9.961238044456e-01 -8.794653234016e-02 -1.665432711159e-03 7.785102081299e+01 1.972673920509e-03 3.406702188288e-03 9.999922514389e-01 5.758972093463e-02
p2_to_world: -9.961193712751e-01 -3.566986975158e-03 -8.794017724782e-02 -5.473014450073e+01 -8.794653234016e-02 1.665432711159e-03 9.961238044456e-01 8.007915496826e+01 3.406702188288e-03 -9.999922514389e-01 1.972673920509e-03 2.099784135818e+00
