P0: -5.542562584220e+02 0.000000000000e+00 -9.600000000000e+02 -4.301219104653e+03 -4.408728476930e-14 5.542562584220e+02 -3.600000000000e+02 -1.612957164245e+03 -1.224646799147e-16 0.000000000000e+00 -1.000000000000e+00 -4.480436567347e+00
P1: -9.600000000000e+02 0.000000000000e+00 5.542562584220e+02 2.483864148512e+02 -3.600000000000e+02 5.542562584220e+02 2.204364238465e-14 -3.724766165431e+02 -1.000000000000e+00 0.000000000000e+00 6.123233995737e-17 -1.034657268175e+00
P2: 5.542562584220e+02 0.000000000000e+00 9.600000000000e+02 0.000000000000e+00 0.000000000000e+00 5.542562584220e+02 3.600000000000e+02 0.000000000000e+00 0.000000000000e+00 0.000000000000e+00 1.000000000000e+00 0.000000000000e+00
P3: 5.542562584220e+02 0.000000000000e+00 9.600000000000e+02 -4.434055988434e+02 0.000000000000e+00 5.542562584220e+02 3.600000000000e+02 0.000000000000e+00 0.000000000000e+00 0.000000000000e+00 1.000000000000e+00 0.000000000000e+00
P4: 9.600000000000e+02 0.000000000000e+00 -5.542562584220e+02 -2.234924669425e+03 3.600000000000e+02 5.542562584220e+02 2.204364238465e-14 -3.724770201785e+02 1.000000000000e+00 0.000000000000e+00 6.123233995737e-17 -1.034658389385e+00
P5: 5.542562584220e+02 9.600000000000e+02 5.878304635907e-14 2.399999633789e+04 0.000000000000e+00 9.600000000000e+02 -5.542562584220e+02 2.399999633789e+04 0.000000000000e+00 1.000000000000e+00 6.123233995737e-17 2.499999618530e+01
R0_rect: 1.000000000000e+00 0.000000000000e+00 0.000000000000e+00 0.000000000000e+00 1.000000000000e+00 0.000000000000e+00 0.000000000000e+00 0.000000000000e+00 1.000000000000e+00
Tr_velo_to_p2: 0.000000000000e+00 -1.000000000000e+00 0.000000000000e+00 9.942274823778e-07 0.000000000000e+00 0.000000000000e+00 -1.000000000000e+00 -5.000001714450e-01 1.000000000000e+00 0.000000000000e+00 0.000000000000e+00 -2.240218312249e+00
imu_to_world: -9.317621234110e-02 -9.956496329621e-01 4.285181277995e-05 -5.454889678955e+01 9.956495568729e-01 -9.317622197567e-02 -3.893033262407e-04 7.790368652344e+01 3.916024839021e-04 6.391579014657e-06 9.999999233033e-01 5.829975008965e-02
p2_to_world: -9.956496329621e-01 -4.285181277995e-05 -9.317621234110e-02 -5.475754165649e+01 -9.317622197567e-02 3.893033262407e-04 9.956495568729e-01 8.013336944580e+01 6.391579014657e-06 -9.999999233033e-01 3.916024839021e-04 2.096967697144e+00
