P0: -5.542562584220e+02 0.000000000000e+00 -9.600000000000e+02 -4.301220020479e+03 -4.408728476930e-14 5.542562584220e+02 -3.600000000000e+02 -1.612957507680e+03 -1.224646799147e-16 0.000000000000e+00 -1.000000000000e+00 -4.480437521332e+00
P1: -9.600000000000e+02 0.000000000000e+00 5.542562584220e+02 2.483813359878e+02 -3.600000000000e+02 5.542562584220e+02 2.204364238465e-14 -3.724768539357e+02 -1.000000000000e+00 0.000000000000e+00 6.123233995737e-17 -1.034657927599e+00
P2: 5.542562584220e+02 0.000000000000e+00 9.600000000000e+02 0.000000000000e+00 0.000000000000e+00 5.542562584220e+02 3.600000000000e+02 0.000000000000e+00 0.000000000000e+00 0.000000000000e+00 1.000000000000e+00 0.000000000000e+00
P3: 5.542562584220e+02 0.000000000000e+00 9.600000000000e+02 -4.434049621194e+02 0.000000000000e+00 5.542562584220e+02 3.600000000000e+02 0.000000000000e+00 0.000000000000e+00 0.000000000000e+00 1.000000000000e+00 0.000000000000e+00
P4: 9.600000000000e+02 0.000000000000e+00 -5.542562584220e+02 -2.234929588334e+03 3.600000000000e+02 5.542562584220e+02 2.204364238465e-14 -3.724770758338e+02 1.000000000000e+00 0.000000000000e+00 6.123233995737e-17 -1.034658543983e+00
P5: 5.542562584220e+02 9.600000000000e+02 5.878304635907e-14 2.399999794006e+04 0.000000000000e+00 9.600000000000e+02 -5.542562584220e+02 2.399999794006e+04 0.000000000000e+00 1.000000000000e+00 6.123233995737e-17 2.499999785423e+01
R0_rect: 1.000000000000e+00 0.000000000000e+00 0.000000000000e+00 0.000000000000e+00 1.000000000000e+00 0.000000000000e+00 0.000000000000e+00 0.000000000000e+00 1.000000000000e+00
Tr_velo_to_p2: 0.000000000000e+00 -1.000000000000e+00 0.000000000000e+00 -2.063726713145e-06 0.000000000000e+00 0.000000000000e+00 -1.000000000000e+00 -4.999998699063e-01 1.000000000000e+00 0.000000000000e+00 0.000000000000e+00 -2.240217316337e+00
imu_to_world: -9.651958935235e-02 -9.953310848565e-01 -1.973702241518e-05 -5.455553436279e+01 9.953310846202e-01 -9.651958987572e-02 2.754909820007e-05 7.794150543213e+01 -2.932548310718e-05 -1.698584428238e-05 9.999999994257e-01 5.848155915737e-02
p2_to_world: -9.953310848565e-01 1.973702241518e-05 -9.651958935235e-02 -5.477180099487e+01 -9.651958987572e-02 -2.754909820007e-05 9.953310846202e-01 8.017131805420e+01 -1.698584428238e-05 -9.999999994257e-01 -2.932548310718e-05 2.096206903458e+00
