P0: -5.542562584220e+02 0.000000000000e+00 -9.600000000000e+02 -4.301222494830e+03 -4.408728476930e-14 5.542562584220e+02 -3.600000000000e+02 -1.612958435561e+03 -1.224646799147e-16 0.000000000000e+00 -1.000000000000e+00 -4.480440098782e+00
P1: -9.600000000000e+02 0.000000000000e+00 5.542562584220e+02 2.483815425109e+02 -3.600000000000e+02 5.542562584220e+02 2.204364238465e-14 -3.724785336509e+02 -1.000000000000e+00 0.000000000000e+00 6.123233995737e-17 -1.034662593475e+00
P2: 5.542562584220e+02 0.000000000000e+00 9.600000000000e+02 0.000000000000e+00 0.000000000000e+00 5.542562584220e+02 3.600000000000e+02 0.000000000000e+00 0.000000000000e+00 0.000000000000e+00 1.000000000000e+00 0.000000000000e+00
P3: 5.542562584220e+02 0.000000000000e+00 9.600000000000e+02 -4.434011613951e+02 0.000000000000e+00 5.542562584220e+02 3.600000000000e+02 0.000000000000e+00 0.000000000000e+00 0.000000000000e+00 1.000000000000e+00 0.000000000000e+00
P4: 9.600000000000e+02 0.000000000000e+00 -5.542562584220e+02 -2.234922464153e+03 3.600000000000e+02 5.542562584220e+02 2.204364238465e-14 -3.724753961218e+02 1.000000000000e+00 0.000000000000e+00 6.123233995737e-17 -1.034653878116e+00
P5: 5.542562584220e+02 9.600000000000e+02 5.878304635907e-14 2.399999816895e+04 0.000000000000e+00 9.600000000000e+02 -5.542562584220e+02 2.399999816895e+04 0.000000000000e+00 1.000000000000e+00 6.123233995737e-17 2.499999809265e+01
R0_rect: 1.000000000000e+00 0.000000000000e+00 0.000000000000e+00 0.000000000000e+00 1.000000000000e+00 0.000000000000e+00 0.000000000000e+00 0.000000000000e+00 1.000000000000e+00
Tr_velo_to_p2: 0.000000000000e+00 -1.000000000000e+00 0.000000000000e+00 -6.830186523986e-06 0.000000000000e+00 0.000000000000e+00 -1.000000000000e+00 -5.000000496468e-01 1.000000000000e+00 0.000000000000e+00 0.000000000000e+00 -2.240218655170e+00
imu_to_world: -9.652595101689e-02 -9.953304681215e-01 3.048249515731e-06 -5.455558013916e+01 9.953304668789e-01 -9.652595104880e-02 -4.976763716835e-05 7.794169616699e+01 4.982948078361e-05 -1.769852893882e-06 9.999999987569e-01 5.844722688198e-02
p2_to_world: -9.953304681215e-01 -3.048249515731e-06 -9.652595101689e-02 -5.477181625366e+01 -9.652595104880e-02 4.976763716835e-05 9.953304668789e-01 8.017135620117e+01 -1.769852893882e-06 -9.999999987569e-01 4.982948078361e-05 2.096349716187e+00
