P0: -5.542562584220e+02 0.000000000000e+00 -9.600000000000e+02 -4.301202784333e+03 -4.408728476930e-14 5.542562584220e+02 -3.600000000000e+02 -1.612951044125e+03 -1.224646799147e-16 0.000000000000e+00 -1.000000000000e+00 -4.480419567013e+00
P1: -9.600000000000e+02 0.000000000000e+00 5.542562584220e+02 2.483752591820e+02 -3.600000000000e+02 5.542562584220e+02 2.204364238465e-14 -3.724775547375e+02 -1.000000000000e+00 0.000000000000e+00 6.123233995737e-17 -1.034659874271e+00
P2: 5.542562584220e+02 0.000000000000e+00 9.600000000000e+02 0.000000000000e+00 0.000000000000e+00 5.542562584220e+02 3.600000000000e+02 0.000000000000e+00 0.000000000000e+00 0.000000000000e+00 1.000000000000e+00 0.000000000000e+00
P3: 5.542562584220e+02 0.000000000000e+00 9.600000000000e+02 -4.434051321973e+02 0.000000000000e+00 5.542562584220e+02 3.600000000000e+02 0.000000000000e+00 0.000000000000e+00 0.000000000000e+00 1.000000000000e+00 0.000000000000e+00
P4: 9.600000000000e+02 0.000000000000e+00 -5.542562584220e+02 -2.234917487651e+03 3.600000000000e+02 5.542562584220e+02 2.204364238465e-14 -3.724744644265e+02 1.000000000000e+00 0.000000000000e+00 6.123233995737e-17 -1.034651290074e+00
P5: 5.542562584220e+02 9.600000000000e+02 5.878304635907e-14 2.399989356995e+04 0.000000000000e+00 9.600000000000e+02 -5.542562584220e+02 2.399989356995e+04 0.000000000000e+00 1.000000000000e+00 6.123233995737e-17 2.499988913536e+01
R0_rect: 1.000000000000e+00 0.000000000000e+00 0.000000000000e+00 0.000000000000e+00 1.000000000000e+00 0.000000000000e+00 0.000000000000e+00 0.000000000000e+00 1.000000000000e+00
Tr_velo_to_p2: 0.000000000000e+00 -1.000000000000e+00 0.000000000000e+00 -1.920600244529e-06 0.000000000000e+00 0.000000000000e+00 -1.000000000000e+00 -4.999998529312e-01 1.000000000000e+00 0.000000000000e+00 0.000000000000e+00 -2.240221212390e+00
imu_to_world: -9.513398044293e-02 -9.954638450689e-01 1.122018601714e-03 -5.455452346802e+01 9.954604803422e-01 -9.513673210726e-02 -2.726587768921e-03 7.793270111084e+01 2.820964727499e-03 8.575340287308e-04 9.999956533873e-01 5.724544450641e-02
p2_to_world: -9.954638450689e-01 -1.122018601714e-03 -9.513398044293e-02 -5.476536178589e+01 -9.513673210726e-02 2.726587768921e-03 9.954604803422e-01 8.015719604492e+01 8.575340287308e-04 -9.999956533873e-01 2.820964727499e-03 2.101347208023e+00
