P0: -5.542562584220e+02 0.000000000000e+00 -9.600000000000e+02 -4.301104899104e+03 -4.408728476930e-14 5.542562584220e+02 -3.600000000000e+02 -1.612914337164e+03 -1.224646799147e-16 0.000000000000e+00 -1.000000000000e+00 -4.480317603233e+00
P1: -9.600000000000e+02 0.000000000000e+00 5.542562584220e+02 2.483392873032e+02 -3.600000000000e+02 5.542562584220e+02 2.204364238465e-14 -3.724770547443e+02 -1.000000000000e+00 0.000000000000e+00 6.123233995737e-17 -1.034658485401e+00
P2: 5.542562584220e+02 0.000000000000e+00 9.600000000000e+02 0.000000000000e+00 0.000000000000e+00 5.542562584220e+02 3.600000000000e+02 0.000000000000e+00 0.000000000000e+00 0.000000000000e+00 1.000000000000e+00 0.000000000000e+00
P3: 5.542562584220e+02 0.000000000000e+00 9.600000000000e+02 -4.434044141267e+02 0.000000000000e+00 5.542562584220e+02 3.600000000000e+02 0.000000000000e+00 0.000000000000e+00 0.000000000000e+00 1.000000000000e+00 0.000000000000e+00
P4: 9.600000000000e+02 0.000000000000e+00 -5.542562584220e+02 -2.234900343644e+03 3.600000000000e+02 5.542562584220e+02 2.204364238465e-14 -3.724753073859e+02 1.000000000000e+00 0.000000000000e+00 6.123233995737e-17 -1.034653631627e+00
P5: 5.542562584220e+02 9.600000000000e+02 5.878304635907e-14 2.399930122375e+04 0.000000000000e+00 9.600000000000e+02 -5.542562584220e+02 2.399930122375e+04 0.000000000000e+00 1.000000000000e+00 6.123233995737e-17 2.499927210808e+01
R0_rect: 1.000000000000e+00 0.000000000000e+00 0.000000000000e+00 0.000000000000e+00 1.000000000000e+00 0.000000000000e+00 0.000000000000e+00 0.000000000000e+00 1.000000000000e+00
Tr_velo_to_p2: 0.000000000000e+00 -1.000000000000e+00 0.000000000000e+00 8.102880471317e-07 0.000000000000e+00 0.000000000000e+00 -1.000000000000e+00 -4.999997133809e-01 1.000000000000e+00 0.000000000000e+00 0.000000000000e+00 -2.240220333123e+00
imu_to_world: -1.036991965085e-01 -9.946041215022e-01 3.019624867256e-03 -5.457521057129e+01 9.945821027479e-01 -1.037181498664e-01 -6.999020059669e-03 7.803762817383e+01 7.274444102346e-03 2.277472093450e-03 9.999709473699e-01 5.531936511397e-02
p2_to_world: -9.946041215022e-01 -3.019624867256e-03 -1.036991965085e-01 -5.480136489868e+01 -1.037181498664e-01 6.999020059669e-03 9.945821027479e-01 8.025144195557e+01 2.277472093450e-03 -9.999709473699e-01 7.274444102346e-03 2.109347581863e+00
