P0: -5.542562584220e+02 0.000000000000e+00 -9.600000000000e+02 -4.301222141342e+03 -4.408728476930e-14 5.542562584220e+02 -3.600000000000e+02 -1.612958303003e+03 -1.224646799147e-16 0.000000000000e+00 -1.000000000000e+00 -4.480439730564e+00
P1: -9.600000000000e+02 0.000000000000e+00 5.542562584220e+02 2.483800675621e+02 -3.600000000000e+02 5.542562584220e+02 2.204364238465e-14 -3.724774318890e+02 -1.000000000000e+00 0.000000000000e+00 6.123233995737e-17 -1.034659533025e+00
P2: 5.542562584220e+02 0.000000000000e+00 9.600000000000e+02 0.000000000000e+00 0.000000000000e+00 5.542562584220e+02 3.600000000000e+02 0.000000000000e+00 0.000000000000e+00 0.000000000000e+00 1.000000000000e+00 0.000000000000e+00
P3: 5.542562584220e+02 0.000000000000e+00 9.600000000000e+02 -4.434049621155e+02 0.000000000000e+00 5.542562584220e+02 3.600000000000e+02 0.000000000000e+00 0.000000000000e+00 0.000000000000e+00 1.000000000000e+00 0.000000000000e+00
P4: 9.600000000000e+02 0.000000000000e+00 -5.542562584220e+02 -2.234925905076e+03 3.600000000000e+02 5.542562584220e+02 2.204364238465e-14 -3.724767630002e+02 1.000000000000e+00 0.000000000000e+00 6.123233995737e-17 -1.034657675001e+00
P5: 5.542562584220e+02 9.600000000000e+02 5.878304635907e-14 2.400000022888e+04 0.000000000000e+00 9.600000000000e+02 -5.542562584220e+02 2.400000022888e+04 0.000000000000e+00 1.000000000000e+00 6.123233995737e-17 2.500000023842e+01
R0_rect: 1.000000000000e+00 0.000000000000e+00 0.000000000000e+00 0.000000000000e+00 1.000000000000e+00 0.000000000000e+00 0.000000000000e+00 0.000000000000e+00 1.000000000000e+00
Tr_velo_to_p2: 0.000000000000e+00 -1.000000000000e+00 0.000000000000e+00 2.797606134234e-08 0.000000000000e+00 0.000000000000e+00 -1.000000000000e+00 -4.999999244458e-01 1.000000000000e+00 0.000000000000e+00 0.000000000000e+00 -2.240220659976e+00
imu_to_world: -9.652595104181e-02 -9.953304681232e-01 1.054593973512e-06 -5.455558013916e+01 9.953304671359e-01 -9.652595099316e-02 -4.445162688190e-05 7.794169616699e+01 4.434585427941e-05 -3.241066047837e-06 9.999999990115e-01 5.844966694713e-02
p2_to_world: -9.953304681232e-01 -1.054593973512e-06 -9.652595104181e-02 -5.477181625366e+01 -9.652595099316e-02 4.445162688190e-05 9.953304671359e-01 8.017136383057e+01 -3.241066047837e-06 -9.999999990115e-01 4.434585427941e-05 2.096339941025e+00
