P0: -5.542562584220e+02 0.000000000000e+00 -9.600000000000e+02 -4.301212153519e+03 -4.408728476930e-14 5.542562584220e+02 -3.600000000000e+02 -1.612954557570e+03 -1.224646799147e-16 0.000000000000e+00 -1.000000000000e+00 -4.480429326583e+00
P1: -9.600000000000e+02 0.000000000000e+00 5.542562584220e+02 2.483826103610e+02 -3.600000000000e+02 5.542562584220e+02 2.204364238465e-14 -3.724765502923e+02 -1.000000000000e+00 0.000000000000e+00 6.123233995737e-17 -1.034657084145e+00
P2: 5.542562584220e+02 0.000000000000e+00 9.600000000000e+02 0.000000000000e+00 0.000000000000e+00 5.542562584220e+02 3.600000000000e+02 0.000000000000e+00 0.000000000000e+00 0.000000000000e+00 1.000000000000e+00 0.000000000000e+00
P3: 5.542562584220e+02 0.000000000000e+00 9.600000000000e+02 -4.434030997126e+02 0.000000000000e+00 5.542562584220e+02 3.600000000000e+02 0.000000000000e+00 0.000000000000e+00 0.000000000000e+00 1.000000000000e+00 0.000000000000e+00
P4: 9.600000000000e+02 0.000000000000e+00 -5.542562584220e+02 -2.234921850278e+03 3.600000000000e+02 5.542562584220e+02 2.204364238465e-14 -3.724759750285e+02 1.000000000000e+00 0.000000000000e+00 6.123233995737e-17 -1.034655486190e+00
P5: 5.542562584220e+02 9.600000000000e+02 5.878304635907e-14 2.399999862671e+04 0.000000000000e+00 9.600000000000e+02 -5.542562584220e+02 2.399999862671e+04 0.000000000000e+00 1.000000000000e+00 6.123233995737e-17 2.499999856949e+01
R0_rect: 1.000000000000e+00 0.000000000000e+00 0.000000000000e+00 0.000000000000e+00 1.000000000000e+00 0.000000000000e+00 0.000000000000e+00 0.000000000000e+00 1.000000000000e+00
Tr_velo_to_p2: 0.000000000000e+00 -1.000000000000e+00 0.000000000000e+00 -1.858938189872e-06 0.000000000000e+00 0.000000000000e+00 -1.000000000000e+00 -4.999999806932e-01 1.000000000000e+00 0.000000000000e+00 0.000000000000e+00 -2.240215199734e+00
imu_to_world: -9.317661722175e-02 -9.956495959916e-01 -2.210666717365e-06 -5.454886627197e+01 9.956495959935e-01 -9.317661722385e-02 8.706889492101e-07 7.790354919434e+01 -1.072883547049e-06 -2.119921573081e-06 9.999999999972e-01 5.846904590726e-02
p2_to_world: -9.956495959916e-01 2.210666717365e-06 -9.317661722175e-02 -5.475760650635e+01 -9.317661722385e-02 -8.706889492101e-07 9.956495959935e-01 8.013401794434e+01 -2.119921573081e-06 -9.999999999972e-01 -1.072883547049e-06 2.096257686615e+00
