P0: -5.542562584220e+02 0.000000000000e+00 -9.600000000000e+02 -4.301219104653e+03 -4.408728476930e-14 5.542562584220e+02 -3.600000000000e+02 -1.612957164245e+03 -1.224646799147e-16 0.000000000000e+00 -1.000000000000e+00 -4.480436567346e+00
P1: -9.600000000000e+02 0.000000000000e+00 5.542562584220e+02 2.483818848968e+02 -3.600000000000e+02 5.542562584220e+02 2.204364238465e-14 -3.724767650702e+02 -1.000000000000e+00 0.000000000000e+00 6.123233995737e-17 -1.034657680751e+00
P2: 5.542562584220e+02 0.000000000000e+00 9.600000000000e+02 0.000000000000e+00 0.000000000000e+00 5.542562584220e+02 3.600000000000e+02 0.000000000000e+00 0.000000000000e+00 0.000000000000e+00 1.000000000000e+00 0.000000000000e+00
P3: 5.542562584220e+02 0.000000000000e+00 9.600000000000e+02 -4.434073099563e+02 0.000000000000e+00 5.542562584220e+02 3.600000000000e+02 0.000000000000e+00 0.000000000000e+00 0.000000000000e+00 1.000000000000e+00 0.000000000000e+00
P4: 9.600000000000e+02 0.000000000000e+00 -5.542562584220e+02 -2.234924879434e+03 3.600000000000e+02 5.542562584220e+02 2.204364238465e-14 -3.724771275674e+02 1.000000000000e+00 0.000000000000e+00 6.123233995737e-17 -1.034658687687e+00
P5: 5.542562584220e+02 9.600000000000e+02 5.878304635907e-14 2.399999427795e+04 0.000000000000e+00 9.600000000000e+02 -5.542562584220e+02 2.399999427795e+04 0.000000000000e+00 1.000000000000e+00 6.123233995737e-17 2.499999403954e+01
R0_rect: 1.000000000000e+00 0.000000000000e+00 0.000000000000e+00 0.000000000000e+00 1.000000000000e+00 0.000000000000e+00 0.000000000000e+00 0.000000000000e+00 1.000000000000e+00
Tr_velo_to_p2: 0.000000000000e+00 -1.000000000000e+00 0.000000000000e+00 4.931046126993e-08 0.000000000000e+00 0.000000000000e+00 -1.000000000000e+00 -4.999999060432e-01 1.000000000000e+00 0.000000000000e+00 0.000000000000e+00 -2.240217868235e+00
imu_to_world: -9.317633212432e-02 -9.956496201406e-01 7.103386839732e-05 -5.454891586304e+01 9.956494077372e-01 -9.317635865142e-02 -6.504314410449e-04 7.790378570557e+01 6.542204944020e-04 1.012001302417e-05 9.999997859465e-01 5.818862840533e-02
p2_to_world: -9.956496201406e-01 -7.103386839732e-05 -9.317633212432e-02 -5.475750350952e+01 -9.317635865142e-02 6.504314410449e-04 9.956494077372e-01 8.013292694092e+01 1.012001302417e-05 -9.999997859465e-01 6.542204944020e-04 2.097444772720e+00
