P0: -5.542562584220e+02 0.000000000000e+00 -9.600000000000e+02 -4.301217359894e+03 -4.408728476930e-14 5.542562584220e+02 -3.600000000000e+02 -1.612956509960e+03 -1.224646799147e-16 0.000000000000e+00 -1.000000000000e+00 -4.480434749889e+00
P1: -9.600000000000e+02 0.000000000000e+00 5.542562584220e+02 2.483819527610e+02 -3.600000000000e+02 5.542562584220e+02 2.204364238465e-14 -3.724777510918e+02 -1.000000000000e+00 0.000000000000e+00 6.123233995737e-17 -1.034660419700e+00
P2: 5.542562584220e+02 0.000000000000e+00 9.600000000000e+02 0.000000000000e+00 0.000000000000e+00 5.542562584220e+02 3.600000000000e+02 0.000000000000e+00 0.000000000000e+00 0.000000000000e+00 1.000000000000e+00 0.000000000000e+00
P3: 5.542562584220e+02 0.000000000000e+00 9.600000000000e+02 -4.434036220608e+02 0.000000000000e+00 5.542562584220e+02 3.600000000000e+02 0.000000000000e+00 0.000000000000e+00 0.000000000000e+00 1.000000000000e+00 0.000000000000e+00
P4: 9.600000000000e+02 0.000000000000e+00 -5.542562584220e+02 -2.234924561575e+03 3.600000000000e+02 5.542562584220e+02 2.204364238465e-14 -3.724768187511e+02 1.000000000000e+00 0.000000000000e+00 6.123233995737e-17 -1.034657829864e+00
P5: 5.542562584220e+02 9.600000000000e+02 5.878304635907e-14 2.399999679565e+04 0.000000000000e+00 9.600000000000e+02 -5.542562584220e+02 2.399999679565e+04 0.000000000000e+00 1.000000000000e+00 6.123233995737e-17 2.499999666214e+01
R0_rect: 1.000000000000e+00 0.000000000000e+00 0.000000000000e+00 0.000000000000e+00 1.000000000000e+00 0.000000000000e+00 0.000000000000e+00 0.000000000000e+00 1.000000000000e+00
Tr_velo_to_p2: 0.000000000000e+00 -1.000000000000e+00 0.000000000000e+00 8.084503056598e-07 0.000000000000e+00 0.000000000000e+00 -1.000000000000e+00 -4.999997413879e-01 1.000000000000e+00 0.000000000000e+00 0.000000000000e+00 -2.240218637384e+00
imu_to_world: -9.344361980807e-02 -9.956245627479e-01 1.413160201050e-04 -5.454960250854e+01 9.956244901315e-01 -9.344366894272e-02 -3.941888490054e-04 7.790758514404e+01 4.056691878301e-04 1.038632575254e-04 9.999999123225e-01 5.829234793782e-02
p2_to_world: -9.956245627479e-01 -1.413160201050e-04 -9.344361980807e-02 -5.475865173340e+01 -9.344366894272e-02 3.941888490054e-04 9.956244901315e-01 8.013719940186e+01 1.038632575254e-04 -9.999999123225e-01 4.056691878301e-04 2.096992015839e+00
