P0: -5.542562584220e+02 0.000000000000e+00 -9.600000000000e+02 -4.301216344866e+03 -4.408728476930e-14 5.542562584220e+02 -3.600000000000e+02 -1.612956129325e+03 -1.224646799147e-16 0.000000000000e+00 -1.000000000000e+00 -4.480433692569e+00
P1: -9.600000000000e+02 0.000000000000e+00 5.542562584220e+02 2.483826505024e+02 -3.600000000000e+02 5.542562584220e+02 2.204364238465e-14 -3.724770963664e+02 -1.000000000000e+00 0.000000000000e+00 6.123233995737e-17 -1.034658601018e+00
P2: 5.542562584220e+02 0.000000000000e+00 9.600000000000e+02 0.000000000000e+00 0.000000000000e+00 5.542562584220e+02 3.600000000000e+02 0.000000000000e+00 0.000000000000e+00 0.000000000000e+00 1.000000000000e+00 0.000000000000e+00
P3: 5.542562584220e+02 0.000000000000e+00 9.600000000000e+02 -4.434048727394e+02 0.000000000000e+00 5.542562584220e+02 3.600000000000e+02 0.000000000000e+00 0.000000000000e+00 0.000000000000e+00 1.000000000000e+00 0.000000000000e+00
P4: 9.600000000000e+02 0.000000000000e+00 -5.542562584220e+02 -2.234925918860e+03 3.600000000000e+02 5.542562584220e+02 2.204364238465e-14 -3.724771544206e+02 1.000000000000e+00 0.000000000000e+00 6.123233995737e-17 -1.034658762279e+00
P5: 5.542562584220e+02 9.600000000000e+02 5.878304635907e-14 2.400000205994e+04 0.000000000000e+00 9.600000000000e+02 -5.542562584220e+02 2.400000205994e+04 0.000000000000e+00 1.000000000000e+00 6.123233995737e-17 2.500000214577e+01
R0_rect: 1.000000000000e+00 0.000000000000e+00 0.000000000000e+00 0.000000000000e+00 1.000000000000e+00 0.000000000000e+00 0.000000000000e+00 0.000000000000e+00 1.000000000000e+00
Tr_velo_to_p2: 0.000000000000e+00 -1.000000000000e+00 0.000000000000e+00 -8.608448826519e-08 0.000000000000e+00 0.000000000000e+00 -1.000000000000e+00 -4.999998893279e-01 1.000000000000e+00 0.000000000000e+00 0.000000000000e+00 -2.240211796355e+00
imu_to_world: -2.931587127554e-02 -9.995701974512e-01 -7.666545006410e-06 -5.440523910522e+01 9.995701970813e-01 -2.931587147975e-02 2.803989947876e-05 7.671261596680e+01 -2.825259930660e-05 -6.841235819291e-06 9.999999995775e-01 5.848075821996e-02
p2_to_world: -9.995701974512e-01 7.666545006410e-06 -2.931587127554e-02 -5.447092819214e+01 -2.931587147975e-02 -2.803989947876e-05 9.995701970813e-01 7.895192718506e+01 -6.841235819291e-06 -9.999999995775e-01 -2.825259930660e-05 2.096208333969e+00
