P0: -5.542562584220e+02 0.000000000000e+00 -9.600000000000e+02 -4.301194775662e+03 -4.408728476930e-14 5.542562584220e+02 -3.600000000000e+02 -1.612948040873e+03 -1.224646799147e-16 0.000000000000e+00 -1.000000000000e+00 -4.480411224648e+00
P1: -9.600000000000e+02 0.000000000000e+00 5.542562584220e+02 2.483719250276e+02 -3.600000000000e+02 5.542562584220e+02 2.204364238465e-14 -3.724784015596e+02 -1.000000000000e+00 0.000000000000e+00 6.123233995737e-17 -1.034662226555e+00
P2: 5.542562584220e+02 0.000000000000e+00 9.600000000000e+02 0.000000000000e+00 0.000000000000e+00 5.542562584220e+02 3.600000000000e+02 0.000000000000e+00 0.000000000000e+00 0.000000000000e+00 1.000000000000e+00 0.000000000000e+00
P3: 5.542562584220e+02 0.000000000000e+00 9.600000000000e+02 -4.434019555369e+02 0.000000000000e+00 5.542562584220e+02 3.600000000000e+02 0.000000000000e+00 0.000000000000e+00 0.000000000000e+00 1.000000000000e+00 0.000000000000e+00
P4: 9.600000000000e+02 0.000000000000e+00 -5.542562584220e+02 -2.234916677451e+03 3.600000000000e+02 5.542562584220e+02 2.204364238465e-14 -3.724754310736e+02 1.000000000000e+00 0.000000000000e+00 6.123233995737e-17 -1.034653975205e+00
P5: 5.542562584220e+02 9.600000000000e+02 5.878304635907e-14 2.399987594604e+04 0.000000000000e+00 9.600000000000e+02 -5.542562584220e+02 2.399987594604e+04 0.000000000000e+00 1.000000000000e+00 6.123233995737e-17 2.499987077713e+01
R0_rect: 1.000000000000e+00 0.000000000000e+00 0.000000000000e+00 0.000000000000e+00 1.000000000000e+00 0.000000000000e+00 0.000000000000e+00 0.000000000000e+00 1.000000000000e+00
Tr_velo_to_p2: 0.000000000000e+00 -1.000000000000e+00 0.000000000000e+00 -4.765415520499e-06 0.000000000000e+00 0.000000000000e+00 -1.000000000000e+00 -5.000001301889e-01 1.000000000000e+00 0.000000000000e+00 0.000000000000e+00 -2.240215794706e+00
imu_to_world: -1.329521611885e-01 -9.911220359295e-01 -9.125405867153e-04 -5.465043640137e+01 9.911173533060e-01 -1.329543747906e-01 3.086454229540e-03 7.837949371338e+01 -3.180379062962e-03 -4.940840508630e-04 9.999948205216e-01 5.984565615654e-02
p2_to_world: -9.911220359295e-01 9.125405867153e-04 -1.329521611885e-01 -5.495014190674e+01 -1.329543747906e-01 -3.086454229540e-03 9.911173533060e-01 8.060610198975e+01 -4.940840508630e-04 -9.999948205216e-01 -3.180379062962e-03 2.090501308441e+00
