P0: -5.542562584220e+02 0.000000000000e+00 -9.600000000000e+02 -4.301137631924e+03 -4.408728476930e-14 5.542562584220e+02 -3.600000000000e+02 -1.612926611972e+03 -1.224646799147e-16 0.000000000000e+00 -1.000000000000e+00 -4.480351699921e+00
P1: -9.600000000000e+02 0.000000000000e+00 5.542562584220e+02 2.483504023852e+02 -3.600000000000e+02 5.542562584220e+02 2.204364238465e-14 -3.724775294321e+02 -1.000000000000e+00 0.000000000000e+00 6.123233995737e-17 -1.034659803978e+00
P2: 5.542562584220e+02 0.000000000000e+00 9.600000000000e+02 0.000000000000e+00 0.000000000000e+00 5.542562584220e+02 3.600000000000e+02 0.000000000000e+00 0.000000000000e+00 0.000000000000e+00 1.000000000000e+00 0.000000000000e+00
P3: 5.542562584220e+02 0.000000000000e+00 9.600000000000e+02 -4.434034888999e+02 0.000000000000e+00 5.542562584220e+02 3.600000000000e+02 0.000000000000e+00 0.000000000000e+00 0.000000000000e+00 1.000000000000e+00 0.000000000000e+00
P4: 9.600000000000e+02 0.000000000000e+00 -5.542562584220e+02 -2.234902038646e+03 3.600000000000e+02 5.542562584220e+02 2.204364238465e-14 -3.724749420635e+02 1.000000000000e+00 0.000000000000e+00 6.123233995737e-17 -1.034652616843e+00
P5: 5.542562584220e+02 9.600000000000e+02 5.878304635907e-14 2.399952873230e+04 0.000000000000e+00 9.600000000000e+02 -5.542562584220e+02 2.399952873230e+04 0.000000000000e+00 1.000000000000e+00 6.123233995737e-17 2.499950909615e+01
R0_rect: 1.000000000000e+00 0.000000000000e+00 0.000000000000e+00 0.000000000000e+00 1.000000000000e+00 0.000000000000e+00 0.000000000000e+00 0.000000000000e+00 1.000000000000e+00
Tr_velo_to_p2: 0.000000000000e+00 -1.000000000000e+00 0.000000000000e+00 -2.490172788752e-06 0.000000000000e+00 0.000000000000e+00 -1.000000000000e+00 -5.000001551709e-01 1.000000000000e+00 0.000000000000e+00 0.000000000000e+00 -2.240216836163e+00
imu_to_world: -1.329414497932e-01 -9.911221906538e-01 -1.836877900612e-03 -5.465018463135e+01 9.911046052941e-01 -1.329501965824e-01 5.992211070367e-03 7.837845611572e+01 -6.183226640907e-03 -1.023924919498e-03 9.999803594502e-01 6.114280596375e-02
p2_to_world: -9.911221906538e-01 1.836877900612e-03 -1.329414497932e-01 -5.495174789429e+01 -1.329501965824e-01 -5.992211070367e-03 9.911046052941e-01 8.061095428467e+01 -1.023924919498e-03 -9.999803594502e-01 -6.183226640907e-03 2.085041761398e+00
