P0: -5.542562584220e+02 0.000000000000e+00 -9.600000000000e+02 -4.301222848320e+03 -4.408728476930e-14 5.542562584220e+02 -3.600000000000e+02 -1.612958568120e+03 -1.224646799147e-16 0.000000000000e+00 -1.000000000000e+00 -4.480440467000e+00
P1: -9.600000000000e+02 0.000000000000e+00 5.542562584220e+02 2.483822679779e+02 -3.600000000000e+02 5.542562584220e+02 2.204364238465e-14 -3.724783188722e+02 -1.000000000000e+00 0.000000000000e+00 6.123233995737e-17 -1.034661996867e+00
P2: 5.542562584220e+02 0.000000000000e+00 9.600000000000e+02 0.000000000000e+00 0.000000000000e+00 5.542562584220e+02 3.600000000000e+02 0.000000000000e+00 0.000000000000e+00 0.000000000000e+00 1.000000000000e+00 0.000000000000e+00
P3: 5.542562584220e+02 0.000000000000e+00 9.600000000000e+02 -4.434053702895e+02 0.000000000000e+00 5.542562584220e+02 3.600000000000e+02 0.000000000000e+00 0.000000000000e+00 0.000000000000e+00 1.000000000000e+00 0.000000000000e+00
P4: 9.600000000000e+02 0.000000000000e+00 -5.542562584220e+02 -2.234927800045e+03 3.600000000000e+02 5.542562584220e+02 2.204364238465e-14 -3.724758760172e+02 1.000000000000e+00 0.000000000000e+00 6.123233995737e-17 -1.034655211159e+00
P5: 5.542562584220e+02 9.600000000000e+02 5.878304635907e-14 2.399997917175e+04 0.000000000000e+00 9.600000000000e+02 -5.542562584220e+02 2.399997917175e+04 0.000000000000e+00 1.000000000000e+00 6.123233995737e-17 2.499997830391e+01
R0_rect: 1.000000000000e+00 0.000000000000e+00 0.000000000000e+00 0.000000000000e+00 1.000000000000e+00 0.000000000000e+00 0.000000000000e+00 0.000000000000e+00 1.000000000000e+00
Tr_velo_to_p2: 0.000000000000e+00 -1.000000000000e+00 0.000000000000e+00 -4.102928770259e-06 0.000000000000e+00 0.000000000000e+00 -1.000000000000e+00 -5.000000813328e-01 1.000000000000e+00 0.000000000000e+00 0.000000000000e+00 -2.240227337987e+00
imu_to_world: -9.652614483842e-02 -9.953303784847e-01 -3.755370122617e-04 -5.455546569824e+01 9.953297064674e-01 -9.652652689402e-02 1.185339342169e-03 7.794126129150e+01 -1.216053539587e-03 -2.593669071573e-04 9.999992269710e-01 5.899646505713e-02
p2_to_world: -9.953303784847e-01 3.755370122617e-04 -9.652614483842e-02 -5.477247619629e+01 -9.652652689402e-02 -1.185339342169e-03 9.953297064674e-01 8.017343902588e+01 -2.593669071573e-04 -9.999992269710e-01 -1.216053539587e-03 2.094061613083e+00
