P0: -5.542562584220e+02 0.000000000000e+00 -9.600000000000e+02 -4.301215204813e+03 -4.408728476930e-14 5.542562584220e+02 -3.600000000000e+02 -1.612955701805e+03 -1.224646799147e-16 0.000000000000e+00 -1.000000000000e+00 -4.480432505013e+00
P1: -9.600000000000e+02 0.000000000000e+00 5.542562584220e+02 2.483804302944e+02 -3.600000000000e+02 5.542562584220e+02 2.204364238465e-14 -3.724773245000e+02 -1.000000000000e+00 0.000000000000e+00 6.123233995737e-17 -1.034659234722e+00
P2: 5.542562584220e+02 0.000000000000e+00 9.600000000000e+02 0.000000000000e+00 0.000000000000e+00 5.542562584220e+02 3.600000000000e+02 0.000000000000e+00 0.000000000000e+00 0.000000000000e+00 1.000000000000e+00 0.000000000000e+00
P3: 5.542562584220e+02 0.000000000000e+00 9.600000000000e+02 -4.434053702892e+02 0.000000000000e+00 5.542562584220e+02 3.600000000000e+02 0.000000000000e+00 0.000000000000e+00 0.000000000000e+00 1.000000000000e+00 0.000000000000e+00
P4: 9.600000000000e+02 0.000000000000e+00 -5.542562584220e+02 -2.234926115085e+03 3.600000000000e+02 5.542562584220e+02 2.204364238465e-14 -3.724768703893e+02 1.000000000000e+00 0.000000000000e+00 6.123233995737e-17 -1.034657973304e+00
P5: 5.542562584220e+02 9.600000000000e+02 5.878304635907e-14 2.399998420715e+04 0.000000000000e+00 9.600000000000e+02 -5.542562584220e+02 2.399998420715e+04 0.000000000000e+00 1.000000000000e+00 6.123233995737e-17 2.499998354912e+01
R0_rect: 1.000000000000e+00 0.000000000000e+00 0.000000000000e+00 0.000000000000e+00 1.000000000000e+00 0.000000000000e+00 0.000000000000e+00 0.000000000000e+00 1.000000000000e+00
Tr_velo_to_p2: 0.000000000000e+00 -1.000000000000e+00 0.000000000000e+00 3.407624117777e-06 0.000000000000e+00 0.000000000000e+00 -1.000000000000e+00 -4.999999366155e-01 1.000000000000e+00 0.000000000000e+00 0.000000000000e+00 -2.240218015598e+00
imu_to_world: -9.652603171258e-02 -9.953304245619e-01 -2.667268479229e-04 -5.455548858643e+01 9.953299194706e-01 -9.652625515559e-02 1.016598352014e-03 7.794132232666e+01 -1.037597413098e-03 -1.673530072983e-04 9.999994476921e-01 5.891906470060e-02
p2_to_world: -9.953304245619e-01 2.667268479229e-04 -9.652603171258e-02 -5.477227020264e+01 -9.652625515559e-02 -1.016598352014e-03 9.953299194706e-01 8.017314910889e+01 -1.673530072983e-04 -9.999994476921e-01 -1.037597413098e-03 2.094384431839e+00
