P0: -5.542562584220e+02 0.000000000000e+00 -9.600000000000e+02 -4.301101779396e+03 -4.408728476930e-14 5.542562584220e+02 -3.600000000000e+02 -1.612913167274e+03 -1.224646799147e-16 0.000000000000e+00 -1.000000000000e+00 -4.480314353538e+00
P1: -9.600000000000e+02 0.000000000000e+00 5.542562584220e+02 2.483415570525e+02 -3.600000000000e+02 5.542562584220e+02 2.204364238465e-14 -3.724760261544e+02 -1.000000000000e+00 0.000000000000e+00 6.123233995737e-17 -1.034655628207e+00
P2: 5.542562584220e+02 0.000000000000e+00 9.600000000000e+02 0.000000000000e+00 0.000000000000e+00 5.542562584220e+02 3.600000000000e+02 0.000000000000e+00 0.000000000000e+00 0.000000000000e+00 1.000000000000e+00 0.000000000000e+00
P3: 5.542562584220e+02 0.000000000000e+00 9.600000000000e+02 -4.434013933236e+02 0.000000000000e+00 5.542562584220e+02 3.600000000000e+02 0.000000000000e+00 0.000000000000e+00 0.000000000000e+00 1.000000000000e+00 0.000000000000e+00
P4: 9.600000000000e+02 0.000000000000e+00 -5.542562584220e+02 -2.234900856944e+03 3.600000000000e+02 5.542562584220e+02 2.204364238465e-14 -3.724760800984e+02 1.000000000000e+00 0.000000000000e+00 6.123233995737e-17 -1.034655778051e+00
P5: 5.542562584220e+02 9.600000000000e+02 5.878304635907e-14 2.399929115295e+04 0.000000000000e+00 9.600000000000e+02 -5.542562584220e+02 2.399929115295e+04 0.000000000000e+00 1.000000000000e+00 6.123233995737e-17 2.499926161766e+01
R0_rect: 1.000000000000e+00 0.000000000000e+00 0.000000000000e+00 0.000000000000e+00 1.000000000000e+00 0.000000000000e+00 0.000000000000e+00 0.000000000000e+00 1.000000000000e+00
Tr_velo_to_p2: 0.000000000000e+00 -1.000000000000e+00 0.000000000000e+00 -2.548410857556e-06 0.000000000000e+00 0.000000000000e+00 -1.000000000000e+00 -4.999998031373e-01 1.000000000000e+00 0.000000000000e+00 0.000000000000e+00 -2.240217100133e+00
imu_to_world: -1.329293370030e-01 -9.911201966501e-01 -3.247638556504e-03 -5.464997100830e+01 9.910984350613e-01 -1.329492142502e-01 6.956899398723e-03 7.837805175781e+01 -7.326894494394e-03 -2.293953466327e-03 9.999705267629e-01 6.165450811386e-02
p2_to_world: -9.911201966501e-01 3.247638556504e-03 -1.329293370030e-01 -5.495438003540e+01 -1.329492142502e-01 -6.956899398723e-03 9.910984350613e-01 8.061250305176e+01 -2.293953466327e-03 -9.999705267629e-01 -7.326894494394e-03 2.082971811295e+00
