P0: -5.542562584220e+02 0.000000000000e+00 -9.600000000000e+02 -4.301219104652e+03 -4.408728476930e-14 5.542562584220e+02 -3.600000000000e+02 -1.612957164244e+03 -1.224646799147e-16 0.000000000000e+00 -1.000000000000e+00 -4.480436567346e+00
P1: -9.600000000000e+02 0.000000000000e+00 5.542562584220e+02 2.483875030503e+02 -3.600000000000e+02 5.542562584220e+02 2.204364238465e-14 -3.724762943751e+02 -1.000000000000e+00 0.000000000000e+00 6.123233995737e-17 -1.034656373264e+00
P2: 5.542562584220e+02 0.000000000000e+00 9.600000000000e+02 0.000000000000e+00 0.000000000000e+00 5.542562584220e+02 3.600000000000e+02 0.000000000000e+00 0.000000000000e+00 0.000000000000e+00 1.000000000000e+00 0.000000000000e+00
P3: 5.542562584220e+02 0.000000000000e+00 9.600000000000e+02 -4.434052048343e+02 0.000000000000e+00 5.542562584220e+02 3.600000000000e+02 0.000000000000e+00 0.000000000000e+00 0.000000000000e+00 1.000000000000e+00 0.000000000000e+00
P4: 9.600000000000e+02 0.000000000000e+00 -5.542562584220e+02 -2.234925299451e+03 3.600000000000e+02 5.542562584220e+02 2.204364238465e-14 -3.724773423452e+02 1.000000000000e+00 0.000000000000e+00 6.123233995737e-17 -1.034659284292e+00
P5: 5.542562584220e+02 9.600000000000e+02 5.878304635907e-14 2.399999748230e+04 0.000000000000e+00 9.600000000000e+02 -5.542562584220e+02 2.399999748230e+04 0.000000000000e+00 1.000000000000e+00 6.123233995737e-17 2.499999737740e+01
R0_rect: 1.000000000000e+00 0.000000000000e+00 0.000000000000e+00 0.000000000000e+00 1.000000000000e+00 0.000000000000e+00 0.000000000000e+00 0.000000000000e+00 1.000000000000e+00
Tr_velo_to_p2: 0.000000000000e+00 -1.000000000000e+00 0.000000000000e+00 -2.623700386691e-06 0.000000000000e+00 0.000000000000e+00 -1.000000000000e+00 -4.999998037929e-01 1.000000000000e+00 0.000000000000e+00 0.000000000000e+00 -2.240219882816e+00
imu_to_world: -9.317661719120e-02 -9.956495959863e-01 -4.606109372280e-06 -5.454886627197e+01 9.956495956670e-01 -9.317661727842e-02 2.531092665618e-05 7.790353393555e+01 -2.562999558939e-05 -2.227684410312e-06 9.999999996691e-01 5.847949907184e-02
p2_to_world: -9.956495959863e-01 4.606109372280e-06 -9.317661719120e-02 -5.475761032104e+01 -9.317661727842e-02 -2.531092665618e-05 9.956495956670e-01 8.013405609131e+01 -2.227684410312e-06 -9.999999996691e-01 -2.562999558939e-05 2.096213102341e+00
