P0: -5.542562584220e+02 0.000000000000e+00 -9.600000000000e+02 -4.301222494830e+03 -4.408728476930e-14 5.542562584220e+02 -3.600000000000e+02 -1.612958435561e+03 -1.224646799147e-16 0.000000000000e+00 -1.000000000000e+00 -4.480440098782e+00
P1: -9.600000000000e+02 0.000000000000e+00 5.542562584220e+02 2.483815425109e+02 -3.600000000000e+02 5.542562584220e+02 2.204364238465e-14 -3.724785336509e+02 -1.000000000000e+00 0.000000000000e+00 6.123233995737e-17 -1.034662593475e+00
P2: 5.542562584220e+02 0.000000000000e+00 9.600000000000e+02 0.000000000000e+00 0.000000000000e+00 5.542562584220e+02 3.600000000000e+02 0.000000000000e+00 0.000000000000e+00 0.000000000000e+00 1.000000000000e+00 0.000000000000e+00
P3: 5.542562584220e+02 0.000000000000e+00 9.600000000000e+02 -4.434032658420e+02 0.000000000000e+00 5.542562584220e+02 3.600000000000e+02 0.000000000000e+00 0.000000000000e+00 0.000000000000e+00 1.000000000000e+00 0.000000000000e+00
P4: 9.600000000000e+02 0.000000000000e+00 -5.542562584220e+02 -2.234922464153e+03 3.600000000000e+02 5.542562584220e+02 2.204364238465e-14 -3.724753961218e+02 1.000000000000e+00 0.000000000000e+00 6.123233995737e-17 -1.034653878116e+00
P5: 5.542562584220e+02 9.600000000000e+02 5.878304635907e-14 2.399999977112e+04 0.000000000000e+00 9.600000000000e+02 -5.542562584220e+02 2.399999977112e+04 0.000000000000e+00 1.000000000000e+00 6.123233995737e-17 2.499999976158e+01
R0_rect: 1.000000000000e+00 0.000000000000e+00 0.000000000000e+00 0.000000000000e+00 1.000000000000e+00 0.000000000000e+00 0.000000000000e+00 0.000000000000e+00 1.000000000000e+00
Tr_velo_to_p2: 0.000000000000e+00 -1.000000000000e+00 0.000000000000e+00 -6.081116957896e-07 0.000000000000e+00 0.000000000000e+00 -1.000000000000e+00 -4.999999000667e-01 1.000000000000e+00 0.000000000000e+00 0.000000000000e+00 -2.240216438052e+00
imu_to_world: -9.652595111249e-02 -9.953304681167e-01 6.030926857211e-07 -5.455558013916e+01 9.953304678646e-01 -9.652595110164e-02 -2.245799843185e-05 7.794168090820e+01 2.241134418723e-05 -1.567503133673e-06 9.999999997476e-01 5.845912918448e-02
p2_to_world: -9.953304681167e-01 -6.030926857211e-07 -9.652595111249e-02 -5.477182006836e+01 -9.652595110164e-02 2.245799843185e-05 9.953304678646e-01 8.017139434814e+01 -1.567503133673e-06 -9.999999997476e-01 2.241134418723e-05 2.096300363541e+00
