P0: -5.542562584220e+02 0.000000000000e+00 -9.600000000000e+02 -4.301219021559e+03 -4.408728476930e-14 5.542562584220e+02 -3.600000000000e+02 -1.612957133085e+03 -1.224646799147e-16 0.000000000000e+00 -1.000000000000e+00 -4.480436480791e+00
P1: -9.600000000000e+02 0.000000000000e+00 5.542562584220e+02 2.483803704625e+02 -3.600000000000e+02 5.542562584220e+02 2.204364238465e-14 -3.724770968188e+02 -1.000000000000e+00 0.000000000000e+00 6.123233995737e-17 -1.034658602274e+00
P2: 5.542562584220e+02 0.000000000000e+00 9.600000000000e+02 0.000000000000e+00 0.000000000000e+00 5.542562584220e+02 3.600000000000e+02 0.000000000000e+00 0.000000000000e+00 0.000000000000e+00 1.000000000000e+00 0.000000000000e+00
P3: 5.542562584220e+02 0.000000000000e+00 9.600000000000e+02 -4.434058657595e+02 0.000000000000e+00 5.542562584220e+02 3.600000000000e+02 0.000000000000e+00 0.000000000000e+00 0.000000000000e+00 1.000000000000e+00 0.000000000000e+00
P4: 9.600000000000e+02 0.000000000000e+00 -5.542562584220e+02 -2.234931026730e+03 3.600000000000e+02 5.542562584220e+02 2.204364238465e-14 -3.724776357883e+02 1.000000000000e+00 0.000000000000e+00 6.123233995737e-17 -1.034660099412e+00
P5: 5.542562584220e+02 9.600000000000e+02 5.878304635907e-14 2.399999748230e+04 0.000000000000e+00 9.600000000000e+02 -5.542562584220e+02 2.399999748230e+04 0.000000000000e+00 1.000000000000e+00 6.123233995737e-17 2.499999737740e+01
R0_rect: 1.000000000000e+00 0.000000000000e+00 0.000000000000e+00 0.000000000000e+00 1.000000000000e+00 0.000000000000e+00 0.000000000000e+00 0.000000000000e+00 1.000000000000e+00
Tr_velo_to_p2: 0.000000000000e+00 -1.000000000000e+00 0.000000000000e+00 7.457652888312e-07 0.000000000000e+00 0.000000000000e+00 -1.000000000000e+00 -5.000002664976e-01 1.000000000000e+00 0.000000000000e+00 0.000000000000e+00 -2.240218541674e+00
imu_to_world: -2.939532988096e-02 -9.995678630395e-01 4.194955338840e-05 -5.440547180176e+01 9.995677786721e-01 -2.939534468077e-02 -4.117665692955e-04 7.671692657471e+01 4.128217513229e-04 2.982740775834e-05 9.999999143443e-01 5.828925967216e-02
p2_to_world: -9.995678630395e-01 -4.194955338840e-05 -2.939532988096e-02 -5.447123718262e+01 -2.939534468077e-02 4.117665692955e-04 9.995677786721e-01 7.895533752441e+01 2.982740775834e-05 -9.999999143443e-01 4.128217513229e-04 2.097004652023e+00
