P0: -5.542562584220e+02 0.000000000000e+00 -9.600000000000e+02 -4.300685704812e+03 -4.408728476930e-14 5.542562584220e+02 -3.600000000000e+02 -1.612757139305e+03 -1.224646799147e-16 0.000000000000e+00 -1.000000000000e+00 -4.479880942513e+00
P1: -9.600000000000e+02 0.000000000000e+00 5.542562584220e+02 2.482135305021e+02 -3.600000000000e+02 5.542562584220e+02 2.204364238465e-14 -3.724753677348e+02 -1.000000000000e+00 0.000000000000e+00 6.123233995737e-17 -1.034653799263e+00
P2: 5.542562584220e+02 0.000000000000e+00 9.600000000000e+02 0.000000000000e+00 0.000000000000e+00 5.542562584220e+02 3.600000000000e+02 0.000000000000e+00 0.000000000000e+00 0.000000000000e+00 1.000000000000e+00 0.000000000000e+00
P3: 5.542562584220e+02 0.000000000000e+00 9.600000000000e+02 -4.434053402364e+02 0.000000000000e+00 5.542562584220e+02 3.600000000000e+02 0.000000000000e+00 0.000000000000e+00 0.000000000000e+00 1.000000000000e+00 0.000000000000e+00
P4: 9.600000000000e+02 0.000000000000e+00 -5.542562584220e+02 -2.234791516722e+03 3.600000000000e+02 5.542562584220e+02 2.204364238465e-14 -3.724765657402e+02 1.000000000000e+00 0.000000000000e+00 6.123233995737e-17 -1.034657127056e+00
P5: 5.542562584220e+02 9.600000000000e+02 5.878304635907e-14 2.399696548462e+04 0.000000000000e+00 9.600000000000e+02 -5.542562584220e+02 2.399696548462e+04 0.000000000000e+00 1.000000000000e+00 6.123233995737e-17 2.499683904648e+01
R0_rect: 1.000000000000e+00 0.000000000000e+00 0.000000000000e+00 0.000000000000e+00 1.000000000000e+00 0.000000000000e+00 0.000000000000e+00 0.000000000000e+00 1.000000000000e+00
Tr_velo_to_p2: 0.000000000000e+00 -1.000000000000e+00 0.000000000000e+00 1.906271229887e-06 0.000000000000e+00 0.000000000000e+00 -1.000000000000e+00 -5.000002106366e-01 1.000000000000e+00 0.000000000000e+00 0.000000000000e+00 -2.240215875468e+00
imu_to_world: -9.308222400433e-02 -9.956515240676e-01 -3.707046831858e-03 -5.454791259766e+01 9.955340187837e-01 -9.312880365500e-02 1.546102758881e-02 7.789764404297e+01 -1.573902851899e-02 -2.251344396981e-03 9.998735992263e-01 6.535705178976e-02
p2_to_world: -9.956515240676e-01 3.707046831858e-03 -9.308222400433e-02 -5.476399230957e+01 -9.312880365500e-02 -1.546102758881e-02 9.955340187837e-01 8.015936279297e+01 -2.251344396981e-03 -9.998735992263e-01 -1.573902851899e-02 2.067631244659e+00
