P0: -5.542562584220e+02 0.000000000000e+00 -9.600000000000e+02 -4.301227079453e+03 -4.408728476930e-14 5.542562584220e+02 -3.600000000000e+02 -1.612960154795e+03 -1.224646799147e-16 0.000000000000e+00 -1.000000000000e+00 -4.480444874431e+00
P1: -9.600000000000e+02 0.000000000000e+00 5.542562584220e+02 2.483875030503e+02 -3.600000000000e+02 5.542562584220e+02 2.204364238465e-14 -3.724762943751e+02 -1.000000000000e+00 0.000000000000e+00 6.123233995737e-17 -1.034656373264e+00
P2: 5.542562584220e+02 0.000000000000e+00 9.600000000000e+02 0.000000000000e+00 0.000000000000e+00 5.542562584220e+02 3.600000000000e+02 0.000000000000e+00 0.000000000000e+00 0.000000000000e+00 1.000000000000e+00 0.000000000000e+00
P3: 5.542562584220e+02 0.000000000000e+00 9.600000000000e+02 -4.434055988446e+02 0.000000000000e+00 5.542562584220e+02 3.600000000000e+02 0.000000000000e+00 0.000000000000e+00 0.000000000000e+00 1.000000000000e+00 0.000000000000e+00
P4: 9.600000000000e+02 0.000000000000e+00 -5.542562584220e+02 -2.234930192140e+03 3.600000000000e+02 5.542562584220e+02 2.204364238465e-14 -3.724775982624e+02 1.000000000000e+00 0.000000000000e+00 6.123233995737e-17 -1.034659995173e+00
P5: 5.542562584220e+02 9.600000000000e+02 5.878304635907e-14 2.399999702454e+04 0.000000000000e+00 9.600000000000e+02 -5.542562584220e+02 2.399999702454e+04 0.000000000000e+00 1.000000000000e+00 6.123233995737e-17 2.499999690056e+01
R0_rect: 1.000000000000e+00 0.000000000000e+00 0.000000000000e+00 0.000000000000e+00 1.000000000000e+00 0.000000000000e+00 0.000000000000e+00 0.000000000000e+00 1.000000000000e+00
Tr_velo_to_p2: 0.000000000000e+00 -1.000000000000e+00 0.000000000000e+00 -1.957970049789e-06 0.000000000000e+00 0.000000000000e+00 -1.000000000000e+00 -4.999997583252e-01 1.000000000000e+00 0.000000000000e+00 0.000000000000e+00 -2.240222114117e+00
imu_to_world: -9.317661721145e-02 -9.956495959882e-01 -3.696341894285e-06 -5.454886627197e+01 9.956495958835e-01 -9.317661725594e-02 1.462035243507e-05 7.790354156494e+01 -1.490116062911e-05 -2.317986330953e-06 9.999999998863e-01 5.847495794296e-02
p2_to_world: -9.956495959882e-01 3.696341894285e-06 -9.317661721145e-02 -5.475761032104e+01 -9.317661725594e-02 -1.462035243507e-05 9.956495958835e-01 8.013404846191e+01 -2.317986330953e-06 -9.999999998863e-01 -1.490116062911e-05 2.096232652664e+00
