P0: -5.542562584220e+02 0.000000000000e+00 -9.600000000000e+02 -4.301226397007e+03 -4.408728476930e-14 5.542562584220e+02 -3.600000000000e+02 -1.612959898878e+03 -1.224646799147e-16 0.000000000000e+00 -1.000000000000e+00 -4.480444163549e+00
P1: -9.600000000000e+02 0.000000000000e+00 5.542562584220e+02 2.483875030503e+02 -3.600000000000e+02 5.542562584220e+02 2.204364238465e-14 -3.724762943751e+02 -1.000000000000e+00 0.000000000000e+00 6.123233995737e-17 -1.034656373264e+00
P2: 5.542562584220e+02 0.000000000000e+00 9.600000000000e+02 0.000000000000e+00 0.000000000000e+00 5.542562584220e+02 3.600000000000e+02 0.000000000000e+00 0.000000000000e+00 0.000000000000e+00 1.000000000000e+00 0.000000000000e+00
P3: 5.542562584220e+02 0.000000000000e+00 9.600000000000e+02 -4.434077039663e+02 0.000000000000e+00 5.542562584220e+02 3.600000000000e+02 0.000000000000e+00 0.000000000000e+00 0.000000000000e+00 1.000000000000e+00 0.000000000000e+00
P4: 9.600000000000e+02 0.000000000000e+00 -5.542562584220e+02 -2.234930192140e+03 3.600000000000e+02 5.542562584220e+02 2.204364238465e-14 -3.724775982624e+02 1.000000000000e+00 0.000000000000e+00 6.123233995737e-17 -1.034659995173e+00
P5: 5.542562584220e+02 9.600000000000e+02 5.878304635907e-14 2.399999748230e+04 0.000000000000e+00 9.600000000000e+02 -5.542562584220e+02 2.399999748230e+04 0.000000000000e+00 1.000000000000e+00 6.123233995737e-17 2.499999737740e+01
R0_rect: 1.000000000000e+00 0.000000000000e+00 0.000000000000e+00 0.000000000000e+00 1.000000000000e+00 0.000000000000e+00 0.000000000000e+00 0.000000000000e+00 1.000000000000e+00
Tr_velo_to_p2: 0.000000000000e+00 -1.000000000000e+00 0.000000000000e+00 5.842649952009e-06 0.000000000000e+00 0.000000000000e+00 -1.000000000000e+00 -5.000001829162e-01 1.000000000000e+00 0.000000000000e+00 0.000000000000e+00 -2.240220495795e+00
imu_to_world: -9.317661711267e-02 -9.956495959940e-01 4.509654150450e-06 -5.454887008667e+01 9.956495948279e-01 -9.317661722180e-02 -4.818841516097e-05 7.790357971191e+01 4.839897040519e-05 1.818989301542e-12 9.999999988288e-01 5.844734236598e-02
p2_to_world: -9.956495959940e-01 -4.509654150450e-06 -9.317661711267e-02 -5.475759506226e+01 -9.317661722180e-02 4.818841516097e-05 9.956495948279e-01 8.013395690918e+01 1.818989301542e-12 -9.999999988288e-01 4.839897040519e-05 2.096346616745e+00
