P0: -5.542562584220e+02 0.000000000000e+00 -9.600000000000e+02 -4.301144986082e+03 -4.408728476930e-14 5.542562584220e+02 -3.600000000000e+02 -1.612929369781e+03 -1.224646799147e-16 0.000000000000e+00 -1.000000000000e+00 -4.480359360502e+00
P1: -9.600000000000e+02 0.000000000000e+00 5.542562584220e+02 2.483544933147e+02 -3.600000000000e+02 5.542562584220e+02 2.204364238465e-14 -3.724770627611e+02 -1.000000000000e+00 0.000000000000e+00 6.123233995737e-17 -1.034658507670e+00
P2: 5.542562584220e+02 0.000000000000e+00 9.600000000000e+02 0.000000000000e+00 0.000000000000e+00 5.542562584220e+02 3.600000000000e+02 0.000000000000e+00 0.000000000000e+00 0.000000000000e+00 1.000000000000e+00 0.000000000000e+00
P3: 5.542562584220e+02 0.000000000000e+00 9.600000000000e+02 -4.434031165017e+02 0.000000000000e+00 5.542562584220e+02 3.600000000000e+02 0.000000000000e+00 0.000000000000e+00 0.000000000000e+00 1.000000000000e+00 0.000000000000e+00
P4: 9.600000000000e+02 0.000000000000e+00 -5.542562584220e+02 -2.234910578333e+03 3.600000000000e+02 5.542562584220e+02 2.204364238465e-14 -3.724761543762e+02 1.000000000000e+00 0.000000000000e+00 6.123233995737e-17 -1.034655984378e+00
P5: 5.542562584220e+02 9.600000000000e+02 5.878304635907e-14 2.399952438354e+04 0.000000000000e+00 9.600000000000e+02 -5.542562584220e+02 2.399952438354e+04 0.000000000000e+00 1.000000000000e+00 6.123233995737e-17 2.499950456619e+01
R0_rect: 1.000000000000e+00 0.000000000000e+00 0.000000000000e+00 0.000000000000e+00 1.000000000000e+00 0.000000000000e+00 0.000000000000e+00 0.000000000000e+00 1.000000000000e+00
Tr_velo_to_p2: 0.000000000000e+00 -1.000000000000e+00 0.000000000000e+00 -7.772378821188e-07 0.000000000000e+00 0.000000000000e+00 -1.000000000000e+00 -4.999995283602e-01 1.000000000000e+00 0.000000000000e+00 0.000000000000e+00 -2.240225688020e+00
imu_to_world: -1.317041811974e-01 -9.912860581889e-01 2.441207765868e-03 -5.464863204956e+01 9.912704446823e-01 -1.317164018928e-01 -5.804737008756e-03 7.837140655518e+01 6.075701971426e-03 1.655388972829e-03 9.999801725699e-01 5.580581724644e-02
p2_to_world: -9.912860581889e-01 -2.441207765868e-03 -1.317041811974e-01 -5.493870544434e+01 -1.317164018928e-01 5.804737008756e-03 9.912704446823e-01 8.058024597168e+01 1.655388972829e-03 -9.999801725699e-01 6.075701971426e-03 2.107167720795e+00
