P0: -5.542562584220e+02 0.000000000000e+00 -9.600000000000e+02 -4.301226397007e+03 -4.408728476930e-14 5.542562584220e+02 -3.600000000000e+02 -1.612959898878e+03 -1.224646799147e-16 0.000000000000e+00 -1.000000000000e+00 -4.480444163549e+00
P1: -9.600000000000e+02 0.000000000000e+00 5.542562584220e+02 2.483875030503e+02 -3.600000000000e+02 5.542562584220e+02 2.204364238465e-14 -3.724762943751e+02 -1.000000000000e+00 0.000000000000e+00 6.123233995737e-17 -1.034656373264e+00
P2: 5.542562584220e+02 0.000000000000e+00 9.600000000000e+02 0.000000000000e+00 0.000000000000e+00 5.542562584220e+02 3.600000000000e+02 0.000000000000e+00 0.000000000000e+00 0.000000000000e+00 1.000000000000e+00 0.000000000000e+00
P3: 5.542562584220e+02 0.000000000000e+00 9.600000000000e+02 -4.434077039663e+02 0.000000000000e+00 5.542562584220e+02 3.600000000000e+02 0.000000000000e+00 0.000000000000e+00 0.000000000000e+00 1.000000000000e+00 0.000000000000e+00
P4: 9.600000000000e+02 0.000000000000e+00 -5.542562584220e+02 -2.234930192140e+03 3.600000000000e+02 5.542562584220e+02 2.204364238465e-14 -3.724775982624e+02 1.000000000000e+00 0.000000000000e+00 6.123233995737e-17 -1.034659995173e+00
P5: 5.542562584220e+02 9.600000000000e+02 5.878304635907e-14 2.399999931335e+04 0.000000000000e+00 9.600000000000e+02 -5.542562584220e+02 2.399999931335e+04 0.000000000000e+00 1.000000000000e+00 6.123233995737e-17 2.499999928474e+01
R0_rect: 1.000000000000e+00 0.000000000000e+00 0.000000000000e+00 0.000000000000e+00 1.000000000000e+00 0.000000000000e+00 0.000000000000e+00 0.000000000000e+00 1.000000000000e+00
Tr_velo_to_p2: 0.000000000000e+00 -1.000000000000e+00 0.000000000000e+00 5.006718296261e-06 0.000000000000e+00 0.000000000000e+00 -1.000000000000e+00 -4.999996393503e-01 1.000000000000e+00 0.000000000000e+00 0.000000000000e+00 -2.240224477476e+00
imu_to_world: -9.317661716061e-02 -9.956495959844e-01 -5.526546652618e-06 -5.454886627197e+01 9.956495953402e-01 -9.317661729949e-02 3.588077296206e-05 7.790352630615e+01 -3.623962202572e-05 -2.159254892595e-06 9.999999993410e-01 5.848407745361e-02
p2_to_world: -9.956495959844e-01 5.526546652618e-06 -9.317661716061e-02 -5.475761032104e+01 -9.317661729949e-02 -3.588077296206e-05 9.956495953402e-01 8.013407897949e+01 -2.159254892595e-06 -9.999999993410e-01 -3.623962202572e-05 2.096194028854e+00
