P0: -5.542562584220e+02 0.000000000000e+00 -9.600000000000e+02 -4.301222141342e+03 -4.408728476930e-14 5.542562584220e+02 -3.600000000000e+02 -1.612958303003e+03 -1.224646799147e-16 0.000000000000e+00 -1.000000000000e+00 -4.480439730564e+00
P1: -9.600000000000e+02 0.000000000000e+00 5.542562584220e+02 2.483884243555e+02 -3.600000000000e+02 5.542562584220e+02 2.204364238465e-14 -3.724757998941e+02 -1.000000000000e+00 0.000000000000e+00 6.123233995737e-17 -1.034654999706e+00
P2: 5.542562584220e+02 0.000000000000e+00 9.600000000000e+02 0.000000000000e+00 0.000000000000e+00 5.542562584220e+02 3.600000000000e+02 0.000000000000e+00 0.000000000000e+00 0.000000000000e+00 1.000000000000e+00 0.000000000000e+00
P3: 5.542562584220e+02 0.000000000000e+00 9.600000000000e+02 -4.434053702890e+02 0.000000000000e+00 5.542562584220e+02 3.600000000000e+02 0.000000000000e+00 0.000000000000e+00 0.000000000000e+00 1.000000000000e+00 0.000000000000e+00
P4: 9.600000000000e+02 0.000000000000e+00 -5.542562584220e+02 -2.234925905076e+03 3.600000000000e+02 5.542562584220e+02 2.204364238465e-14 -3.724767630002e+02 1.000000000000e+00 0.000000000000e+00 6.123233995737e-17 -1.034657675001e+00
P5: 5.542562584220e+02 9.600000000000e+02 5.878304635907e-14 2.399999748230e+04 0.000000000000e+00 9.600000000000e+02 -5.542562584220e+02 2.399999748230e+04 0.000000000000e+00 1.000000000000e+00 6.123233995737e-17 2.499999737740e+01
R0_rect: 1.000000000000e+00 0.000000000000e+00 0.000000000000e+00 0.000000000000e+00 1.000000000000e+00 0.000000000000e+00 0.000000000000e+00 0.000000000000e+00 1.000000000000e+00
Tr_velo_to_p2: 0.000000000000e+00 -1.000000000000e+00 0.000000000000e+00 -1.467678861730e-06 0.000000000000e+00 0.000000000000e+00 -1.000000000000e+00 -5.000002883038e-01 1.000000000000e+00 0.000000000000e+00 0.000000000000e+00 -2.240214983108e+00
imu_to_world: -9.652595113177e-02 -9.953304681147e-01 -8.272204107595e-07 -5.455558013916e+01 9.953304680635e-01 -9.652595111827e-02 -1.026054950930e-05 7.794167327881e+01 1.013278930927e-05 -1.813766979152e-06 9.999999999470e-01 5.846454575658e-02
p2_to_world: -9.953304681147e-01 8.272204107595e-07 -9.652595113177e-02 -5.477182006836e+01 -9.652595111827e-02 1.026054950930e-05 9.953304680635e-01 8.017140960693e+01 -1.813766979152e-06 -9.999999999470e-01 1.013278930927e-05 2.096277952194e+00
