P0: -5.542562584220e+02 0.000000000000e+00 -9.600000000000e+02 -4.301215204812e+03 -4.408728476930e-14 5.542562584220e+02 -3.600000000000e+02 -1.612955701805e+03 -1.224646799147e-16 0.000000000000e+00 -1.000000000000e+00 -4.480432505013e+00
P1: -9.600000000000e+02 0.000000000000e+00 5.542562584220e+02 2.483800675621e+02 -3.600000000000e+02 5.542562584220e+02 2.204364238465e-14 -3.724774318890e+02 -1.000000000000e+00 0.000000000000e+00 6.123233995737e-17 -1.034659533025e+00
P2: 5.542562584220e+02 0.000000000000e+00 9.600000000000e+02 0.000000000000e+00 0.000000000000e+00 5.542562584220e+02 3.600000000000e+02 0.000000000000e+00 0.000000000000e+00 0.000000000000e+00 1.000000000000e+00 0.000000000000e+00
P3: 5.542562584220e+02 0.000000000000e+00 9.600000000000e+02 -4.434028576685e+02 0.000000000000e+00 5.542562584220e+02 3.600000000000e+02 0.000000000000e+00 0.000000000000e+00 0.000000000000e+00 1.000000000000e+00 0.000000000000e+00
P4: 9.600000000000e+02 0.000000000000e+00 -5.542562584220e+02 -2.234922464153e+03 3.600000000000e+02 5.542562584220e+02 2.204364238465e-14 -3.724753961218e+02 1.000000000000e+00 0.000000000000e+00 6.123233995737e-17 -1.034653878116e+00
P5: 5.542562584220e+02 9.600000000000e+02 5.878304635907e-14 2.399999794006e+04 0.000000000000e+00 9.600000000000e+02 -5.542562584220e+02 2.399999794006e+04 0.000000000000e+00 1.000000000000e+00 6.123233995737e-17 2.499999785423e+01
R0_rect: 1.000000000000e+00 0.000000000000e+00 0.000000000000e+00 0.000000000000e+00 1.000000000000e+00 0.000000000000e+00 0.000000000000e+00 0.000000000000e+00 1.000000000000e+00
Tr_velo_to_p2: 0.000000000000e+00 -1.000000000000e+00 0.000000000000e+00 -2.294500731791e-06 0.000000000000e+00 0.000000000000e+00 -1.000000000000e+00 -5.000000958687e-01 1.000000000000e+00 0.000000000000e+00 0.000000000000e+00 -2.240211263535e+00
imu_to_world: -9.652595113645e-02 -9.953304681130e-01 -1.755092888107e-06 -5.455558013916e+01 9.953304681117e-01 -9.652595113180e-02 -2.565577717416e-06 7.794166564941e+01 2.384185660107e-06 -1.994542255287e-06 9.999999999952e-01 5.846786499023e-02
p2_to_world: -9.953304681130e-01 1.755092888107e-06 -9.652595113645e-02 -5.477182388306e+01 -9.652595113180e-02 2.565577717416e-06 9.953304681117e-01 8.017141723633e+01 -1.994542255287e-06 -9.999999999952e-01 2.384185660107e-06 2.096264123917e+00
