P0: -5.542562584220e+02 0.000000000000e+00 -9.600000000000e+02 -4.300966197395e+03 -4.408728476930e-14 5.542562584220e+02 -3.600000000000e+02 -1.612862324023e+03 -1.224646799147e-16 0.000000000000e+00 -1.000000000000e+00 -4.480173122287e+00
P1: -9.600000000000e+02 0.000000000000e+00 5.542562584220e+02 2.482908239175e+02 -3.600000000000e+02 5.542562584220e+02 2.204364238465e-14 -3.724742675286e+02 -1.000000000000e+00 0.000000000000e+00 6.123233995737e-17 -1.034650743135e+00
P2: 5.542562584220e+02 0.000000000000e+00 9.600000000000e+02 0.000000000000e+00 0.000000000000e+00 5.542562584220e+02 3.600000000000e+02 0.000000000000e+00 0.000000000000e+00 0.000000000000e+00 1.000000000000e+00 0.000000000000e+00
P3: 5.542562584220e+02 0.000000000000e+00 9.600000000000e+02 -4.434004956399e+02 0.000000000000e+00 5.542562584220e+02 3.600000000000e+02 0.000000000000e+00 0.000000000000e+00 0.000000000000e+00 1.000000000000e+00 0.000000000000e+00
P4: 9.600000000000e+02 0.000000000000e+00 -5.542562584220e+02 -2.234863776530e+03 3.600000000000e+02 5.542562584220e+02 2.204364238465e-14 -3.724723197213e+02 1.000000000000e+00 0.000000000000e+00 6.123233995737e-17 -1.034645332559e+00
P5: 5.542562584220e+02 9.600000000000e+02 5.878304635907e-14 2.399841018677e+04 0.000000000000e+00 9.600000000000e+02 -5.542562584220e+02 2.399841018677e+04 0.000000000000e+00 1.000000000000e+00 6.123233995737e-17 2.499834394455e+01
R0_rect: 1.000000000000e+00 0.000000000000e+00 0.000000000000e+00 0.000000000000e+00 1.000000000000e+00 0.000000000000e+00 0.000000000000e+00 0.000000000000e+00 1.000000000000e+00
Tr_velo_to_p2: 0.000000000000e+00 -1.000000000000e+00 0.000000000000e+00 -1.408273202010e-06 0.000000000000e+00 0.000000000000e+00 -1.000000000000e+00 -4.999999050630e-01 1.000000000000e+00 0.000000000000e+00 0.000000000000e+00 -2.240220635908e+00
imu_to_world: -1.216274693944e-01 -9.925623955128e-01 5.162335002244e-03 -5.462420654297e+01 9.925166421116e-01 -1.216753652561e-01 -1.028691505540e-02 7.826261901855e+01 1.083853404680e-02 3.872531955819e-03 9.999337626443e-01 5.375957489014e-02
p2_to_world: -9.925623955128e-01 -5.162335002244e-03 -1.216274693944e-01 -5.488616180420e+01 -1.216753652561e-01 1.028691505540e-02 9.925166421116e-01 8.046511077881e+01 3.872531955819e-03 -9.999337626443e-01 1.083853404680e-02 2.115696430206e+00
