P0: -5.542562584220e+02 0.000000000000e+00 -9.600000000000e+02 -4.301226055787e+03 -4.408728476930e-14 5.542562584220e+02 -3.600000000000e+02 -1.612959770920e+03 -1.224646799147e-16 0.000000000000e+00 -1.000000000000e+00 -4.480443808111e+00
P1: -9.600000000000e+02 0.000000000000e+00 5.542562584220e+02 2.483864148512e+02 -3.600000000000e+02 5.542562584220e+02 2.204364238465e-14 -3.724766165431e+02 -1.000000000000e+00 0.000000000000e+00 6.123233995737e-17 -1.034657268175e+00
P2: 5.542562584220e+02 0.000000000000e+00 9.600000000000e+02 0.000000000000e+00 0.000000000000e+00 5.542562584220e+02 3.600000000000e+02 0.000000000000e+00 0.000000000000e+00 0.000000000000e+00 1.000000000000e+00 0.000000000000e+00
P3: 5.542562584220e+02 0.000000000000e+00 9.600000000000e+02 -4.434077039652e+02 0.000000000000e+00 5.542562584220e+02 3.600000000000e+02 0.000000000000e+00 0.000000000000e+00 0.000000000000e+00 1.000000000000e+00 0.000000000000e+00
P4: 9.600000000000e+02 0.000000000000e+00 -5.542562584220e+02 -2.234933011285e+03 3.600000000000e+02 5.542562584220e+02 2.204364238465e-14 -3.724786434113e+02 1.000000000000e+00 0.000000000000e+00 6.123233995737e-17 -1.034662898365e+00
P5: 5.542562584220e+02 9.600000000000e+02 5.878304635907e-14 2.399999244690e+04 0.000000000000e+00 9.600000000000e+02 -5.542562584220e+02 2.399999244690e+04 0.000000000000e+00 1.000000000000e+00 6.123233995737e-17 2.499999213219e+01
R0_rect: 1.000000000000e+00 0.000000000000e+00 0.000000000000e+00 0.000000000000e+00 1.000000000000e+00 0.000000000000e+00 0.000000000000e+00 0.000000000000e+00 1.000000000000e+00
Tr_velo_to_p2: 0.000000000000e+00 -1.000000000000e+00 0.000000000000e+00 3.360233459644e-06 0.000000000000e+00 0.000000000000e+00 -1.000000000000e+00 -4.999998762496e-01 1.000000000000e+00 0.000000000000e+00 0.000000000000e+00 -2.240225285588e+00
imu_to_world: -9.317619263816e-02 -9.956496342647e-01 5.398144087299e-05 -5.454890441895e+01 9.956493463340e-01 -9.317620675628e-02 -7.573897697480e-04 7.790382385254e+01 7.591246331412e-04 -1.682410876885e-05 9.999997117233e-01 5.815223604441e-02
p2_to_world: -9.956496342647e-01 -5.398144087299e-05 -9.317619263816e-02 -5.475752639771e+01 -9.317620675628e-02 7.573897697480e-04 9.956493463340e-01 8.013275909424e+01 -1.682410876885e-05 -9.999997117233e-01 7.591246331412e-04 2.097643136978e+00
