P0: -5.542562584220e+02 0.000000000000e+00 -9.600000000000e+02 -4.301214851324e+03 -4.408728476930e-14 5.542562584220e+02 -3.600000000000e+02 -1.612955569246e+03 -1.224646799147e-16 0.000000000000e+00 -1.000000000000e+00 -4.480432136796e+00
P1: -9.600000000000e+02 0.000000000000e+00 5.542562584220e+02 2.483835084844e+02 -3.600000000000e+02 5.542562584220e+02 2.204364238465e-14 -3.724760650106e+02 -1.000000000000e+00 0.000000000000e+00 6.123233995737e-17 -1.034655736140e+00
P2: 5.542562584220e+02 0.000000000000e+00 9.600000000000e+02 0.000000000000e+00 0.000000000000e+00 5.542562584220e+02 3.600000000000e+02 0.000000000000e+00 0.000000000000e+00 0.000000000000e+00 1.000000000000e+00 0.000000000000e+00
P3: 5.542562584220e+02 0.000000000000e+00 9.600000000000e+02 -4.434049621155e+02 0.000000000000e+00 5.542562584220e+02 3.600000000000e+02 0.000000000000e+00 0.000000000000e+00 0.000000000000e+00 1.000000000000e+00 0.000000000000e+00
P4: 9.600000000000e+02 0.000000000000e+00 -5.542562584220e+02 -2.234929345998e+03 3.600000000000e+02 5.542562584220e+02 2.204364238465e-14 -3.724781298786e+02 1.000000000000e+00 0.000000000000e+00 6.123233995737e-17 -1.034661471885e+00
P5: 5.542562584220e+02 9.600000000000e+02 5.878304635907e-14 2.399999725342e+04 0.000000000000e+00 9.600000000000e+02 -5.542562584220e+02 2.399999725342e+04 0.000000000000e+00 1.000000000000e+00 6.123233995737e-17 2.499999713898e+01
R0_rect: 1.000000000000e+00 0.000000000000e+00 0.000000000000e+00 0.000000000000e+00 1.000000000000e+00 0.000000000000e+00 0.000000000000e+00 0.000000000000e+00 1.000000000000e+00
Tr_velo_to_p2: 0.000000000000e+00 -1.000000000000e+00 0.000000000000e+00 -1.643070348561e-06 0.000000000000e+00 0.000000000000e+00 -1.000000000000e+00 -4.999999175087e-01 1.000000000000e+00 0.000000000000e+00 0.000000000000e+00 -2.240215772384e+00
imu_to_world: -9.652594529683e-02 -9.953304656562e-01 -7.759655212290e-05 -5.455553054810e+01 9.953304078963e-01 -9.652596635471e-02 3.419593953436e-04 7.794154357910e+01 -3.478526863823e-04 -4.422625398716e-05 9.999999385213e-01 5.861999467015e-02
p2_to_world: -9.953304656562e-01 7.759655212290e-05 -9.652594529683e-02 -5.477192687988e+01 -9.652596635471e-02 -3.419593953436e-04 9.953304078963e-01 8.017199707031e+01 -4.422625398716e-05 -9.999999385213e-01 -3.478526863823e-04 2.095631599426e+00
