P0: -5.542562584220e+02 0.000000000000e+00 -9.600000000000e+02 -4.300485193797e+03 -4.408728476930e-14 5.542562584220e+02 -3.600000000000e+02 -1.612681947674e+03 -1.224646799147e-16 0.000000000000e+00 -1.000000000000e+00 -4.479672076872e+00
P1: -9.600000000000e+02 0.000000000000e+00 5.542562584220e+02 2.481411068055e+02 -3.600000000000e+02 5.542562584220e+02 2.204364238465e-14 -3.724761123376e+02 -1.000000000000e+00 0.000000000000e+00 6.123233995737e-17 -1.034655867604e+00
P2: 5.542562584220e+02 0.000000000000e+00 9.600000000000e+02 0.000000000000e+00 0.000000000000e+00 5.542562584220e+02 3.600000000000e+02 0.000000000000e+00 0.000000000000e+00 0.000000000000e+00 1.000000000000e+00 0.000000000000e+00
P3: 5.542562584220e+02 0.000000000000e+00 9.600000000000e+02 -4.434028410964e+02 0.000000000000e+00 5.542562584220e+02 3.600000000000e+02 0.000000000000e+00 0.000000000000e+00 0.000000000000e+00 1.000000000000e+00 0.000000000000e+00
P4: 9.600000000000e+02 0.000000000000e+00 -5.542562584220e+02 -2.234736254324e+03 3.600000000000e+02 5.542562584220e+02 2.204364238465e-14 -3.724741974238e+02 1.000000000000e+00 0.000000000000e+00 6.123233995737e-17 -1.034650548399e+00
P5: 5.542562584220e+02 9.600000000000e+02 5.878304635907e-14 2.399581718445e+04 0.000000000000e+00 9.600000000000e+02 -5.542562584220e+02 2.399581718445e+04 0.000000000000e+00 1.000000000000e+00 6.123233995737e-17 2.499564290047e+01
R0_rect: 1.000000000000e+00 0.000000000000e+00 0.000000000000e+00 0.000000000000e+00 1.000000000000e+00 0.000000000000e+00 0.000000000000e+00 0.000000000000e+00 1.000000000000e+00
Tr_velo_to_p2: 0.000000000000e+00 -1.000000000000e+00 0.000000000000e+00 2.203589602983e-07 0.000000000000e+00 0.000000000000e+00 -1.000000000000e+00 -5.000003500533e-01 1.000000000000e+00 0.000000000000e+00 0.000000000000e+00 -2.240209789783e+00
imu_to_world: -9.305580615528e-02 -9.956500296248e-01 -4.651392153518e-03 -5.454789352417e+01 9.954903047086e-01 -9.312532196200e-02 1.807560899750e-02 7.789667510986e+01 -1.843014302572e-02 -2.948375425215e-03 9.998258032830e-01 6.643054634333e-02
p2_to_world: -9.956500296248e-01 4.651392153518e-03 -9.305580615528e-02 -5.476583862305e+01 -9.312532196200e-02 -1.807560899750e-02 9.954903047086e-01 8.016361999512e+01 -2.948375425215e-03 -9.998258032830e-01 -1.843014302572e-02 2.062578916550e+00
