P0: -5.542562584220e+02 0.000000000000e+00 -9.600000000000e+02 -4.300804078133e+03 -4.408728476930e-14 5.542562584220e+02 -3.600000000000e+02 -1.612801529300e+03 -1.224646799147e-16 0.000000000000e+00 -1.000000000000e+00 -4.480004248056e+00
P1: -9.600000000000e+02 0.000000000000e+00 5.542562584220e+02 2.482399211431e+02 -3.600000000000e+02 5.542562584220e+02 2.204364238465e-14 -3.724748646304e+02 -1.000000000000e+00 0.000000000000e+00 6.123233995737e-17 -1.034652401751e+00
P2: 5.542562584220e+02 0.000000000000e+00 9.600000000000e+02 0.000000000000e+00 0.000000000000e+00 5.542562584220e+02 3.600000000000e+02 0.000000000000e+00 0.000000000000e+00 0.000000000000e+00 1.000000000000e+00 0.000000000000e+00
P3: 5.542562584220e+02 0.000000000000e+00 9.600000000000e+02 -4.433989470974e+02 0.000000000000e+00 5.542562584220e+02 3.600000000000e+02 0.000000000000e+00 0.000000000000e+00 0.000000000000e+00 1.000000000000e+00 0.000000000000e+00
P4: 9.600000000000e+02 0.000000000000e+00 -5.542562584220e+02 -2.234826571775e+03 3.600000000000e+02 5.542562584220e+02 2.204364238465e-14 -3.724734023838e+02 1.000000000000e+00 0.000000000000e+00 6.123233995737e-17 -1.034648339955e+00
P5: 5.542562584220e+02 9.600000000000e+02 5.878304635907e-14 2.399752990723e+04 0.000000000000e+00 9.600000000000e+02 -5.542562584220e+02 2.399752990723e+04 0.000000000000e+00 1.000000000000e+00 6.123233995737e-17 2.499742698669e+01
R0_rect: 1.000000000000e+00 0.000000000000e+00 0.000000000000e+00 0.000000000000e+00 1.000000000000e+00 0.000000000000e+00 0.000000000000e+00 0.000000000000e+00 1.000000000000e+00
Tr_velo_to_p2: 0.000000000000e+00 -1.000000000000e+00 0.000000000000e+00 -2.128279764823e-06 0.000000000000e+00 0.000000000000e+00 -1.000000000000e+00 -4.999997682052e-01 1.000000000000e+00 0.000000000000e+00 0.000000000000e+00 -2.240215694431e+00
imu_to_world: -5.821613763467e-02 -9.982935251768e-01 4.573719380932e-03 -5.447463607788e+01 9.982081615515e-01 -5.827342043434e-02 -1.358950635095e-02 7.745156097412e+01 1.383284247293e-02 3.774395442578e-03 9.998971979199e-01 5.244933813810e-02
p2_to_world: -9.982935251768e-01 -4.573719380932e-03 -5.821613763467e-02 -5.459573745728e+01 -5.827342043434e-02 1.358950635095e-02 9.982081615515e-01 7.966007232666e+01 3.774395442578e-03 -9.998971979199e-01 1.383284247293e-02 2.121019363403e+00
