P0: -5.542562584220e+02 0.000000000000e+00 -9.600000000000e+02 -4.301215204813e+03 -4.408728476930e-14 5.542562584220e+02 -3.600000000000e+02 -1.612955701805e+03 -1.224646799147e-16 0.000000000000e+00 -1.000000000000e+00 -4.480432505013e+00
P1: -9.600000000000e+02 0.000000000000e+00 5.542562584220e+02 2.483838712163e+02 -3.600000000000e+02 5.542562584220e+02 2.204364238465e-14 -3.724759576216e+02 -1.000000000000e+00 0.000000000000e+00 6.123233995737e-17 -1.034655437838e+00
P2: 5.542562584220e+02 0.000000000000e+00 9.600000000000e+02 0.000000000000e+00 0.000000000000e+00 5.542562584220e+02 3.600000000000e+02 0.000000000000e+00 0.000000000000e+00 0.000000000000e+00 1.000000000000e+00 0.000000000000e+00
P3: 5.542562584220e+02 0.000000000000e+00 9.600000000000e+02 -4.434049621152e+02 0.000000000000e+00 5.542562584220e+02 3.600000000000e+02 0.000000000000e+00 0.000000000000e+00 0.000000000000e+00 1.000000000000e+00 0.000000000000e+00
P4: 9.600000000000e+02 0.000000000000e+00 -5.542562584220e+02 -2.234926115085e+03 3.600000000000e+02 5.542562584220e+02 2.204364238465e-14 -3.724768703893e+02 1.000000000000e+00 0.000000000000e+00 6.123233995737e-17 -1.034657973304e+00
P5: 5.542562584220e+02 9.600000000000e+02 5.878304635907e-14 2.399999198914e+04 0.000000000000e+00 9.600000000000e+02 -5.542562584220e+02 2.399999198914e+04 0.000000000000e+00 1.000000000000e+00 6.123233995737e-17 2.499999165535e+01
R0_rect: 1.000000000000e+00 0.000000000000e+00 0.000000000000e+00 0.000000000000e+00 1.000000000000e+00 0.000000000000e+00 0.000000000000e+00 0.000000000000e+00 1.000000000000e+00
Tr_velo_to_p2: 0.000000000000e+00 -1.000000000000e+00 0.000000000000e+00 -2.424762476426e-06 0.000000000000e+00 0.000000000000e+00 -1.000000000000e+00 -4.999998548905e-01 1.000000000000e+00 0.000000000000e+00 0.000000000000e+00 -2.240217567212e+00
imu_to_world: -9.652606155333e-02 -9.953304451321e-01 -1.563139885054e-04 -5.455550765991e+01 9.953302271740e-01 -9.652614485346e-02 6.650063734319e-04 7.794144439697e+01 -6.769894763807e-04 -9.139359155434e-05 9.999997666662e-01 5.876243487000e-02
p2_to_world: -9.953304451321e-01 1.563139885054e-04 -9.652606155333e-02 -5.477206420898e+01 -9.652614485346e-02 -6.650063734319e-04 9.953302271740e-01 8.017255401611e+01 -9.139359155434e-05 -9.999997666662e-01 -6.769894763807e-04 2.095036268234e+00
