P0: -5.542562584220e+02 0.000000000000e+00 -9.600000000000e+02 -4.300989042097e+03 -4.408728476930e-14 5.542562584220e+02 -3.600000000000e+02 -1.612870890786e+03 -1.224646799147e-16 0.000000000000e+00 -1.000000000000e+00 -4.480196918851e+00
P1: -9.600000000000e+02 0.000000000000e+00 5.542562584220e+02 2.482958629222e+02 -3.600000000000e+02 5.542562584220e+02 2.204364238465e-14 -3.724725293597e+02 -1.000000000000e+00 0.000000000000e+00 6.123233995737e-17 -1.034645914888e+00
P2: 5.542562584220e+02 0.000000000000e+00 9.600000000000e+02 0.000000000000e+00 0.000000000000e+00 5.542562584220e+02 3.600000000000e+02 0.000000000000e+00 0.000000000000e+00 0.000000000000e+00 1.000000000000e+00 0.000000000000e+00
P3: 5.542562584220e+02 0.000000000000e+00 9.600000000000e+02 -4.433988597658e+02 0.000000000000e+00 5.542562584220e+02 3.600000000000e+02 0.000000000000e+00 0.000000000000e+00 0.000000000000e+00 1.000000000000e+00 0.000000000000e+00
P4: 9.600000000000e+02 0.000000000000e+00 -5.542562584220e+02 -2.234872481119e+03 3.600000000000e+02 5.542562584220e+02 2.204364238465e-14 -3.724707387962e+02 1.000000000000e+00 0.000000000000e+00 6.123233995737e-17 -1.034640941100e+00
P5: 5.542562584220e+02 9.600000000000e+02 5.878304635907e-14 2.399844566345e+04 0.000000000000e+00 9.600000000000e+02 -5.542562584220e+02 2.399844566345e+04 0.000000000000e+00 1.000000000000e+00 6.123233995737e-17 2.499838089943e+01
R0_rect: 1.000000000000e+00 0.000000000000e+00 0.000000000000e+00 0.000000000000e+00 1.000000000000e+00 0.000000000000e+00 0.000000000000e+00 0.000000000000e+00 1.000000000000e+00
Tr_velo_to_p2: 0.000000000000e+00 -1.000000000000e+00 0.000000000000e+00 -5.458467656086e-06 0.000000000000e+00 0.000000000000e+00 -1.000000000000e+00 -4.999997712557e-01 1.000000000000e+00 0.000000000000e+00 0.000000000000e+00 -2.240219136833e+00
imu_to_world: -7.326563116059e-02 -9.972963694617e-01 5.665575808662e-03 -5.450811386108e+01 9.972597239741e-01 -7.331899572458e-02 -9.867512604535e-03 7.766841125488e+01 1.025622882461e-02 4.927101028144e-03 9.999352646275e-01 5.399421602488e-02
p2_to_world: -9.972963694617e-01 -5.665575808662e-03 -7.326563116059e-02 -5.466070175171e+01 -7.331899572458e-02 9.867512604535e-03 9.972597239741e-01 7.988237762451e+01 4.927101028144e-03 -9.999352646275e-01 1.025622882461e-02 2.114629507065e+00
