P0: -5.542562584220e+02 0.000000000000e+00 -9.600000000000e+02 -4.300799795196e+03 -4.408728476930e-14 5.542562584220e+02 -3.600000000000e+02 -1.612799923199e+03 -1.224646799147e-16 0.000000000000e+00 -1.000000000000e+00 -4.479999786663e+00
P1: -9.600000000000e+02 0.000000000000e+00 5.542562584220e+02 2.482343178177e+02 -3.600000000000e+02 5.542562584220e+02 2.204364238465e-14 -3.724688753650e+02 -1.000000000000e+00 0.000000000000e+00 6.123233995737e-17 -1.034635764903e+00
P2: 5.542562584220e+02 0.000000000000e+00 9.600000000000e+02 0.000000000000e+00 0.000000000000e+00 5.542562584220e+02 3.600000000000e+02 0.000000000000e+00 0.000000000000e+00 0.000000000000e+00 1.000000000000e+00 0.000000000000e+00
P3: 5.542562584220e+02 0.000000000000e+00 9.600000000000e+02 -4.433956244229e+02 0.000000000000e+00 5.542562584220e+02 3.600000000000e+02 0.000000000000e+00 0.000000000000e+00 0.000000000000e+00 1.000000000000e+00 0.000000000000e+00
P4: 9.600000000000e+02 0.000000000000e+00 -5.542562584220e+02 -2.234838782927e+03 3.600000000000e+02 5.542562584220e+02 2.204364238465e-14 -3.724709632100e+02 1.000000000000e+00 0.000000000000e+00 6.123233995737e-17 -1.034641564472e+00
P5: 5.542562584220e+02 9.600000000000e+02 5.878304635907e-14 2.399717079163e+04 0.000000000000e+00 9.600000000000e+02 -5.542562584220e+02 2.399717079163e+04 0.000000000000e+00 1.000000000000e+00 6.123233995737e-17 2.499705290794e+01
R0_rect: 1.000000000000e+00 0.000000000000e+00 0.000000000000e+00 0.000000000000e+00 1.000000000000e+00 0.000000000000e+00 0.000000000000e+00 0.000000000000e+00 1.000000000000e+00
Tr_velo_to_p2: 0.000000000000e+00 -1.000000000000e+00 0.000000000000e+00 8.879325133098e-07 0.000000000000e+00 0.000000000000e+00 -1.000000000000e+00 -5.000000481254e-01 1.000000000000e+00 0.000000000000e+00 0.000000000000e+00 -2.240223381727e+00
imu_to_world: -1.827021017970e-01 -9.831306263794e-01 8.608918273237e-03 -5.479667282104e+01 9.830675740010e-01 -1.828017259104e-01 -1.271510723714e-02 7.888572692871e+01 1.407433646110e-02 6.140071584844e-03 9.998820993368e-01 5.235336348414e-02
p2_to_world: -9.831306263794e-01 -8.608918273237e-03 -1.827021017970e-01 -5.518842315674e+01 -1.828017259104e-01 1.271510723714e-02 9.830675740010e-01 8.106211090088e+01 6.140071584844e-03 -9.998820993368e-01 1.407433646110e-02 2.121433496475e+00
