P0: -5.542562584220e+02 0.000000000000e+00 -9.600000000000e+02 -4.301215876106e+03 -4.408728476930e-14 5.542562584220e+02 -3.600000000000e+02 -1.612955953540e+03 -1.224646799147e-16 0.000000000000e+00 -1.000000000000e+00 -4.480433204277e+00
P1: -9.600000000000e+02 0.000000000000e+00 5.542562584220e+02 2.483878916091e+02 -3.600000000000e+02 5.542562584220e+02 2.204364238465e-14 -3.724750754171e+02 -1.000000000000e+00 0.000000000000e+00 6.123233995737e-17 -1.034652987270e+00
P2: 5.542562584220e+02 0.000000000000e+00 9.600000000000e+02 0.000000000000e+00 0.000000000000e+00 5.542562584220e+02 3.600000000000e+02 0.000000000000e+00 0.000000000000e+00 0.000000000000e+00 1.000000000000e+00 0.000000000000e+00
P3: 5.542562584220e+02 0.000000000000e+00 9.600000000000e+02 -4.434064549636e+02 0.000000000000e+00 5.542562584220e+02 3.600000000000e+02 0.000000000000e+00 0.000000000000e+00 0.000000000000e+00 1.000000000000e+00 0.000000000000e+00
P4: 9.600000000000e+02 0.000000000000e+00 -5.542562584220e+02 -2.234923299289e+03 3.600000000000e+02 5.542562584220e+02 2.204364238465e-14 -3.724765176422e+02 1.000000000000e+00 0.000000000000e+00 6.123233995737e-17 -1.034656993451e+00
P5: 5.542562584220e+02 9.600000000000e+02 5.878304635907e-14 2.399997436523e+04 0.000000000000e+00 9.600000000000e+02 -5.542562584220e+02 2.399997436523e+04 0.000000000000e+00 1.000000000000e+00 6.123233995737e-17 2.499997329712e+01
R0_rect: 1.000000000000e+00 0.000000000000e+00 0.000000000000e+00 0.000000000000e+00 1.000000000000e+00 0.000000000000e+00 0.000000000000e+00 0.000000000000e+00 1.000000000000e+00
Tr_velo_to_p2: 0.000000000000e+00 -1.000000000000e+00 0.000000000000e+00 -4.682240411975e-07 0.000000000000e+00 0.000000000000e+00 -1.000000000000e+00 -4.999998025111e-01 1.000000000000e+00 0.000000000000e+00 0.000000000000e+00 -2.240223493148e+00
imu_to_world: -3.778746161614e-01 -9.258567209916e-01 3.265817230910e-04 -5.548537445068e+01 9.258560022184e-01 -3.778738189893e-01 1.428313229499e-03 8.036782836914e+01 -1.199006720296e-03 8.420909618936e-04 9.999989266323e-01 5.701065063477e-02
p2_to_world: -9.258567209916e-01 -3.265817230910e-04 -3.778746161614e-01 -5.633123016357e+01 -3.778738189893e-01 -1.428313229499e-03 9.258560022184e-01 8.244485473633e+01 8.420909618936e-04 -9.999989266323e-01 -1.199006720296e-03 2.092113494873e+00
