P0: -5.542562584220e+02 0.000000000000e+00 -9.600000000000e+02 -4.301215989193e+03 -4.408728476930e-14 5.542562584220e+02 -3.600000000000e+02 -1.612955995947e+03 -1.224646799147e-16 0.000000000000e+00 -1.000000000000e+00 -4.480433322076e+00
P1: -9.600000000000e+02 0.000000000000e+00 5.542562584220e+02 2.483921554837e+02 -3.600000000000e+02 5.542562584220e+02 2.204364238465e-14 -3.724740968407e+02 -1.000000000000e+00 0.000000000000e+00 6.123233995737e-17 -1.034650269002e+00
P2: 5.542562584220e+02 0.000000000000e+00 9.600000000000e+02 0.000000000000e+00 0.000000000000e+00 5.542562584220e+02 3.600000000000e+02 0.000000000000e+00 0.000000000000e+00 0.000000000000e+00 1.000000000000e+00 0.000000000000e+00
P3: 5.542562584220e+02 0.000000000000e+00 9.600000000000e+02 -4.434000984228e+02 0.000000000000e+00 5.542562584220e+02 3.600000000000e+02 0.000000000000e+00 0.000000000000e+00 0.000000000000e+00 1.000000000000e+00 0.000000000000e+00
P4: 9.600000000000e+02 0.000000000000e+00 -5.542562584220e+02 -2.234913769500e+03 3.600000000000e+02 5.542562584220e+02 2.204364238465e-14 -3.724732402586e+02 1.000000000000e+00 0.000000000000e+00 6.123233995737e-17 -1.034647889607e+00
P5: 5.542562584220e+02 9.600000000000e+02 5.878304635907e-14 2.399978096008e+04 0.000000000000e+00 9.600000000000e+02 -5.542562584220e+02 2.399978096008e+04 0.000000000000e+00 1.000000000000e+00 6.123233995737e-17 2.499977183342e+01
R0_rect: 1.000000000000e+00 0.000000000000e+00 0.000000000000e+00 0.000000000000e+00 1.000000000000e+00 0.000000000000e+00 0.000000000000e+00 0.000000000000e+00 1.000000000000e+00
Tr_velo_to_p2: 0.000000000000e+00 -1.000000000000e+00 0.000000000000e+00 2.836204955880e-06 0.000000000000e+00 0.000000000000e+00 -1.000000000000e+00 -4.999997561589e-01 1.000000000000e+00 0.000000000000e+00 0.000000000000e+00 -2.240218429931e+00
imu_to_world: -3.319394528590e-01 -9.432944464373e-01 3.433213688668e-03 -5.530959701538e+01 9.432998438272e-01 -3.319320681364e-01 2.550838738295e-03 8.006546020508e+01 -1.266598295557e-03 4.085273951468e-03 9.999908530909e-01 5.780731141567e-02
p2_to_world: -9.432944464373e-01 -3.433213688668e-03 -3.319394528590e-01 -5.604621887207e+01 -3.319320681364e-01 -2.550838738295e-03 9.432998438272e-01 8.218385314941e+01 4.085273951468e-03 -9.999908530909e-01 -1.266598295557e-03 2.092742204666e+00
