P0: -5.542562584220e+02 0.000000000000e+00 -9.600000000000e+02 -4.301224041102e+03 -4.408728476930e-14 5.542562584220e+02 -3.600000000000e+02 -1.612959015413e+03 -1.224646799147e-16 0.000000000000e+00 -1.000000000000e+00 -4.480441709481e+00
P1: -9.600000000000e+02 0.000000000000e+00 5.542562584220e+02 2.483837965282e+02 -3.600000000000e+02 5.542562584220e+02 2.204364238465e-14 -3.724772961906e+02 -1.000000000000e+00 0.000000000000e+00 6.123233995737e-17 -1.034659156085e+00
P2: 5.542562584220e+02 0.000000000000e+00 9.600000000000e+02 0.000000000000e+00 0.000000000000e+00 5.542562584220e+02 3.600000000000e+02 0.000000000000e+00 0.000000000000e+00 0.000000000000e+00 1.000000000000e+00 0.000000000000e+00
P3: 5.542562584220e+02 0.000000000000e+00 9.600000000000e+02 -4.434080528615e+02 0.000000000000e+00 5.542562584220e+02 3.600000000000e+02 0.000000000000e+00 0.000000000000e+00 0.000000000000e+00 1.000000000000e+00 0.000000000000e+00
P4: 9.600000000000e+02 0.000000000000e+00 -5.542562584220e+02 -2.234928020431e+03 3.600000000000e+02 5.542562584220e+02 2.204364238465e-14 -3.724766062038e+02 1.000000000000e+00 0.000000000000e+00 6.123233995737e-17 -1.034657239455e+00
P5: 5.542562584220e+02 9.600000000000e+02 5.878304635907e-14 2.399997550964e+04 0.000000000000e+00 9.600000000000e+02 -5.542562584220e+02 2.399997550964e+04 0.000000000000e+00 1.000000000000e+00 6.123233995737e-17 2.499997448921e+01
R0_rect: 1.000000000000e+00 0.000000000000e+00 0.000000000000e+00 0.000000000000e+00 1.000000000000e+00 0.000000000000e+00 0.000000000000e+00 0.000000000000e+00 1.000000000000e+00
Tr_velo_to_p2: 0.000000000000e+00 -1.000000000000e+00 0.000000000000e+00 1.109854345436e-06 0.000000000000e+00 0.000000000000e+00 -1.000000000000e+00 -5.000006280666e-01 1.000000000000e+00 0.000000000000e+00 0.000000000000e+00 -2.240218277532e+00
imu_to_world: -3.778749982446e-01 -9.258565604535e-01 3.393625091328e-04 -5.548537826538e+01 9.258558812270e-01 -3.778742063909e-01 1.404044829619e-03 8.036784362793e+01 -1.171707777856e-03 8.447542124761e-04 9.999989567451e-01 5.700217932463e-02
p2_to_world: -9.258565604535e-01 -3.393625091328e-04 -3.778749982446e-01 -5.633121109009e+01 -3.778742063909e-01 -1.404044829619e-03 9.258558812270e-01 8.244482421875e+01 8.447542124761e-04 -9.999989567451e-01 -1.171707777856e-03 2.092165708542e+00
