P0: -5.542562584220e+02 0.000000000000e+00 -9.600000000000e+02 -4.301221909183e+03 -4.408728476930e-14 5.542562584220e+02 -3.600000000000e+02 -1.612958215944e+03 -1.224646799147e-16 0.000000000000e+00 -1.000000000000e+00 -4.480439488733e+00
P1: -9.600000000000e+02 0.000000000000e+00 5.542562584220e+02 2.483890872581e+02 -3.600000000000e+02 5.542562584220e+02 2.204364238465e-14 -3.724759635493e+02 -1.000000000000e+00 0.000000000000e+00 6.123233995737e-17 -1.034655454304e+00
P2: 5.542562584220e+02 0.000000000000e+00 9.600000000000e+02 0.000000000000e+00 0.000000000000e+00 5.542562584220e+02 3.600000000000e+02 0.000000000000e+00 0.000000000000e+00 0.000000000000e+00 1.000000000000e+00 0.000000000000e+00
P3: 5.542562584220e+02 0.000000000000e+00 9.600000000000e+02 -4.434072711084e+02 0.000000000000e+00 5.542562584220e+02 3.600000000000e+02 0.000000000000e+00 0.000000000000e+00 0.000000000000e+00 1.000000000000e+00 0.000000000000e+00
P4: 9.600000000000e+02 0.000000000000e+00 -5.542562584220e+02 -2.234930130399e+03 3.600000000000e+02 5.542562584220e+02 2.204364238465e-14 -3.724772383436e+02 1.000000000000e+00 0.000000000000e+00 6.123233995737e-17 -1.034658995399e+00
P5: 5.542562584220e+02 9.600000000000e+02 5.878304635907e-14 2.399999885559e+04 0.000000000000e+00 9.600000000000e+02 -5.542562584220e+02 2.399999885559e+04 0.000000000000e+00 1.000000000000e+00 6.123233995737e-17 2.499999880791e+01
R0_rect: 1.000000000000e+00 0.000000000000e+00 0.000000000000e+00 0.000000000000e+00 1.000000000000e+00 0.000000000000e+00 0.000000000000e+00 0.000000000000e+00 1.000000000000e+00
Tr_velo_to_p2: 0.000000000000e+00 -1.000000000000e+00 0.000000000000e+00 -2.254819243415e-07 0.000000000000e+00 0.000000000000e+00 -1.000000000000e+00 -4.999998512832e-01 1.000000000000e+00 0.000000000000e+00 0.000000000000e+00 -2.240218812674e+00
imu_to_world: -1.329620713000e-01 -9.911211265218e-01 1.255801992921e-05 -5.465076065063e+01 9.911211220817e-01 -1.329620718930e-01 -9.381540789311e-05 7.838065338135e+01 9.465217310478e-05 -2.737214995794e-08 9.999999955205e-01 5.842792242765e-02
p2_to_world: -9.911211265218e-01 -1.255801992921e-05 -1.329620713000e-01 -5.494859695435e+01 -1.329620718930e-01 9.381540789311e-05 9.911211220817e-01 8.060079193115e+01 -2.737214995794e-08 -9.999999955205e-01 9.465217310478e-05 2.096431016922e+00
