P0: -5.542562584220e+02 0.000000000000e+00 -9.600000000000e+02 -4.300967420989e+03 -4.408728476930e-14 5.542562584220e+02 -3.600000000000e+02 -1.612862782871e+03 -1.224646799147e-16 0.000000000000e+00 -1.000000000000e+00 -4.480174396864e+00
P1: -9.600000000000e+02 0.000000000000e+00 5.542562584220e+02 2.482978852956e+02 -3.600000000000e+02 5.542562584220e+02 2.204364238465e-14 -3.724646173845e+02 -1.000000000000e+00 0.000000000000e+00 6.123233995737e-17 -1.034623937179e+00
P2: 5.542562584220e+02 0.000000000000e+00 9.600000000000e+02 0.000000000000e+00 0.000000000000e+00 5.542562584220e+02 3.600000000000e+02 0.000000000000e+00 0.000000000000e+00 0.000000000000e+00 1.000000000000e+00 0.000000000000e+00
P3: 5.542562584220e+02 0.000000000000e+00 9.600000000000e+02 -4.433923083073e+02 0.000000000000e+00 5.542562584220e+02 3.600000000000e+02 0.000000000000e+00 0.000000000000e+00 0.000000000000e+00 1.000000000000e+00 0.000000000000e+00
P4: 9.600000000000e+02 0.000000000000e+00 -5.542562584220e+02 -2.234871831229e+03 3.600000000000e+02 5.542562584220e+02 2.204364238465e-14 -3.724647273215e+02 1.000000000000e+00 0.000000000000e+00 6.123233995737e-17 -1.034624242560e+00
P5: 5.542562584220e+02 9.600000000000e+02 5.878304635907e-14 2.399786201477e+04 0.000000000000e+00 9.600000000000e+02 -5.542562584220e+02 2.399786201477e+04 0.000000000000e+00 1.000000000000e+00 6.123233995737e-17 2.499777293205e+01
R0_rect: 1.000000000000e+00 0.000000000000e+00 0.000000000000e+00 0.000000000000e+00 1.000000000000e+00 0.000000000000e+00 0.000000000000e+00 0.000000000000e+00 1.000000000000e+00
Tr_velo_to_p2: 0.000000000000e+00 -1.000000000000e+00 0.000000000000e+00 2.844055929810e-06 0.000000000000e+00 0.000000000000e+00 -1.000000000000e+00 -5.000000885221e-01 1.000000000000e+00 0.000000000000e+00 0.000000000000e+00 -2.240216119577e+00
imu_to_world: -4.770868012938e-01 -8.787725575256e-01 1.212337293311e-02 -5.596320724487e+01 8.787911772697e-01 -4.771738953912e-01 -5.580350366244e-03 8.105077362061e+01 1.068881585101e-02 7.991601666040e-03 9.999109377932e-01 5.044795945287e-02
p2_to_world: -8.787725575256e-01 -1.212337293311e-02 -4.770868012938e-01 -5.700727844238e+01 -4.771738953912e-01 5.580350366244e-03 8.787911772697e-01 8.300808715820e+01 7.991601666040e-03 -9.999109377932e-01 1.068881585101e-02 2.112002611160e+00
