P0: -5.542562584220e+02 0.000000000000e+00 -9.600000000000e+02 -4.300845277931e+03 -4.408728476930e-14 5.542562584220e+02 -3.600000000000e+02 -1.612816979224e+03 -1.224646799147e-16 0.000000000000e+00 -1.000000000000e+00 -4.480047164512e+00
P1: -9.600000000000e+02 0.000000000000e+00 5.542562584220e+02 2.482546971737e+02 -3.600000000000e+02 5.542562584220e+02 2.204364238465e-14 -3.724631691453e+02 -1.000000000000e+00 0.000000000000e+00 6.123233995737e-17 -1.034619914293e+00
P2: 5.542562584220e+02 0.000000000000e+00 9.600000000000e+02 0.000000000000e+00 0.000000000000e+00 5.542562584220e+02 3.600000000000e+02 0.000000000000e+00 0.000000000000e+00 0.000000000000e+00 1.000000000000e+00 0.000000000000e+00
P3: 5.542562584220e+02 0.000000000000e+00 9.600000000000e+02 -4.433929147951e+02 0.000000000000e+00 5.542562584220e+02 3.600000000000e+02 0.000000000000e+00 0.000000000000e+00 0.000000000000e+00 1.000000000000e+00 0.000000000000e+00
P4: 9.600000000000e+02 0.000000000000e+00 -5.542562584220e+02 -2.234853088044e+03 3.600000000000e+02 5.542562584220e+02 2.204364238465e-14 -3.724668849805e+02 1.000000000000e+00 0.000000000000e+00 6.123233995737e-17 -1.034630236057e+00
P5: 5.542562584220e+02 9.600000000000e+02 5.878304635907e-14 2.399714515686e+04 0.000000000000e+00 9.600000000000e+02 -5.542562584220e+02 2.399714515686e+04 0.000000000000e+00 1.000000000000e+00 6.123233995737e-17 2.499702620506e+01
R0_rect: 1.000000000000e+00 0.000000000000e+00 0.000000000000e+00 0.000000000000e+00 1.000000000000e+00 0.000000000000e+00 0.000000000000e+00 0.000000000000e+00 1.000000000000e+00
Tr_velo_to_p2: 0.000000000000e+00 -1.000000000000e+00 0.000000000000e+00 3.872767089020e-06 0.000000000000e+00 0.000000000000e+00 -1.000000000000e+00 -4.999999447889e-01 1.000000000000e+00 0.000000000000e+00 0.000000000000e+00 -2.240222036698e+00
imu_to_world: -2.076525145228e-01 -9.781471510636e-01 1.042036844656e-02 -5.486857604980e+01 9.781123685857e-01 -2.077662962320e-01 -1.137367880749e-02 7.908201599121e+01 1.329013288018e-02 7.830518259052e-03 9.998810205979e-01 5.268722400069e-02
p2_to_world: -9.781471510636e-01 -1.042036844656e-02 -2.076525145228e-01 -5.531252670288e+01 -2.077662962320e-01 1.137367880749e-02 9.781123685857e-01 8.125003051758e+01 7.830518259052e-03 -9.998810205979e-01 1.329013288018e-02 2.120008707047e+00
