P0: -5.542562584220e+02 0.000000000000e+00 -9.600000000000e+02 -4.301209222496e+03 -4.408728476930e-14 5.542562584220e+02 -3.600000000000e+02 -1.612953458436e+03 -1.224646799147e-16 0.000000000000e+00 -1.000000000000e+00 -4.480426273434e+00
P1: -9.600000000000e+02 0.000000000000e+00 5.542562584220e+02 2.483799053445e+02 -3.600000000000e+02 5.542562584220e+02 2.204364238465e-14 -3.724775809378e+02 -1.000000000000e+00 0.000000000000e+00 6.123233995737e-17 -1.034659947049e+00
P2: 5.542562584220e+02 0.000000000000e+00 9.600000000000e+02 0.000000000000e+00 0.000000000000e+00 5.542562584220e+02 3.600000000000e+02 0.000000000000e+00 0.000000000000e+00 0.000000000000e+00 1.000000000000e+00 0.000000000000e+00
P3: 5.542562584220e+02 0.000000000000e+00 9.600000000000e+02 -4.434043915416e+02 0.000000000000e+00 5.542562584220e+02 3.600000000000e+02 0.000000000000e+00 0.000000000000e+00 0.000000000000e+00 1.000000000000e+00 0.000000000000e+00
P4: 9.600000000000e+02 0.000000000000e+00 -5.542562584220e+02 -2.234919730217e+03 3.600000000000e+02 5.542562584220e+02 2.204364238465e-14 -3.724758308551e+02 1.000000000000e+00 0.000000000000e+00 6.123233995737e-17 -1.034655085709e+00
P5: 5.542562584220e+02 9.600000000000e+02 5.878304635907e-14 2.399993431091e+04 0.000000000000e+00 9.600000000000e+02 -5.542562584220e+02 2.399993431091e+04 0.000000000000e+00 1.000000000000e+00 6.123233995737e-17 2.499993157387e+01
R0_rect: 1.000000000000e+00 0.000000000000e+00 0.000000000000e+00 0.000000000000e+00 1.000000000000e+00 0.000000000000e+00 0.000000000000e+00 0.000000000000e+00 1.000000000000e+00
Tr_velo_to_p2: 0.000000000000e+00 -1.000000000000e+00 0.000000000000e+00 -3.303893535731e-06 0.000000000000e+00 0.000000000000e+00 -1.000000000000e+00 -4.999997814378e-01 1.000000000000e+00 0.000000000000e+00 0.000000000000e+00 -2.240217617814e+00
imu_to_world: -3.835438347142e-01 -9.235226070918e-01 -3.479125891659e-04 -5.550470733643e+01 9.235199787159e-01 -3.835435986268e-01 2.270873188217e-03 8.039983367920e+01 -2.230642373613e-03 5.496751838168e-04 9.999973610424e-01 5.739833787084e-02
p2_to_world: -9.235226070918e-01 3.479125891659e-04 -3.835438347142e-01 -5.636463928223e+01 -3.835435986268e-01 -2.270873188217e-03 9.235199787159e-01 8.247335052490e+01 5.496751838168e-04 -9.999973610424e-01 -2.230642373613e-03 2.090186834335e+00
