P0: -5.542562584220e+02 0.000000000000e+00 -9.600000000000e+02 -4.301056290222e+03 -4.408728476930e-14 5.542562584220e+02 -3.600000000000e+02 -1.612896108833e+03 -1.224646799147e-16 0.000000000000e+00 -1.000000000000e+00 -4.480266968982e+00
P1: -9.600000000000e+02 0.000000000000e+00 5.542562584220e+02 2.484259230723e+02 -3.600000000000e+02 5.542562584220e+02 2.204364238465e-14 -3.724098598772e+02 -1.000000000000e+00 0.000000000000e+00 6.123233995737e-17 -1.034471832992e+00
P2: 5.542562584220e+02 0.000000000000e+00 9.600000000000e+02 0.000000000000e+00 0.000000000000e+00 5.542562584220e+02 3.600000000000e+02 0.000000000000e+00 0.000000000000e+00 0.000000000000e+00 1.000000000000e+00 0.000000000000e+00
P3: 5.542562584220e+02 0.000000000000e+00 9.600000000000e+02 -4.433274218679e+02 0.000000000000e+00 5.542562584220e+02 3.600000000000e+02 0.000000000000e+00 0.000000000000e+00 0.000000000000e+00 1.000000000000e+00 0.000000000000e+00
P4: 9.600000000000e+02 0.000000000000e+00 -5.542562584220e+02 -2.234806994463e+03 3.600000000000e+02 5.542562584220e+02 2.204364238465e-14 -3.724133761744e+02 1.000000000000e+00 0.000000000000e+00 6.123233995737e-17 -1.034481600484e+00
P5: 5.542562584220e+02 9.600000000000e+02 5.878304635907e-14 2.399486572266e+04 0.000000000000e+00 9.600000000000e+02 -5.542562584220e+02 2.399486572266e+04 0.000000000000e+00 1.000000000000e+00 6.123233995737e-17 2.499465179443e+01
R0_rect: 1.000000000000e+00 0.000000000000e+00 0.000000000000e+00 0.000000000000e+00 1.000000000000e+00 0.000000000000e+00 0.000000000000e+00 0.000000000000e+00 1.000000000000e+00
Tr_velo_to_p2: 0.000000000000e+00 -1.000000000000e+00 0.000000000000e+00 4.750777329521e-06 0.000000000000e+00 0.000000000000e+00 -1.000000000000e+00 -4.999998596587e-01 1.000000000000e+00 0.000000000000e+00 0.000000000000e+00 -2.240223790310e+00
imu_to_world: -6.976883721653e-01 -7.161360111191e-01 1.949740812655e-02 -5.737034988403e+01 7.163490409962e-01 -6.977079547197e-01 6.903722530963e-03 8.240821075439e+01 8.659492431110e-03 1.878359654787e-02 9.997860719632e-01 5.211341753602e-02
p2_to_world: -7.161360111191e-01 -1.949740812655e-02 -6.976883721653e-01 -5.889359283447e+01 -6.977079547197e-01 -6.903722530963e-03 7.163490409962e-01 8.402706146240e+01 1.878359654787e-02 -9.997860719632e-01 8.659492431110e-03 2.108867645264e+00
