P0: -5.542562584220e+02 0.000000000000e+00 -9.600000000000e+02 -4.301213381706e+03 -4.408728476930e-14 5.542562584220e+02 -3.600000000000e+02 -1.612955018140e+03 -1.224646799147e-16 0.000000000000e+00 -1.000000000000e+00 -4.480430605944e+00
P1: -9.600000000000e+02 0.000000000000e+00 5.542562584220e+02 2.483833802137e+02 -3.600000000000e+02 5.542562584220e+02 2.204364238465e-14 -3.724753809131e+02 -1.000000000000e+00 0.000000000000e+00 6.123233995737e-17 -1.034653835870e+00
P2: 5.542562584220e+02 0.000000000000e+00 9.600000000000e+02 0.000000000000e+00 0.000000000000e+00 5.542562584220e+02 3.600000000000e+02 0.000000000000e+00 0.000000000000e+00 0.000000000000e+00 1.000000000000e+00 0.000000000000e+00
P3: 5.542562584220e+02 0.000000000000e+00 9.600000000000e+02 -4.434066381691e+02 0.000000000000e+00 5.542562584220e+02 3.600000000000e+02 0.000000000000e+00 0.000000000000e+00 0.000000000000e+00 1.000000000000e+00 0.000000000000e+00
P4: 9.600000000000e+02 0.000000000000e+00 -5.542562584220e+02 -2.234924133116e+03 3.600000000000e+02 5.542562584220e+02 2.204364238465e-14 -3.724756844978e+02 1.000000000000e+00 0.000000000000e+00 6.123233995737e-17 -1.034654679161e+00
P5: 5.542562584220e+02 9.600000000000e+02 5.878304635907e-14 2.399989814758e+04 0.000000000000e+00 9.600000000000e+02 -5.542562584220e+02 2.399989814758e+04 0.000000000000e+00 1.000000000000e+00 6.123233995737e-17 2.499989390373e+01
R0_rect: 1.000000000000e+00 0.000000000000e+00 0.000000000000e+00 0.000000000000e+00 1.000000000000e+00 0.000000000000e+00 0.000000000000e+00 0.000000000000e+00 1.000000000000e+00
Tr_velo_to_p2: 0.000000000000e+00 -1.000000000000e+00 0.000000000000e+00 1.021621250441e-06 0.000000000000e+00 0.000000000000e+00 -1.000000000000e+00 -4.999996819342e-01 1.000000000000e+00 0.000000000000e+00 0.000000000000e+00 -2.240219018970e+00
imu_to_world: -3.814787985274e-01 -9.243731605920e-01 2.861162549970e-03 -5.550128173828e+01 9.243764089602e-01 -3.814814292089e-01 -4.168053198419e-04 8.039209747314e+01 1.476764029615e-03 2.485788770759e-03 9.999958200024e-01 5.581325292587e-02
p2_to_world: -9.243731605920e-01 -2.861162549970e-03 -3.814787985274e-01 -5.635004806519e+01 -3.814814292089e-01 4.168053198419e-04 9.243764089602e-01 8.246205139160e+01 2.485788770759e-03 -9.999958200024e-01 1.476764029615e-03 2.096904039383e+00
