P0: -5.542562584220e+02 0.000000000000e+00 -9.600000000000e+02 -4.301222396104e+03 -4.408728476930e-14 5.542562584220e+02 -3.600000000000e+02 -1.612958398539e+03 -1.224646799147e-16 0.000000000000e+00 -1.000000000000e+00 -4.480439995942e+00
P1: -9.600000000000e+02 0.000000000000e+00 5.542562584220e+02 2.483850133215e+02 -3.600000000000e+02 5.542562584220e+02 2.204364238465e-14 -3.724775394259e+02 -1.000000000000e+00 0.000000000000e+00 6.123233995737e-17 -1.034659831739e+00
P2: 5.542562584220e+02 0.000000000000e+00 9.600000000000e+02 0.000000000000e+00 0.000000000000e+00 5.542562584220e+02 3.600000000000e+02 0.000000000000e+00 0.000000000000e+00 0.000000000000e+00 1.000000000000e+00 0.000000000000e+00
P3: 5.542562584220e+02 0.000000000000e+00 9.600000000000e+02 -4.434051755603e+02 0.000000000000e+00 5.542562584220e+02 3.600000000000e+02 0.000000000000e+00 0.000000000000e+00 0.000000000000e+00 1.000000000000e+00 0.000000000000e+00
P4: 9.600000000000e+02 0.000000000000e+00 -5.542562584220e+02 -2.234929710379e+03 3.600000000000e+02 5.542562584220e+02 2.204364238465e-14 -3.724770235649e+02 1.000000000000e+00 0.000000000000e+00 6.123233995737e-17 -1.034658398791e+00
P5: 5.542562584220e+02 9.600000000000e+02 5.878304635907e-14 2.399999633789e+04 0.000000000000e+00 9.600000000000e+02 -5.542562584220e+02 2.399999633789e+04 0.000000000000e+00 1.000000000000e+00 6.123233995737e-17 2.499999618530e+01
R0_rect: 1.000000000000e+00 0.000000000000e+00 0.000000000000e+00 0.000000000000e+00 1.000000000000e+00 0.000000000000e+00 0.000000000000e+00 0.000000000000e+00 1.000000000000e+00
Tr_velo_to_p2: 0.000000000000e+00 -1.000000000000e+00 0.000000000000e+00 8.105373356185e-07 0.000000000000e+00 0.000000000000e+00 -1.000000000000e+00 -4.999999235992e-01 1.000000000000e+00 0.000000000000e+00 0.000000000000e+00 -2.240224151143e+00
imu_to_world: -1.329618050936e-01 -9.911211618705e-01 2.964354719278e-05 -5.465077209473e+01 9.911211406835e-01 -1.329618083810e-01 -2.049447389393e-04 7.838066864014e+01 2.070665274184e-04 2.130523873800e-06 9.999999785595e-01 5.837921053171e-02
p2_to_world: -9.911211618705e-01 -2.964354719278e-05 -1.329618050936e-01 -5.494857406616e+01 -1.329618083810e-01 2.049447389393e-04 9.911211406835e-01 8.060058593750e+01 2.130523873800e-06 -9.999999785595e-01 2.070665274184e-04 2.096633911133e+00
