P0: -5.542562584220e+02 0.000000000000e+00 -9.600000000000e+02 -4.301216858064e+03 -4.408728476930e-14 5.542562584220e+02 -3.600000000000e+02 -1.612956321774e+03 -1.224646799147e-16 0.000000000000e+00 -1.000000000000e+00 -4.480434227150e+00
P1: -9.600000000000e+02 0.000000000000e+00 5.542562584220e+02 2.483836368053e+02 -3.600000000000e+02 5.542562584220e+02 2.204364238465e-14 -3.724754544872e+02 -1.000000000000e+00 0.000000000000e+00 6.123233995737e-17 -1.034654040242e+00
P2: 5.542562584220e+02 0.000000000000e+00 9.600000000000e+02 0.000000000000e+00 0.000000000000e+00 5.542562584220e+02 3.600000000000e+02 0.000000000000e+00 0.000000000000e+00 0.000000000000e+00 1.000000000000e+00 0.000000000000e+00
P3: 5.542562584220e+02 0.000000000000e+00 9.600000000000e+02 -4.434046986625e+02 0.000000000000e+00 5.542562584220e+02 3.600000000000e+02 0.000000000000e+00 0.000000000000e+00 0.000000000000e+00 1.000000000000e+00 0.000000000000e+00
P4: 9.600000000000e+02 0.000000000000e+00 -5.542562584220e+02 -2.234923328862e+03 3.600000000000e+02 5.542562584220e+02 2.204364238465e-14 -3.724768673734e+02 1.000000000000e+00 0.000000000000e+00 6.123233995737e-17 -1.034657964926e+00
P5: 5.542562584220e+02 9.600000000000e+02 5.878304635907e-14 2.399997413635e+04 0.000000000000e+00 9.600000000000e+02 -5.542562584220e+02 2.399997413635e+04 0.000000000000e+00 1.000000000000e+00 6.123233995737e-17 2.499997305870e+01
R0_rect: 1.000000000000e+00 0.000000000000e+00 0.000000000000e+00 0.000000000000e+00 1.000000000000e+00 0.000000000000e+00 0.000000000000e+00 0.000000000000e+00 1.000000000000e+00
Tr_velo_to_p2: 0.000000000000e+00 -1.000000000000e+00 0.000000000000e+00 3.492124659766e-06 0.000000000000e+00 0.000000000000e+00 -1.000000000000e+00 -4.999999893177e-01 1.000000000000e+00 0.000000000000e+00 0.000000000000e+00 -2.240220485554e+00
imu_to_world: -3.778207809329e-01 -9.258786773471e-01 3.637706898524e-04 -5.548516082764e+01 9.258780897647e-01 -3.778200140582e-01 1.341592621679e-03 8.036737823486e+01 -1.104712154945e-03 8.436888834495e-04 9.999990338996e-01 5.697128176689e-02
p2_to_world: -9.258786773471e-01 -3.637706898524e-04 -3.778207809329e-01 -5.633081817627e+01 -3.778200140582e-01 -1.341592621679e-03 9.258780897647e-01 8.244428253174e+01 8.436888834495e-04 -9.999990338996e-01 -1.104712154945e-03 2.092285394669e+00
