P0: -5.542562584220e+02 0.000000000000e+00 -9.600000000000e+02 -4.301214380671e+03 -4.408728476930e-14 5.542562584220e+02 -3.600000000000e+02 -1.612955392751e+03 -1.224646799147e-16 0.000000000000e+00 -1.000000000000e+00 -4.480431646532e+00
P1: -9.600000000000e+02 0.000000000000e+00 5.542562584220e+02 2.484085915788e+02 -3.600000000000e+02 5.542562584220e+02 2.204364238465e-14 -3.724687938138e+02 -1.000000000000e+00 0.000000000000e+00 6.123233995737e-17 -1.034635538372e+00
P2: 5.542562584220e+02 0.000000000000e+00 9.600000000000e+02 0.000000000000e+00 0.000000000000e+00 5.542562584220e+02 3.600000000000e+02 0.000000000000e+00 0.000000000000e+00 0.000000000000e+00 1.000000000000e+00 0.000000000000e+00
P3: 5.542562584220e+02 0.000000000000e+00 9.600000000000e+02 -4.433915317001e+02 0.000000000000e+00 5.542562584220e+02 3.600000000000e+02 0.000000000000e+00 0.000000000000e+00 0.000000000000e+00 1.000000000000e+00 0.000000000000e+00
P4: 9.600000000000e+02 0.000000000000e+00 -5.542562584220e+02 -2.234887891614e+03 3.600000000000e+02 5.542562584220e+02 2.204364238465e-14 -3.724664975278e+02 1.000000000000e+00 0.000000000000e+00 6.123233995737e-17 -1.034629159800e+00
P5: 5.542562584220e+02 9.600000000000e+02 5.878304635907e-14 2.399937789917e+04 0.000000000000e+00 9.600000000000e+02 -5.542562584220e+02 2.399937789917e+04 0.000000000000e+00 1.000000000000e+00 6.123233995737e-17 2.499935197830e+01
R0_rect: 1.000000000000e+00 0.000000000000e+00 0.000000000000e+00 0.000000000000e+00 1.000000000000e+00 0.000000000000e+00 0.000000000000e+00 0.000000000000e+00 1.000000000000e+00
Tr_velo_to_p2: 0.000000000000e+00 -1.000000000000e+00 0.000000000000e+00 -5.072892169408e-06 0.000000000000e+00 0.000000000000e+00 -1.000000000000e+00 -4.999998707771e-01 1.000000000000e+00 0.000000000000e+00 0.000000000000e+00 -2.240216871383e+00
imu_to_world: -5.767460961907e-01 -8.169101456966e-01 4.664159817656e-03 -5.654011535645e+01 8.169215093646e-01 -5.767228394669e-01 5.478501132022e-03 8.170397949219e+01 -1.785515664193e-03 6.969956619028e-03 9.999741154843e-01 5.593875795603e-02
p2_to_world: -8.169101456966e-01 -4.664159817656e-03 -5.767460961907e-01 -5.782265090942e+01 -5.767228394669e-01 -5.478501132022e-03 8.169215093646e-01 8.354521942139e+01 6.969956619028e-03 -9.999741154843e-01 -1.785515664193e-03 2.089677333832e+00
