P0: -5.542562584220e+02 0.000000000000e+00 -9.600000000000e+02 -4.301225023024e+03 -4.408728476930e-14 5.542562584220e+02 -3.600000000000e+02 -1.612959383634e+03 -1.224646799147e-16 0.000000000000e+00 -1.000000000000e+00 -4.480442732317e+00
P1: -9.600000000000e+02 0.000000000000e+00 5.542562584220e+02 2.483847728543e+02 -3.600000000000e+02 5.542562584220e+02 2.204364238465e-14 -3.724770671618e+02 -1.000000000000e+00 0.000000000000e+00 6.123233995737e-17 -1.034658519894e+00
P2: 5.542562584220e+02 0.000000000000e+00 9.600000000000e+02 0.000000000000e+00 0.000000000000e+00 5.542562584220e+02 3.600000000000e+02 0.000000000000e+00 0.000000000000e+00 0.000000000000e+00 1.000000000000e+00 0.000000000000e+00
P3: 5.542562584220e+02 0.000000000000e+00 9.600000000000e+02 -4.434027410590e+02 0.000000000000e+00 5.542562584220e+02 3.600000000000e+02 0.000000000000e+00 0.000000000000e+00 0.000000000000e+00 1.000000000000e+00 0.000000000000e+00
P4: 9.600000000000e+02 0.000000000000e+00 -5.542562584220e+02 -2.234924617633e+03 3.600000000000e+02 5.542562584220e+02 2.204364238465e-14 -3.724752546989e+02 1.000000000000e+00 0.000000000000e+00 6.123233995737e-17 -1.034653485275e+00
P5: 5.542562584220e+02 9.600000000000e+02 5.878304635907e-14 2.399998237610e+04 0.000000000000e+00 9.600000000000e+02 -5.542562584220e+02 2.399998237610e+04 0.000000000000e+00 1.000000000000e+00 6.123233995737e-17 2.499998164177e+01
R0_rect: 1.000000000000e+00 0.000000000000e+00 0.000000000000e+00 0.000000000000e+00 1.000000000000e+00 0.000000000000e+00 0.000000000000e+00 0.000000000000e+00 1.000000000000e+00
Tr_velo_to_p2: 0.000000000000e+00 -1.000000000000e+00 0.000000000000e+00 -5.112551435519e-07 0.000000000000e+00 0.000000000000e+00 -1.000000000000e+00 -5.000000109019e-01 1.000000000000e+00 0.000000000000e+00 0.000000000000e+00 -2.240220646231e+00
imu_to_world: -3.778207974746e-01 -9.258785980615e-01 5.163791398715e-04 -5.548521804810e+01 9.258784827380e-01 -3.778202154763e-01 9.591559600951e-04 8.036752319336e+01 -6.929634977614e-04 8.404934042874e-04 9.999994066860e-01 5.679473653436e-02
p2_to_world: -9.258785980615e-01 -5.163791398715e-04 -3.778207974746e-01 -5.633057022095e+01 -3.778202154763e-01 -9.591559600951e-04 9.258784827380e-01 8.244364929199e+01 8.404934042874e-04 -9.999994066860e-01 -6.929634977614e-04 2.093032121658e+00
