P0: -5.542562584220e+02 0.000000000000e+00 -9.600000000000e+02 -4.301217092929e+03 -4.408728476930e-14 5.542562584220e+02 -3.600000000000e+02 -1.612956409848e+03 -1.224646799147e-16 0.000000000000e+00 -1.000000000000e+00 -4.480434471801e+00
P1: -9.600000000000e+02 0.000000000000e+00 5.542562584220e+02 2.483800675303e+02 -3.600000000000e+02 5.542562584220e+02 2.204364238465e-14 -3.724762790603e+02 -1.000000000000e+00 0.000000000000e+00 6.123233995737e-17 -1.034656330723e+00
P2: 5.542562584220e+02 0.000000000000e+00 9.600000000000e+02 0.000000000000e+00 0.000000000000e+00 5.542562584220e+02 3.600000000000e+02 0.000000000000e+00 0.000000000000e+00 0.000000000000e+00 1.000000000000e+00 0.000000000000e+00
P3: 5.542562584220e+02 0.000000000000e+00 9.600000000000e+02 -4.434061484039e+02 0.000000000000e+00 5.542562584220e+02 3.600000000000e+02 0.000000000000e+00 0.000000000000e+00 0.000000000000e+00 1.000000000000e+00 0.000000000000e+00
P4: 9.600000000000e+02 0.000000000000e+00 -5.542562584220e+02 -2.234921002812e+03 3.600000000000e+02 5.542562584220e+02 2.204364238465e-14 -3.724765987213e+02 1.000000000000e+00 0.000000000000e+00 6.123233995737e-17 -1.034657218670e+00
P5: 5.542562584220e+02 9.600000000000e+02 5.878304635907e-14 2.399997711182e+04 0.000000000000e+00 9.600000000000e+02 -5.542562584220e+02 2.399997711182e+04 0.000000000000e+00 1.000000000000e+00 6.123233995737e-17 2.499997615814e+01
R0_rect: 1.000000000000e+00 0.000000000000e+00 0.000000000000e+00 0.000000000000e+00 1.000000000000e+00 0.000000000000e+00 0.000000000000e+00 0.000000000000e+00 1.000000000000e+00
Tr_velo_to_p2: 0.000000000000e+00 -1.000000000000e+00 0.000000000000e+00 -1.030509520293e-07 0.000000000000e+00 0.000000000000e+00 -1.000000000000e+00 -5.000002445961e-01 1.000000000000e+00 0.000000000000e+00 0.000000000000e+00 -2.240212479045e+00
imu_to_world: -3.783554032932e-01 -9.256601708363e-01 6.610039648296e-04 -5.548749923706e+01 9.256600561703e-01 -3.783545419178e-01 1.140623038680e-03 8.037124633789e+01 -8.057354645253e-04 1.043425857018e-03 9.999991310260e-01 5.683620274067e-02
p2_to_world: -9.256601708363e-01 -6.610039648296e-04 -3.783554032932e-01 -5.633374786377e+01 -3.783545419178e-01 -1.140623038680e-03 9.256600561703e-01 8.244725036621e+01 1.043425857018e-03 -9.999991310260e-01 -8.057354645253e-04 2.092820167542e+00
