P0: -5.542562584220e+02 0.000000000000e+00 -9.600000000000e+02 -4.301221909184e+03 -4.408728476930e-14 5.542562584220e+02 -3.600000000000e+02 -1.612958215944e+03 -1.224646799147e-16 0.000000000000e+00 -1.000000000000e+00 -4.480439488733e+00
P1: -9.600000000000e+02 0.000000000000e+00 5.542562584220e+02 2.483883617918e+02 -3.600000000000e+02 5.542562584220e+02 2.204364238465e-14 -3.724761783281e+02 -1.000000000000e+00 0.000000000000e+00 6.123233995737e-17 -1.034656050911e+00
P2: 5.542562584220e+02 0.000000000000e+00 9.600000000000e+02 0.000000000000e+00 0.000000000000e+00 5.542562584220e+02 3.600000000000e+02 0.000000000000e+00 0.000000000000e+00 0.000000000000e+00 1.000000000000e+00 0.000000000000e+00
P3: 5.542562584220e+02 0.000000000000e+00 9.600000000000e+02 -4.434051755603e+02 0.000000000000e+00 5.542562584220e+02 3.600000000000e+02 0.000000000000e+00 0.000000000000e+00 0.000000000000e+00 1.000000000000e+00 0.000000000000e+00
P4: 9.600000000000e+02 0.000000000000e+00 -5.542562584220e+02 -2.234929710379e+03 3.600000000000e+02 5.542562584220e+02 2.204364238465e-14 -3.724770235649e+02 1.000000000000e+00 0.000000000000e+00 6.123233995737e-17 -1.034658398791e+00
P5: 5.542562584220e+02 9.600000000000e+02 5.878304635907e-14 2.399999679565e+04 0.000000000000e+00 9.600000000000e+02 -5.542562584220e+02 2.399999679565e+04 0.000000000000e+00 1.000000000000e+00 6.123233995737e-17 2.499999666214e+01
R0_rect: 1.000000000000e+00 0.000000000000e+00 0.000000000000e+00 0.000000000000e+00 1.000000000000e+00 0.000000000000e+00 0.000000000000e+00 0.000000000000e+00 1.000000000000e+00
Tr_velo_to_p2: 0.000000000000e+00 -1.000000000000e+00 0.000000000000e+00 -1.883960274146e-06 0.000000000000e+00 0.000000000000e+00 -1.000000000000e+00 -4.999996186906e-01 1.000000000000e+00 0.000000000000e+00 0.000000000000e+00 -2.240216455664e+00
imu_to_world: -1.329617999548e-01 -9.911211617790e-01 4.926005000690e-05 -5.465078353882e+01 9.911211023781e-01 -1.329618090414e-01 -3.431577399704e-04 7.838071441650e+01 3.466606032753e-04 3.195804291133e-06 9.999999399081e-01 5.831950902939e-02
p2_to_world: -9.911211617790e-01 -4.926005000690e-05 -1.329617999548e-01 -5.494854736328e+01 -1.329618090414e-01 3.431577399704e-04 9.911211023781e-01 8.060034179688e+01 3.195804291133e-06 -9.999999399081e-01 3.466606032753e-04 2.096887111664e+00
