P0: -5.542562584220e+02 0.000000000000e+00 -9.600000000000e+02 -4.300143098457e+03 -4.408728476930e-14 5.542562584220e+02 -3.600000000000e+02 -1.612553661921e+03 -1.224646799147e-16 0.000000000000e+00 -1.000000000000e+00 -4.479315727559e+00
P1: -9.600000000000e+02 0.000000000000e+00 5.542562584220e+02 2.480217291386e+02 -3.600000000000e+02 5.542562584220e+02 2.204364238465e-14 -3.724693294290e+02 -1.000000000000e+00 0.000000000000e+00 6.123233995737e-17 -1.034637026192e+00
P2: 5.542562584220e+02 0.000000000000e+00 9.600000000000e+02 0.000000000000e+00 0.000000000000e+00 5.542562584220e+02 3.600000000000e+02 0.000000000000e+00 0.000000000000e+00 0.000000000000e+00 1.000000000000e+00 0.000000000000e+00
P3: 5.542562584220e+02 0.000000000000e+00 9.600000000000e+02 -4.433971830211e+02 0.000000000000e+00 5.542562584220e+02 3.600000000000e+02 0.000000000000e+00 0.000000000000e+00 0.000000000000e+00 1.000000000000e+00 0.000000000000e+00
P4: 9.600000000000e+02 0.000000000000e+00 -5.542562584220e+02 -2.234674852364e+03 3.600000000000e+02 5.542562584220e+02 2.204364238465e-14 -3.724707884843e+02 1.000000000000e+00 0.000000000000e+00 6.123233995737e-17 -1.034641079123e+00
P5: 5.542562584220e+02 9.600000000000e+02 5.878304635907e-14 2.399357780457e+04 0.000000000000e+00 9.600000000000e+02 -5.542562584220e+02 2.399357780457e+04 0.000000000000e+00 1.000000000000e+00 6.123233995737e-17 2.499331021309e+01
R0_rect: 1.000000000000e+00 0.000000000000e+00 0.000000000000e+00 0.000000000000e+00 1.000000000000e+00 0.000000000000e+00 0.000000000000e+00 0.000000000000e+00 1.000000000000e+00
Tr_velo_to_p2: 0.000000000000e+00 -1.000000000000e+00 0.000000000000e+00 3.459751140588e-06 0.000000000000e+00 0.000000000000e+00 -1.000000000000e+00 -4.999999061327e-01 1.000000000000e+00 0.000000000000e+00 0.000000000000e+00 -2.240224298758e+00
imu_to_world: -3.777066730964e-01 -9.258228130102e-01 -1.377635685812e-02 -5.548057556152e+01 9.256541310183e-01 -3.779143206355e-01 1.857945067425e-02 8.036103057861e+01 -2.240756183029e-02 -5.734559133967e-03 9.997324722166e-01 6.620200723410e-02
p2_to_world: -9.258228130102e-01 1.377635685812e-02 -3.777066730964e-01 -5.635479354858e+01 -3.779143206355e-01 -1.857945067425e-02 9.256541310183e-01 8.247256469727e+01 -5.734559133967e-03 -9.997324722166e-01 -2.240756183029e-02 2.053250074387e+00
