P0: -5.542562584220e+02 0.000000000000e+00 -9.600000000000e+02 -4.301222396104e+03 -4.408728476930e-14 5.542562584220e+02 -3.600000000000e+02 -1.612958398539e+03 -1.224646799147e-16 0.000000000000e+00 -1.000000000000e+00 -4.480439995942e+00
P1: -9.600000000000e+02 0.000000000000e+00 5.542562584220e+02 2.483827502465e+02 -3.600000000000e+02 5.542562584220e+02 2.204364238465e-14 -3.724770455037e+02 -1.000000000000e+00 0.000000000000e+00 6.123233995737e-17 -1.034658459733e+00
P2: 5.542562584220e+02 0.000000000000e+00 9.600000000000e+02 0.000000000000e+00 0.000000000000e+00 5.542562584220e+02 3.600000000000e+02 0.000000000000e+00 0.000000000000e+00 0.000000000000e+00 1.000000000000e+00 0.000000000000e+00
P3: 5.542562584220e+02 0.000000000000e+00 9.600000000000e+02 -4.434067088591e+02 0.000000000000e+00 5.542562584220e+02 3.600000000000e+02 0.000000000000e+00 0.000000000000e+00 0.000000000000e+00 1.000000000000e+00 0.000000000000e+00
P4: 9.600000000000e+02 0.000000000000e+00 -5.542562584220e+02 -2.234926225515e+03 3.600000000000e+02 5.542562584220e+02 2.204364238465e-14 -3.724775174861e+02 1.000000000000e+00 0.000000000000e+00 6.123233995737e-17 -1.034659770795e+00
P5: 5.542562584220e+02 9.600000000000e+02 5.878304635907e-14 2.399999977112e+04 0.000000000000e+00 9.600000000000e+02 -5.542562584220e+02 2.399999977112e+04 0.000000000000e+00 1.000000000000e+00 6.123233995737e-17 2.499999976158e+01
R0_rect: 1.000000000000e+00 0.000000000000e+00 0.000000000000e+00 0.000000000000e+00 1.000000000000e+00 0.000000000000e+00 0.000000000000e+00 0.000000000000e+00 1.000000000000e+00
Tr_velo_to_p2: 0.000000000000e+00 -1.000000000000e+00 0.000000000000e+00 5.348169411297e-07 0.000000000000e+00 0.000000000000e+00 -1.000000000000e+00 -5.000002625276e-01 1.000000000000e+00 0.000000000000e+00 0.000000000000e+00 -2.240222554406e+00
imu_to_world: -1.329628637215e-01 -9.911210202786e-01 -5.739091557337e-06 -5.465074920654e+01 9.911210200781e-01 -1.329628638114e-01 2.015831394510e-05 7.838058471680e+01 -2.074241473350e-05 -3.007827128691e-06 9.999999997804e-01 5.847781896591e-02
p2_to_world: -9.911210202786e-01 5.739091557337e-06 -1.329628637215e-01 -5.494862747192e+01 -1.329628638114e-01 -2.015831394510e-05 9.911210200781e-01 8.060095214844e+01 -3.007827128691e-06 -9.999999997804e-01 -2.074241473350e-05 2.096222162247e+00
