P0: -5.542562584220e+02 0.000000000000e+00 -9.600000000000e+02 -4.301129552990e+03 -4.408728476930e-14 5.542562584220e+02 -3.600000000000e+02 -1.612923582371e+03 -1.224646799147e-16 0.000000000000e+00 -1.000000000000e+00 -4.480343284365e+00
P1: -9.600000000000e+02 0.000000000000e+00 5.542562584220e+02 2.483555264749e+02 -3.600000000000e+02 5.542562584220e+02 2.204364238465e-14 -3.724713209849e+02 -1.000000000000e+00 0.000000000000e+00 6.123233995737e-17 -1.034642558291e+00
P2: 5.542562584220e+02 0.000000000000e+00 9.600000000000e+02 0.000000000000e+00 0.000000000000e+00 5.542562584220e+02 3.600000000000e+02 0.000000000000e+00 0.000000000000e+00 0.000000000000e+00 1.000000000000e+00 0.000000000000e+00
P3: 5.542562584220e+02 0.000000000000e+00 9.600000000000e+02 -4.434020986230e+02 0.000000000000e+00 5.542562584220e+02 3.600000000000e+02 0.000000000000e+00 0.000000000000e+00 0.000000000000e+00 1.000000000000e+00 0.000000000000e+00
P4: 9.600000000000e+02 0.000000000000e+00 -5.542562584220e+02 -2.234909133627e+03 3.600000000000e+02 5.542562584220e+02 2.204364238465e-14 -3.724719338221e+02 1.000000000000e+00 0.000000000000e+00 6.123233995737e-17 -1.034644260617e+00
P5: 5.542562584220e+02 9.600000000000e+02 5.878304635907e-14 2.399915336609e+04 0.000000000000e+00 9.600000000000e+02 -5.542562584220e+02 2.399915336609e+04 0.000000000000e+00 1.000000000000e+00 6.123233995737e-17 2.499911808968e+01
R0_rect: 1.000000000000e+00 0.000000000000e+00 0.000000000000e+00 0.000000000000e+00 1.000000000000e+00 0.000000000000e+00 0.000000000000e+00 0.000000000000e+00 1.000000000000e+00
Tr_velo_to_p2: 0.000000000000e+00 -1.000000000000e+00 0.000000000000e+00 1.524880092625e-06 0.000000000000e+00 0.000000000000e+00 -1.000000000000e+00 -5.000001262073e-01 1.000000000000e+00 0.000000000000e+00 0.000000000000e+00 -2.240221571666e+00
imu_to_world: -3.974199342373e-01 -9.176064381461e-01 7.471314717031e-03 -5.556972885132e+01 9.176140847226e-01 -3.974542564383e-01 -3.808616255737e-03 8.049887084961e+01 6.464316632166e-03 5.342163593853e-03 9.999648363311e-01 5.345756560564e-02
p2_to_world: -9.176064381461e-01 -7.471314717031e-03 -3.974199342373e-01 -5.644481277466e+01 -3.974542564383e-01 3.808616255737e-03 9.176140847226e-01 8.254676818848e+01 5.342163593853e-03 -9.999648363311e-01 6.464316632166e-03 2.105658292770e+00
