P0: -5.542562584220e+02 0.000000000000e+00 -9.600000000000e+02 -4.301211767596e+03 -4.408728476930e-14 5.542562584220e+02 -3.600000000000e+02 -1.612954412849e+03 -1.224646799147e-16 0.000000000000e+00 -1.000000000000e+00 -4.480428924579e+00
P1: -9.600000000000e+02 0.000000000000e+00 5.542562584220e+02 2.484089584169e+02 -3.600000000000e+02 5.542562584220e+02 2.204364238465e-14 -3.724695488661e+02 -1.000000000000e+00 0.000000000000e+00 6.123233995737e-17 -1.034637635739e+00
P2: 5.542562584220e+02 0.000000000000e+00 9.600000000000e+02 0.000000000000e+00 0.000000000000e+00 5.542562584220e+02 3.600000000000e+02 0.000000000000e+00 0.000000000000e+00 0.000000000000e+00 1.000000000000e+00 0.000000000000e+00
P3: 5.542562584220e+02 0.000000000000e+00 9.600000000000e+02 -4.433924507769e+02 0.000000000000e+00 5.542562584220e+02 3.600000000000e+02 0.000000000000e+00 0.000000000000e+00 0.000000000000e+00 1.000000000000e+00 0.000000000000e+00
P4: 9.600000000000e+02 0.000000000000e+00 -5.542562584220e+02 -2.234893922385e+03 3.600000000000e+02 5.542562584220e+02 2.204364238465e-14 -3.724679885000e+02 1.000000000000e+00 0.000000000000e+00 6.123233995737e-17 -1.034633301389e+00
P5: 5.542562584220e+02 9.600000000000e+02 5.878304635907e-14 2.399940788269e+04 0.000000000000e+00 9.600000000000e+02 -5.542562584220e+02 2.399940788269e+04 0.000000000000e+00 1.000000000000e+00 6.123233995737e-17 2.499938321114e+01
R0_rect: 1.000000000000e+00 0.000000000000e+00 0.000000000000e+00 0.000000000000e+00 1.000000000000e+00 0.000000000000e+00 0.000000000000e+00 0.000000000000e+00 1.000000000000e+00
Tr_velo_to_p2: 0.000000000000e+00 -1.000000000000e+00 0.000000000000e+00 -6.128235748993e-07 0.000000000000e+00 0.000000000000e+00 -1.000000000000e+00 -5.000000425430e-01 1.000000000000e+00 0.000000000000e+00 0.000000000000e+00 -2.240220092474e+00
imu_to_world: -6.006250020172e-01 -7.995189701928e-01 4.361565496105e-03 -5.669836425781e+01 7.995288829160e-01 -6.006024223428e-01 5.504149253387e-03 8.185865783691e+01 -1.781104940688e-03 6.793127245285e-03 9.999753402397e-01 5.613788589835e-02
p2_to_world: -7.995189701928e-01 -4.361565496105e-03 -6.006250020172e-01 -5.803500747681e+01 -6.006024223428e-01 -5.504149253387e-03 7.995288829160e-01 8.366099548340e+01 6.793127245285e-03 -9.999753402397e-01 -1.781104940688e-03 2.089888334274e+00
