P0: -5.542562584220e+02 0.000000000000e+00 -9.600000000000e+02 -4.301031544300e+03 -4.408728476930e-14 5.542562584220e+02 -3.600000000000e+02 -1.612886829112e+03 -1.224646799147e-16 0.000000000000e+00 -1.000000000000e+00 -4.480241191979e+00
P1: -9.600000000000e+02 0.000000000000e+00 5.542562584220e+02 2.483198849741e+02 -3.600000000000e+02 5.542562584220e+02 2.204364238465e-14 -3.724776002649e+02 -1.000000000000e+00 0.000000000000e+00 6.123233995737e-17 -1.034660000736e+00
P2: 5.542562584220e+02 0.000000000000e+00 9.600000000000e+02 0.000000000000e+00 0.000000000000e+00 5.542562584220e+02 3.600000000000e+02 0.000000000000e+00 0.000000000000e+00 0.000000000000e+00 1.000000000000e+00 0.000000000000e+00
P3: 5.542562584220e+02 0.000000000000e+00 9.600000000000e+02 -4.434048570510e+02 0.000000000000e+00 5.542562584220e+02 3.600000000000e+02 0.000000000000e+00 0.000000000000e+00 0.000000000000e+00 1.000000000000e+00 0.000000000000e+00
P4: 9.600000000000e+02 0.000000000000e+00 -5.542562584220e+02 -2.234875058600e+03 3.600000000000e+02 5.542562584220e+02 2.204364238465e-14 -3.724744599693e+02 1.000000000000e+00 0.000000000000e+00 6.123233995737e-17 -1.034651277693e+00
P5: 5.542562584220e+02 9.600000000000e+02 5.878304635907e-14 2.399892082214e+04 0.000000000000e+00 9.600000000000e+02 -5.542562584220e+02 2.399892082214e+04 0.000000000000e+00 1.000000000000e+00 6.123233995737e-17 2.499887585640e+01
R0_rect: 1.000000000000e+00 0.000000000000e+00 0.000000000000e+00 0.000000000000e+00 1.000000000000e+00 0.000000000000e+00 0.000000000000e+00 0.000000000000e+00 1.000000000000e+00
Tr_velo_to_p2: 0.000000000000e+00 -1.000000000000e+00 0.000000000000e+00 -7.083859860551e-06 0.000000000000e+00 0.000000000000e+00 -1.000000000000e+00 -5.000001865014e-01 1.000000000000e+00 0.000000000000e+00 0.000000000000e+00 -2.240213365848e+00
imu_to_world: -3.778356863440e-01 -9.258604291162e-01 -4.760243882355e-03 -5.548333740234e+01 9.258251015670e-01 -3.778633962679e-01 8.193599291172e-03 8.036499023438e+01 -9.384851276181e-03 -1.311319064058e-03 9.999551014965e-01 6.055591627955e-02
p2_to_world: -9.258604291162e-01 4.760243882355e-03 -3.778356863440e-01 -5.633947753906e+01 -3.778633962679e-01 -8.193599291172e-03 9.258251015670e-01 8.245573425293e+01 -1.311319064058e-03 -9.999551014965e-01 -9.384851276181e-03 2.077231168747e+00
