P0: -5.542562584220e+02 0.000000000000e+00 -9.600000000000e+02 -4.301210076724e+03 -4.408728476930e-14 5.542562584220e+02 -3.600000000000e+02 -1.612953778772e+03 -1.224646799147e-16 0.000000000000e+00 -1.000000000000e+00 -4.480427163254e+00
P1: -9.600000000000e+02 0.000000000000e+00 5.542562584220e+02 2.483770022070e+02 -3.600000000000e+02 5.542562584220e+02 2.204364238465e-14 -3.724784270447e+02 -1.000000000000e+00 0.000000000000e+00 6.123233995737e-17 -1.034662297346e+00
P2: 5.542562584220e+02 0.000000000000e+00 9.600000000000e+02 0.000000000000e+00 0.000000000000e+00 5.542562584220e+02 3.600000000000e+02 0.000000000000e+00 0.000000000000e+00 0.000000000000e+00 1.000000000000e+00 0.000000000000e+00
P3: 5.542562584220e+02 0.000000000000e+00 9.600000000000e+02 -4.434046986634e+02 0.000000000000e+00 5.542562584220e+02 3.600000000000e+02 0.000000000000e+00 0.000000000000e+00 0.000000000000e+00 1.000000000000e+00 0.000000000000e+00
P4: 9.600000000000e+02 0.000000000000e+00 -5.542562584220e+02 -2.234919896990e+03 3.600000000000e+02 5.542562584220e+02 2.204364238465e-14 -3.724751663169e+02 1.000000000000e+00 0.000000000000e+00 6.123233995737e-17 -1.034653239769e+00
P5: 5.542562584220e+02 9.600000000000e+02 5.878304635907e-14 2.399999267578e+04 0.000000000000e+00 9.600000000000e+02 -5.542562584220e+02 2.399999267578e+04 0.000000000000e+00 1.000000000000e+00 6.123233995737e-17 2.499999237061e+01
R0_rect: 1.000000000000e+00 0.000000000000e+00 0.000000000000e+00 0.000000000000e+00 1.000000000000e+00 0.000000000000e+00 0.000000000000e+00 0.000000000000e+00 1.000000000000e+00
Tr_velo_to_p2: 0.000000000000e+00 -1.000000000000e+00 0.000000000000e+00 -7.145773756952e-06 0.000000000000e+00 0.000000000000e+00 -1.000000000000e+00 -5.000001990831e-01 1.000000000000e+00 0.000000000000e+00 0.000000000000e+00 -2.240211975013e+00
imu_to_world: -3.778205025765e-01 -9.258786656991e-01 6.035197277379e-04 -5.548523712158e+01 9.258788173788e-01 -3.778202006733e-01 5.581150671973e-04 8.036768341064e+01 -2.887248890789e-04 7.696534469668e-04 9.999996621357e-01 5.663333833218e-02
p2_to_world: -9.258786656991e-01 -6.035197277379e-04 -3.778205025765e-01 -5.633041000366e+01 -3.778202006733e-01 -5.581150671973e-04 9.258788173788e-01 8.244298553467e+01 7.696534469668e-04 -9.999996621357e-01 -2.887248890789e-04 2.093776702881e+00
