P0: -5.542562584220e+02 0.000000000000e+00 -9.600000000000e+02 -4.300834580209e+03 -4.408728476930e-14 5.542562584220e+02 -3.600000000000e+02 -1.612812967578e+03 -1.224646799147e-16 0.000000000000e+00 -1.000000000000e+00 -4.480036021051e+00
P1: -9.600000000000e+02 0.000000000000e+00 5.542562584220e+02 2.482475589133e+02 -3.600000000000e+02 5.542562584220e+02 2.204364238465e-14 -3.724728827730e+02 -1.000000000000e+00 0.000000000000e+00 6.123233995737e-17 -1.034646896592e+00
P2: 5.542562584220e+02 0.000000000000e+00 9.600000000000e+02 0.000000000000e+00 0.000000000000e+00 5.542562584220e+02 3.600000000000e+02 0.000000000000e+00 0.000000000000e+00 0.000000000000e+00 1.000000000000e+00 0.000000000000e+00
P3: 5.542562584220e+02 0.000000000000e+00 9.600000000000e+02 -4.434009605589e+02 0.000000000000e+00 5.542562584220e+02 3.600000000000e+02 0.000000000000e+00 0.000000000000e+00 0.000000000000e+00 1.000000000000e+00 0.000000000000e+00
P4: 9.600000000000e+02 0.000000000000e+00 -5.542562584220e+02 -2.234842743421e+03 3.600000000000e+02 5.542562584220e+02 2.204364238465e-14 -3.724737451644e+02 1.000000000000e+00 0.000000000000e+00 6.123233995737e-17 -1.034649292123e+00
P5: 5.542562584220e+02 9.600000000000e+02 5.878304635907e-14 2.399754753113e+04 0.000000000000e+00 9.600000000000e+02 -5.542562584220e+02 2.399754753113e+04 0.000000000000e+00 1.000000000000e+00 6.123233995737e-17 2.499744534492e+01
R0_rect: 1.000000000000e+00 0.000000000000e+00 0.000000000000e+00 0.000000000000e+00 1.000000000000e+00 0.000000000000e+00 0.000000000000e+00 0.000000000000e+00 1.000000000000e+00
Tr_velo_to_p2: 0.000000000000e+00 -1.000000000000e+00 0.000000000000e+00 -2.954742871355e-06 0.000000000000e+00 0.000000000000e+00 -1.000000000000e+00 -5.000001170198e-01 1.000000000000e+00 0.000000000000e+00 0.000000000000e+00 -2.240218679656e+00
imu_to_world: -1.638901557181e-01 -9.864554803091e-01 6.752942081633e-03 -5.474170684814e+01 9.863857301478e-01 -1.639648148354e-01 -1.259884346816e-02 7.871475219727e+01 1.353544308273e-02 4.596179287974e-03 9.998978282387e-01 5.259818956256e-02
p2_to_world: -9.864554803091e-01 -6.752942081633e-03 -1.638901557181e-01 -5.509509658813e+01 -1.639648148354e-01 1.259884346816e-02 9.863857301478e-01 8.089880371094e+01 4.596179287974e-03 -9.998978282387e-01 1.353544308273e-02 2.120503187180e+00
