P0: -5.542562584220e+02 0.000000000000e+00 -9.600000000000e+02 -4.301173950798e+03 -4.408728476930e-14 5.542562584220e+02 -3.600000000000e+02 -1.612940231549e+03 -1.224646799147e-16 0.000000000000e+00 -1.000000000000e+00 -4.480389532081e+00
P1: -9.600000000000e+02 0.000000000000e+00 5.542562584220e+02 2.483634891685e+02 -3.600000000000e+02 5.542562584220e+02 2.204364238465e-14 -3.724779275393e+02 -1.000000000000e+00 0.000000000000e+00 6.123233995737e-17 -1.034660909831e+00
P2: 5.542562584220e+02 0.000000000000e+00 9.600000000000e+02 0.000000000000e+00 0.000000000000e+00 5.542562584220e+02 3.600000000000e+02 0.000000000000e+00 0.000000000000e+00 0.000000000000e+00 1.000000000000e+00 0.000000000000e+00
P3: 5.542562584220e+02 0.000000000000e+00 9.600000000000e+02 -4.434004235244e+02 0.000000000000e+00 5.542562584220e+02 3.600000000000e+02 0.000000000000e+00 0.000000000000e+00 0.000000000000e+00 1.000000000000e+00 0.000000000000e+00
P4: 9.600000000000e+02 0.000000000000e+00 -5.542562584220e+02 -2.234903470831e+03 3.600000000000e+02 5.542562584220e+02 2.204364238465e-14 -3.724744970490e+02 1.000000000000e+00 0.000000000000e+00 6.123233995737e-17 -1.034651380692e+00
P5: 5.542562584220e+02 9.600000000000e+02 5.878304635907e-14 2.399973930359e+04 0.000000000000e+00 9.600000000000e+02 -5.542562584220e+02 2.399973930359e+04 0.000000000000e+00 1.000000000000e+00 6.123233995737e-17 2.499972844124e+01
R0_rect: 1.000000000000e+00 0.000000000000e+00 0.000000000000e+00 0.000000000000e+00 1.000000000000e+00 0.000000000000e+00 0.000000000000e+00 0.000000000000e+00 1.000000000000e+00
Tr_velo_to_p2: 0.000000000000e+00 -1.000000000000e+00 0.000000000000e+00 -2.069942862445e-06 0.000000000000e+00 0.000000000000e+00 -1.000000000000e+00 -4.999995170624e-01 1.000000000000e+00 0.000000000000e+00 0.000000000000e+00 -2.240213377060e+00
imu_to_world: -3.778353106720e-01 -9.258707190965e-01 -1.972188923343e-03 -5.548434066772e+01 9.258611834495e-01 -3.778403841922e-01 4.208688026734e-03 8.036639404297e+01 -4.641873630260e-03 -2.357822224495e-04 9.999891986496e-01 5.853538215160e-02
p2_to_world: -9.258707190965e-01 1.972188923343e-03 -3.778353106720e-01 -5.633479309082e+01 -3.778403841922e-01 -4.208688026734e-03 9.258611834495e-01 8.244909667969e+01 -2.357822224495e-04 -9.999891986496e-01 -4.641873630260e-03 2.085905790329e+00
