P0: -5.542562584220e+02 0.000000000000e+00 -9.600000000000e+02 -4.301217650065e+03 -4.408728476930e-14 5.542562584220e+02 -3.600000000000e+02 -1.612956618774e+03 -1.224646799147e-16 0.000000000000e+00 -1.000000000000e+00 -4.480435052151e+00
P1: -9.600000000000e+02 0.000000000000e+00 5.542562584220e+02 2.483747553965e+02 -3.600000000000e+02 5.542562584220e+02 2.204364238465e-14 -3.724782509648e+02 -1.000000000000e+00 0.000000000000e+00 6.123233995737e-17 -1.034661808236e+00
P2: 5.542562584220e+02 0.000000000000e+00 9.600000000000e+02 0.000000000000e+00 0.000000000000e+00 5.542562584220e+02 3.600000000000e+02 0.000000000000e+00 0.000000000000e+00 0.000000000000e+00 1.000000000000e+00 0.000000000000e+00
P3: 5.542562584220e+02 0.000000000000e+00 9.600000000000e+02 -4.434047222723e+02 0.000000000000e+00 5.542562584220e+02 3.600000000000e+02 0.000000000000e+00 0.000000000000e+00 0.000000000000e+00 1.000000000000e+00 0.000000000000e+00
P4: 9.600000000000e+02 0.000000000000e+00 -5.542562584220e+02 -2.234926501685e+03 3.600000000000e+02 5.542562584220e+02 2.204364238465e-14 -3.724770528977e+02 1.000000000000e+00 0.000000000000e+00 6.123233995737e-17 -1.034658480271e+00
P5: 5.542562584220e+02 9.600000000000e+02 5.878304635907e-14 2.399998970032e+04 0.000000000000e+00 9.600000000000e+02 -5.542562584220e+02 2.399998970032e+04 0.000000000000e+00 1.000000000000e+00 6.123233995737e-17 2.499998927116e+01
R0_rect: 1.000000000000e+00 0.000000000000e+00 0.000000000000e+00 0.000000000000e+00 1.000000000000e+00 0.000000000000e+00 0.000000000000e+00 0.000000000000e+00 1.000000000000e+00
Tr_velo_to_p2: 0.000000000000e+00 -1.000000000000e+00 0.000000000000e+00 -5.048036492140e-06 0.000000000000e+00 0.000000000000e+00 -1.000000000000e+00 -4.999997863133e-01 1.000000000000e+00 0.000000000000e+00 0.000000000000e+00 -2.240213887316e+00
imu_to_world: -3.835493121602e-01 -9.235201903427e-01 6.190079474543e-04 -5.550508117676e+01 9.235203220805e-01 -3.835489231472e-01 6.620097060812e-04 8.040031433105e+01 -3.739594981032e-04 8.255797864142e-04 9.999995892861e-01 5.660800635815e-02
p2_to_world: -9.235201903427e-01 -6.190079474543e-04 -3.835493121602e-01 -5.636305618286e+01 -3.835489231472e-01 -6.620097060812e-04 9.235203220805e-01 8.247054290771e+01 8.255797864142e-04 -9.999995892861e-01 -3.739594981032e-04 2.093560457230e+00
