P0: -5.542562584220e+02 0.000000000000e+00 -9.600000000000e+02 -4.300961673037e+03 -4.408728476930e-14 5.542562584220e+02 -3.600000000000e+02 -1.612860627389e+03 -1.224646799147e-16 0.000000000000e+00 -1.000000000000e+00 -4.480168409414e+00
P1: -9.600000000000e+02 0.000000000000e+00 5.542562584220e+02 2.482914696805e+02 -3.600000000000e+02 5.542562584220e+02 2.204364238465e-14 -3.724741230324e+02 -1.000000000000e+00 0.000000000000e+00 6.123233995737e-17 -1.034650341757e+00
P2: 5.542562584220e+02 0.000000000000e+00 9.600000000000e+02 0.000000000000e+00 0.000000000000e+00 5.542562584220e+02 3.600000000000e+02 0.000000000000e+00 0.000000000000e+00 0.000000000000e+00 1.000000000000e+00 0.000000000000e+00
P3: 5.542562584220e+02 0.000000000000e+00 9.600000000000e+02 -4.434026436759e+02 0.000000000000e+00 5.542562584220e+02 3.600000000000e+02 0.000000000000e+00 0.000000000000e+00 0.000000000000e+00 1.000000000000e+00 0.000000000000e+00
P4: 9.600000000000e+02 0.000000000000e+00 -5.542562584220e+02 -2.234870911132e+03 3.600000000000e+02 5.542562584220e+02 2.204364238465e-14 -3.724744984488e+02 1.000000000000e+00 0.000000000000e+00 6.123233995737e-17 -1.034651384580e+00
P5: 5.542562584220e+02 9.600000000000e+02 5.878304635907e-14 2.399837448120e+04 0.000000000000e+00 9.600000000000e+02 -5.542562584220e+02 2.399837448120e+04 0.000000000000e+00 1.000000000000e+00 6.123233995737e-17 2.499830675125e+01
R0_rect: 1.000000000000e+00 0.000000000000e+00 0.000000000000e+00 0.000000000000e+00 1.000000000000e+00 0.000000000000e+00 0.000000000000e+00 0.000000000000e+00 1.000000000000e+00
Tr_velo_to_p2: 0.000000000000e+00 -1.000000000000e+00 0.000000000000e+00 2.875540535572e-06 0.000000000000e+00 0.000000000000e+00 -1.000000000000e+00 -4.999996504227e-01 1.000000000000e+00 0.000000000000e+00 0.000000000000e+00 -2.240218250638e+00
imu_to_world: -1.505264450327e-01 -9.885904395056e-01 5.543668810897e-03 -5.470172882080e+01 9.885453521282e-01 -1.505769504677e-01 -1.023077580820e-02 7.857312774658e+01 1.094879589666e-02 3.940165724415e-03 9.999322971894e-01 5.372825637460e-02
p2_to_world: -9.885904395056e-01 -5.543668810897e-03 -1.505264450327e-01 -5.502764129639e+01 -1.505769504677e-01 1.023077580820e-02 9.885453521282e-01 8.076683807373e+01 3.940165724415e-03 -9.999322971894e-01 1.094879589666e-02 2.115909099579e+00
