P0: -5.542562584220e+02 0.000000000000e+00 -9.600000000000e+02 -4.301203132958e+03 -4.408728476930e-14 5.542562584220e+02 -3.600000000000e+02 -1.612951174859e+03 -1.224646799147e-16 0.000000000000e+00 -1.000000000000e+00 -4.480419930164e+00
P1: -9.600000000000e+02 0.000000000000e+00 5.542562584220e+02 2.484059108083e+02 -3.600000000000e+02 5.542562584220e+02 2.204364238465e-14 -3.724632685422e+02 -1.000000000000e+00 0.000000000000e+00 6.123233995737e-17 -1.034620190395e+00
P2: 5.542562584220e+02 0.000000000000e+00 9.600000000000e+02 0.000000000000e+00 0.000000000000e+00 5.542562584220e+02 3.600000000000e+02 0.000000000000e+00 0.000000000000e+00 0.000000000000e+00 1.000000000000e+00 0.000000000000e+00
P3: 5.542562584220e+02 0.000000000000e+00 9.600000000000e+02 -4.433893098784e+02 0.000000000000e+00 5.542562584220e+02 3.600000000000e+02 0.000000000000e+00 0.000000000000e+00 0.000000000000e+00 1.000000000000e+00 0.000000000000e+00
P4: 9.600000000000e+02 0.000000000000e+00 -5.542562584220e+02 -2.234901076024e+03 3.600000000000e+02 5.542562584220e+02 2.204364238465e-14 -3.724634100230e+02 1.000000000000e+00 0.000000000000e+00 6.123233995737e-17 -1.034620583397e+00
P5: 5.542562584220e+02 9.600000000000e+02 5.878304635907e-14 2.399907623291e+04 0.000000000000e+00 9.600000000000e+02 -5.542562584220e+02 2.399907623291e+04 0.000000000000e+00 1.000000000000e+00 6.123233995737e-17 2.499903774261e+01
R0_rect: 1.000000000000e+00 0.000000000000e+00 0.000000000000e+00 0.000000000000e+00 1.000000000000e+00 0.000000000000e+00 0.000000000000e+00 0.000000000000e+00 1.000000000000e+00
Tr_velo_to_p2: 0.000000000000e+00 -1.000000000000e+00 0.000000000000e+00 5.146150896130e-07 0.000000000000e+00 0.000000000000e+00 -1.000000000000e+00 -5.000000458440e-01 1.000000000000e+00 0.000000000000e+00 0.000000000000e+00 -2.240220598985e+00
imu_to_world: -5.273910384027e-01 -8.495808305622e-01 8.432375338813e-03 -5.624172210693e+01 8.496191747197e-01 -5.273913849558e-01 2.363265317027e-03 8.138625335693e+01 2.439377197526e-03 8.410672725857e-03 9.999616542764e-01 5.372814089060e-02
p2_to_world: -8.495808305622e-01 -8.432375338813e-03 -5.273910384027e-01 -5.740600967407e+01 -5.273913849558e-01 -2.363265317027e-03 8.496191747197e-01 8.329440307617e+01 8.410672725857e-03 -9.999616542764e-01 2.439377197526e-03 2.096905708313e+00
