P0: -5.542562584220e+02 0.000000000000e+00 -9.600000000000e+02 -4.301216858063e+03 -4.408728476930e-14 5.542562584220e+02 -3.600000000000e+02 -1.612956321774e+03 -1.224646799147e-16 0.000000000000e+00 -1.000000000000e+00 -4.480434227149e+00
P1: -9.600000000000e+02 0.000000000000e+00 5.542562584220e+02 2.483766394746e+02 -3.600000000000e+02 5.542562584220e+02 2.204364238465e-14 -3.724785344336e+02 -1.000000000000e+00 0.000000000000e+00 6.123233995737e-17 -1.034662595649e+00
P2: 5.542562584220e+02 0.000000000000e+00 9.600000000000e+02 0.000000000000e+00 0.000000000000e+00 5.542562584220e+02 3.600000000000e+02 0.000000000000e+00 0.000000000000e+00 0.000000000000e+00 1.000000000000e+00 0.000000000000e+00
P3: 5.542562584220e+02 0.000000000000e+00 9.600000000000e+02 -4.434046986636e+02 0.000000000000e+00 5.542562584220e+02 3.600000000000e+02 0.000000000000e+00 0.000000000000e+00 0.000000000000e+00 1.000000000000e+00 0.000000000000e+00
P4: 9.600000000000e+02 0.000000000000e+00 -5.542562584220e+02 -2.234922278818e+03 3.600000000000e+02 5.542562584220e+02 2.204364238465e-14 -3.724763304292e+02 1.000000000000e+00 0.000000000000e+00 6.123233995737e-17 -1.034656473414e+00
P5: 5.542562584220e+02 9.600000000000e+02 5.878304635907e-14 2.399998970032e+04 0.000000000000e+00 9.600000000000e+02 -5.542562584220e+02 2.399998970032e+04 0.000000000000e+00 1.000000000000e+00 6.123233995737e-17 2.499998927116e+01
R0_rect: 1.000000000000e+00 0.000000000000e+00 0.000000000000e+00 0.000000000000e+00 1.000000000000e+00 0.000000000000e+00 0.000000000000e+00 0.000000000000e+00 1.000000000000e+00
Tr_velo_to_p2: 0.000000000000e+00 -1.000000000000e+00 0.000000000000e+00 -3.223698545664e-06 0.000000000000e+00 0.000000000000e+00 -1.000000000000e+00 -4.999998304420e-01 1.000000000000e+00 0.000000000000e+00 0.000000000000e+00 -2.240214419160e+00
imu_to_world: -3.778203611657e-01 -9.258787244324e-01 6.019401924150e-04 -5.548523712158e+01 9.258788232779e-01 -3.778199444865e-01 7.029607067992e-04 8.036763000488e+01 -4.234313524549e-04 8.229165451651e-04 9.999995717570e-01 5.668250843883e-02
p2_to_world: -9.258787244324e-01 -6.019401924150e-04 -3.778203611657e-01 -5.633041381836e+01 -3.778199444865e-01 -7.029607067992e-04 9.258788232779e-01 8.244322967529e+01 8.229165451651e-04 -9.999995717570e-01 -4.234313524549e-04 2.093524217606e+00
