P0: -5.542562584220e+02 0.000000000000e+00 -9.600000000000e+02 -4.301215748138e+03 -4.408728476930e-14 5.542562584220e+02 -3.600000000000e+02 -1.612955905552e+03 -1.224646799147e-16 0.000000000000e+00 -1.000000000000e+00 -4.480433070978e+00
P1: -9.600000000000e+02 0.000000000000e+00 5.542562584220e+02 2.483887136939e+02 -3.600000000000e+02 5.542562584220e+02 2.204364238465e-14 -3.724750274806e+02 -1.000000000000e+00 0.000000000000e+00 6.123233995737e-17 -1.034652854113e+00
P2: 5.542562584220e+02 0.000000000000e+00 9.600000000000e+02 0.000000000000e+00 0.000000000000e+00 5.542562584220e+02 3.600000000000e+02 0.000000000000e+00 0.000000000000e+00 0.000000000000e+00 1.000000000000e+00 0.000000000000e+00
P3: 5.542562584220e+02 0.000000000000e+00 9.600000000000e+02 -4.434078940353e+02 0.000000000000e+00 5.542562584220e+02 3.600000000000e+02 0.000000000000e+00 0.000000000000e+00 0.000000000000e+00 1.000000000000e+00 0.000000000000e+00
P4: 9.600000000000e+02 0.000000000000e+00 -5.542562584220e+02 -2.234929862772e+03 3.600000000000e+02 5.542562584220e+02 2.204364238465e-14 -3.724780983338e+02 1.000000000000e+00 0.000000000000e+00 6.123233995737e-17 -1.034661384261e+00
P5: 5.542562584220e+02 9.600000000000e+02 5.878304635907e-14 2.399995674133e+04 0.000000000000e+00 9.600000000000e+02 -5.542562584220e+02 2.399995674133e+04 0.000000000000e+00 1.000000000000e+00 6.123233995737e-17 2.499995493889e+01
R0_rect: 1.000000000000e+00 0.000000000000e+00 0.000000000000e+00 0.000000000000e+00 1.000000000000e+00 0.000000000000e+00 0.000000000000e+00 0.000000000000e+00 1.000000000000e+00
Tr_velo_to_p2: 0.000000000000e+00 -1.000000000000e+00 0.000000000000e+00 2.607351043580e-06 0.000000000000e+00 0.000000000000e+00 -1.000000000000e+00 -4.999998365026e-01 1.000000000000e+00 0.000000000000e+00 0.000000000000e+00 -2.240225597580e+00
imu_to_world: -3.778278796340e-01 -9.258757727842e-01 -3.830697789032e-04 -5.548489761353e+01 9.258739870508e-01 -3.778279166677e-01 1.850807713975e-03 8.036723327637e+01 -1.858352478953e-03 3.446124106695e-04 9.999982138826e-01 5.733665451407e-02
p2_to_world: -9.258757727842e-01 3.830697789032e-04 -3.778278796340e-01 -5.633209228516e+01 -3.778279166677e-01 -1.850807713975e-03 9.258739870508e-01 8.244516754150e+01 3.446124106695e-04 -9.999982138826e-01 -1.858352478953e-03 2.090960741043e+00
