P0: -5.542562584220e+02 0.000000000000e+00 -9.600000000000e+02 -4.301144376684e+03 -4.408728476930e-14 5.542562584220e+02 -3.600000000000e+02 -1.612929141257e+03 -1.224646799147e-16 0.000000000000e+00 -1.000000000000e+00 -4.480358725713e+00
P1: -9.600000000000e+02 0.000000000000e+00 5.542562584220e+02 2.483694295392e+02 -3.600000000000e+02 5.542562584220e+02 2.204364238465e-14 -3.724668209388e+02 -1.000000000000e+00 0.000000000000e+00 6.123233995737e-17 -1.034630058163e+00
P2: 5.542562584220e+02 0.000000000000e+00 9.600000000000e+02 0.000000000000e+00 0.000000000000e+00 5.542562584220e+02 3.600000000000e+02 0.000000000000e+00 0.000000000000e+00 0.000000000000e+00 1.000000000000e+00 0.000000000000e+00
P3: 5.542562584220e+02 0.000000000000e+00 9.600000000000e+02 -4.433965710525e+02 0.000000000000e+00 5.542562584220e+02 3.600000000000e+02 0.000000000000e+00 0.000000000000e+00 0.000000000000e+00 1.000000000000e+00 0.000000000000e+00
P4: 9.600000000000e+02 0.000000000000e+00 -5.542562584220e+02 -2.234901368496e+03 3.600000000000e+02 5.542562584220e+02 2.204364238465e-14 -3.724684987401e+02 1.000000000000e+00 0.000000000000e+00 6.123233995737e-17 -1.034634718722e+00
P5: 5.542562584220e+02 9.600000000000e+02 5.878304635907e-14 2.399913276672e+04 0.000000000000e+00 9.600000000000e+02 -5.542562584220e+02 2.399913276672e+04 0.000000000000e+00 1.000000000000e+00 6.123233995737e-17 2.499909663200e+01
R0_rect: 1.000000000000e+00 0.000000000000e+00 0.000000000000e+00 0.000000000000e+00 1.000000000000e+00 0.000000000000e+00 0.000000000000e+00 0.000000000000e+00 1.000000000000e+00
Tr_velo_to_p2: 0.000000000000e+00 -1.000000000000e+00 0.000000000000e+00 3.434583463257e-06 0.000000000000e+00 0.000000000000e+00 -1.000000000000e+00 -4.999998370523e-01 1.000000000000e+00 0.000000000000e+00 0.000000000000e+00 -2.240207475251e+00
imu_to_world: -2.553043668708e-01 -9.668301730950e-01 7.687434535378e-03 -5.502649688721e+01 9.668452734107e-01 -2.553371790996e-01 -3.625224533670e-03 7.948437500000e+01 5.467864312173e-03 6.507024090851e-03 9.999638798963e-01 5.594791471958e-02
p2_to_world: -9.668301730950e-01 -7.687434535378e-03 -2.553043668708e-01 -5.558276748657e+01 -2.553371790996e-01 3.625224533670e-03 9.668452734107e-01 8.164292907715e+01 6.507024090851e-03 -9.999638798963e-01 5.467864312173e-03 2.105914354324e+00
