P0: -5.542562584220e+02 0.000000000000e+00 -9.600000000000e+02 -4.301209666775e+03 -4.408728476930e-14 5.542562584220e+02 -3.600000000000e+02 -1.612953625041e+03 -1.224646799147e-16 0.000000000000e+00 -1.000000000000e+00 -4.480426736224e+00
P1: -9.600000000000e+02 0.000000000000e+00 5.542562584220e+02 2.483752391733e+02 -3.600000000000e+02 5.542562584220e+02 2.204364238465e-14 -3.724787459794e+02 -1.000000000000e+00 0.000000000000e+00 6.123233995737e-17 -1.034663183276e+00
P2: 5.542562584220e+02 0.000000000000e+00 9.600000000000e+02 0.000000000000e+00 0.000000000000e+00 5.542562584220e+02 3.600000000000e+02 0.000000000000e+00 0.000000000000e+00 0.000000000000e+00 1.000000000000e+00 0.000000000000e+00
P3: 5.542562584220e+02 0.000000000000e+00 9.600000000000e+02 -4.434050586439e+02 0.000000000000e+00 5.542562584220e+02 3.600000000000e+02 0.000000000000e+00 0.000000000000e+00 0.000000000000e+00 1.000000000000e+00 0.000000000000e+00
P4: 9.600000000000e+02 0.000000000000e+00 -5.542562584220e+02 -2.234914910389e+03 3.600000000000e+02 5.542562584220e+02 2.204364238465e-14 -3.724745111163e+02 1.000000000000e+00 0.000000000000e+00 6.123233995737e-17 -1.034651419768e+00
P5: 5.542562584220e+02 9.600000000000e+02 5.878304635907e-14 2.399997344971e+04 0.000000000000e+00 9.600000000000e+02 -5.542562584220e+02 2.399997344971e+04 0.000000000000e+00 1.000000000000e+00 6.123233995737e-17 2.499997234344e+01
R0_rect: 1.000000000000e+00 0.000000000000e+00 0.000000000000e+00 0.000000000000e+00 1.000000000000e+00 0.000000000000e+00 0.000000000000e+00 0.000000000000e+00 1.000000000000e+00
Tr_velo_to_p2: 0.000000000000e+00 -1.000000000000e+00 0.000000000000e+00 -4.381596029700e-06 0.000000000000e+00 0.000000000000e+00 -1.000000000000e+00 -4.999999853183e-01 1.000000000000e+00 0.000000000000e+00 0.000000000000e+00 -2.240215551046e+00
imu_to_world: -3.778075360750e-01 -9.258841080145e-01 2.901915033259e-04 -5.548502731323e+01 9.258833429660e-01 -3.778067720704e-01 1.441594888206e-03 8.036721038818e+01 -1.225113482031e-03 8.133288919311e-04 9.999989187960e-01 5.702426657081e-02
p2_to_world: -9.258841080145e-01 -2.901915033259e-04 -3.778075360750e-01 -5.633081054688e+01 -3.778067720704e-01 -1.441594888206e-03 9.258833429660e-01 8.244432067871e+01 8.133288919311e-04 -9.999989187960e-01 -1.225113482031e-03 2.092068672180e+00
