P0: -5.542562584220e+02 0.000000000000e+00 -9.600000000000e+02 -4.300910045056e+03 -4.408728476930e-14 5.542562584220e+02 -3.600000000000e+02 -1.612841266896e+03 -1.224646799147e-16 0.000000000000e+00 -1.000000000000e+00 -4.480114630266e+00
P1: -9.600000000000e+02 0.000000000000e+00 5.542562584220e+02 2.482724711227e+02 -3.600000000000e+02 5.542562584220e+02 2.204364238465e-14 -3.724672791971e+02 -1.000000000000e+00 0.000000000000e+00 6.123233995737e-17 -1.034631331103e+00
P2: 5.542562584220e+02 0.000000000000e+00 9.600000000000e+02 0.000000000000e+00 0.000000000000e+00 5.542562584220e+02 3.600000000000e+02 0.000000000000e+00 0.000000000000e+00 0.000000000000e+00 1.000000000000e+00 0.000000000000e+00
P3: 5.542562584220e+02 0.000000000000e+00 9.600000000000e+02 -4.433966401603e+02 0.000000000000e+00 5.542562584220e+02 3.600000000000e+02 0.000000000000e+00 0.000000000000e+00 0.000000000000e+00 1.000000000000e+00 0.000000000000e+00
P4: 9.600000000000e+02 0.000000000000e+00 -5.542562584220e+02 -2.234862289201e+03 3.600000000000e+02 5.542562584220e+02 2.204364238465e-14 -3.724684747160e+02 1.000000000000e+00 0.000000000000e+00 6.123233995737e-17 -1.034634651989e+00
P5: 5.542562584220e+02 9.600000000000e+02 5.878304635907e-14 2.399767295837e+04 0.000000000000e+00 9.600000000000e+02 -5.542562584220e+02 2.399767295837e+04 0.000000000000e+00 1.000000000000e+00 6.123233995737e-17 2.499757599831e+01
R0_rect: 1.000000000000e+00 0.000000000000e+00 0.000000000000e+00 0.000000000000e+00 1.000000000000e+00 0.000000000000e+00 0.000000000000e+00 0.000000000000e+00 1.000000000000e+00
Tr_velo_to_p2: 0.000000000000e+00 -1.000000000000e+00 0.000000000000e+00 -8.379880110871e-08 0.000000000000e+00 0.000000000000e+00 -1.000000000000e+00 -5.000000573004e-01 1.000000000000e+00 0.000000000000e+00 0.000000000000e+00 -2.240219713676e+00
imu_to_world: -4.296295677175e-01 -9.029325437351e-01 1.145670139866e-02 -5.572336196899e+01 9.029246555657e-01 -4.297261359883e-01 -7.906606109202e-03 8.072747802734e+01 1.206237598971e-02 6.947626399499e-03 9.999031100926e-01 5.054950714111e-02
p2_to_world: -9.029325437351e-01 -1.145670139866e-02 -4.296295677175e-01 -5.666247940063e+01 -4.297261359883e-01 7.906606109202e-03 9.029246555657e-01 8.273411560059e+01 6.947626399499e-03 -9.999031100926e-01 1.206237598971e-02 2.115165472031e+00
