P0: -5.542562584220e+02 0.000000000000e+00 -9.600000000000e+02 -4.301203604173e+03 -4.408728476930e-14 5.542562584220e+02 -3.600000000000e+02 -1.612951351565e+03 -1.224646799147e-16 0.000000000000e+00 -1.000000000000e+00 -4.480420421014e+00
P1: -9.600000000000e+02 0.000000000000e+00 5.542562584220e+02 2.483788811157e+02 -3.600000000000e+02 5.542562584220e+02 2.204364238465e-14 -3.724768700175e+02 -1.000000000000e+00 0.000000000000e+00 6.123233995737e-17 -1.034657972271e+00
P2: 5.542562584220e+02 0.000000000000e+00 9.600000000000e+02 0.000000000000e+00 0.000000000000e+00 5.542562584220e+02 3.600000000000e+02 0.000000000000e+00 0.000000000000e+00 0.000000000000e+00 1.000000000000e+00 0.000000000000e+00
P3: 5.542562584220e+02 0.000000000000e+00 9.600000000000e+02 -4.434027696717e+02 0.000000000000e+00 5.542562584220e+02 3.600000000000e+02 0.000000000000e+00 0.000000000000e+00 0.000000000000e+00 1.000000000000e+00 0.000000000000e+00
P4: 9.600000000000e+02 0.000000000000e+00 -5.542562584220e+02 -2.234921302286e+03 3.600000000000e+02 5.542562584220e+02 2.204364238465e-14 -3.724765417773e+02 1.000000000000e+00 0.000000000000e+00 6.123233995737e-17 -1.034657060493e+00
P5: 5.542562584220e+02 9.600000000000e+02 5.878304635907e-14 2.399992813110e+04 0.000000000000e+00 9.600000000000e+02 -5.542562584220e+02 2.399992813110e+04 0.000000000000e+00 1.000000000000e+00 6.123233995737e-17 2.499992513657e+01
R0_rect: 1.000000000000e+00 0.000000000000e+00 0.000000000000e+00 0.000000000000e+00 1.000000000000e+00 0.000000000000e+00 0.000000000000e+00 0.000000000000e+00 1.000000000000e+00
Tr_velo_to_p2: 0.000000000000e+00 -1.000000000000e+00 0.000000000000e+00 -7.257520377014e-07 0.000000000000e+00 0.000000000000e+00 -1.000000000000e+00 -5.000000890411e-01 1.000000000000e+00 0.000000000000e+00 0.000000000000e+00 -2.240217347390e+00
imu_to_world: -3.835415829436e-01 -9.235234415645e-01 -5.541064876824e-04 -5.550467681885e+01 9.235204587643e-01 -3.835417729471e-01 2.381312299614e-03 8.039970397949e+01 -2.411720715066e-03 4.016036111682e-04 9.999970111544e-01 5.748515948653e-02
p2_to_world: -9.235234415645e-01 5.541064876824e-04 -3.835415829436e-01 -5.636502456665e+01 -3.835417729471e-01 -2.381312299614e-03 9.235204587643e-01 8.247344207764e+01 4.016036111682e-04 -9.999970111544e-01 -2.411720715066e-03 2.089867115021e+00
