P0: -5.542562584220e+02 0.000000000000e+00 -9.600000000000e+02 -4.301117376250e+03 -4.408728476930e-14 5.542562584220e+02 -3.600000000000e+02 -1.612919016094e+03 -1.224646799147e-16 0.000000000000e+00 -1.000000000000e+00 -4.480330600261e+00
P1: -9.600000000000e+02 0.000000000000e+00 5.542562584220e+02 2.483520316814e+02 -3.600000000000e+02 5.542562584220e+02 2.204364238465e-14 -3.724672494677e+02 -1.000000000000e+00 0.000000000000e+00 6.123233995737e-17 -1.034631248521e+00
P2: 5.542562584220e+02 0.000000000000e+00 9.600000000000e+02 0.000000000000e+00 0.000000000000e+00 5.542562584220e+02 3.600000000000e+02 0.000000000000e+00 0.000000000000e+00 0.000000000000e+00 1.000000000000e+00 0.000000000000e+00
P3: 5.542562584220e+02 0.000000000000e+00 9.600000000000e+02 -4.433932549021e+02 0.000000000000e+00 5.542562584220e+02 3.600000000000e+02 0.000000000000e+00 0.000000000000e+00 0.000000000000e+00 1.000000000000e+00 0.000000000000e+00
P4: 9.600000000000e+02 0.000000000000e+00 -5.542562584220e+02 -2.234904186674e+03 3.600000000000e+02 5.542562584220e+02 2.204364238465e-14 -3.724691032280e+02 1.000000000000e+00 0.000000000000e+00 6.123233995737e-17 -1.034636397855e+00
P5: 5.542562584220e+02 9.600000000000e+02 5.878304635907e-14 2.399882263184e+04 0.000000000000e+00 9.600000000000e+02 -5.542562584220e+02 2.399882263184e+04 0.000000000000e+00 1.000000000000e+00 6.123233995737e-17 2.499877357483e+01
R0_rect: 1.000000000000e+00 0.000000000000e+00 0.000000000000e+00 0.000000000000e+00 1.000000000000e+00 0.000000000000e+00 0.000000000000e+00 0.000000000000e+00 1.000000000000e+00
Tr_velo_to_p2: 0.000000000000e+00 -1.000000000000e+00 0.000000000000e+00 4.229478808410e-06 0.000000000000e+00 0.000000000000e+00 -1.000000000000e+00 -4.999997030900e-01 1.000000000000e+00 0.000000000000e+00 0.000000000000e+00 -2.240221383783e+00
imu_to_world: -5.009993373166e-01 -8.653941243974e-01 9.626705917268e-03 -5.609872817993e+01 8.654210351866e-01 -5.010401886595e-01 -2.271828467725e-03 8.122287750244e+01 6.789393556566e-03 7.192969243532e-03 9.999510814678e-01 5.192501097918e-02
p2_to_world: -8.653941243974e-01 -9.626705917268e-03 -5.009993373166e-01 -5.720145797729e+01 -5.010401886595e-01 2.271828467725e-03 8.654210351866e-01 8.315698242188e+01 7.192969243532e-03 -9.999510814678e-01 6.789393556566e-03 2.104825973511e+00
