P0: -5.542562584220e+02 0.000000000000e+00 -9.600000000000e+02 -4.301003850224e+03 -4.408728476930e-14 5.542562584220e+02 -3.600000000000e+02 -1.612876443834e+03 -1.224646799147e-16 0.000000000000e+00 -1.000000000000e+00 -4.480212343983e+00
P1: -9.600000000000e+02 0.000000000000e+00 5.542562584220e+02 2.483011787549e+02 -3.600000000000e+02 5.542562584220e+02 2.204364238465e-14 -3.724733618803e+02 -1.000000000000e+00 0.000000000000e+00 6.123233995737e-17 -1.034648227445e+00
P2: 5.542562584220e+02 0.000000000000e+00 9.600000000000e+02 0.000000000000e+00 0.000000000000e+00 5.542562584220e+02 3.600000000000e+02 0.000000000000e+00 0.000000000000e+00 0.000000000000e+00 1.000000000000e+00 0.000000000000e+00
P3: 5.542562584220e+02 0.000000000000e+00 9.600000000000e+02 -4.433997148290e+02 0.000000000000e+00 5.542562584220e+02 3.600000000000e+02 0.000000000000e+00 0.000000000000e+00 0.000000000000e+00 1.000000000000e+00 0.000000000000e+00
P4: 9.600000000000e+02 0.000000000000e+00 -5.542562584220e+02 -2.234882735375e+03 3.600000000000e+02 5.542562584220e+02 2.204364238465e-14 -3.724726806618e+02 1.000000000000e+00 0.000000000000e+00 6.123233995737e-17 -1.034646335172e+00
P5: 5.542562584220e+02 9.600000000000e+02 5.878304635907e-14 2.399847724915e+04 0.000000000000e+00 9.600000000000e+02 -5.542562584220e+02 2.399847724915e+04 0.000000000000e+00 1.000000000000e+00 6.123233995737e-17 2.499841380119e+01
R0_rect: 1.000000000000e+00 0.000000000000e+00 0.000000000000e+00 0.000000000000e+00 1.000000000000e+00 0.000000000000e+00 0.000000000000e+00 0.000000000000e+00 1.000000000000e+00
Tr_velo_to_p2: 0.000000000000e+00 -1.000000000000e+00 0.000000000000e+00 -1.383643661949e-06 0.000000000000e+00 0.000000000000e+00 -1.000000000000e+00 -4.999999918071e-01 1.000000000000e+00 0.000000000000e+00 0.000000000000e+00 -2.240214623199e+00
imu_to_world: -2.296211350645e-01 -9.732525539471e-01 7.321240821828e-03 -5.494227600098e+01 9.732286642627e-01 -2.296798327922e-01 -8.552278410713e-03 7.928656768799e+01 1.000506817308e-02 5.161457549718e-03 9.999366269753e-01 5.409591645002e-02
p2_to_world: -9.732525539471e-01 -7.321240821828e-03 -2.296211350645e-01 -5.544175720215e+01 -2.296798327922e-01 8.552278410713e-03 9.732286642627e-01 8.144938659668e+01 5.161457549718e-03 -9.999366269753e-01 1.000506817308e-02 2.114171266556e+00
