P0: -5.542562584220e+02 0.000000000000e+00 -9.600000000000e+02 -4.301223639402e+03 -4.408728476930e-14 5.542562584220e+02 -3.600000000000e+02 -1.612958864776e+03 -1.224646799147e-16 0.000000000000e+00 -1.000000000000e+00 -4.480441291043e+00
P1: -9.600000000000e+02 0.000000000000e+00 5.542562584220e+02 2.483880901544e+02 -3.600000000000e+02 5.542562584220e+02 2.204364238465e-14 -3.724755808824e+02 -1.000000000000e+00 0.000000000000e+00 6.123233995737e-17 -1.034654391340e+00
P2: 5.542562584220e+02 0.000000000000e+00 9.600000000000e+02 0.000000000000e+00 0.000000000000e+00 5.542562584220e+02 3.600000000000e+02 0.000000000000e+00 0.000000000000e+00 0.000000000000e+00 1.000000000000e+00 0.000000000000e+00
P3: 5.542562584220e+02 0.000000000000e+00 9.600000000000e+02 -4.434062963317e+02 0.000000000000e+00 5.542562584220e+02 3.600000000000e+02 0.000000000000e+00 0.000000000000e+00 0.000000000000e+00 1.000000000000e+00 0.000000000000e+00
P4: 9.600000000000e+02 0.000000000000e+00 -5.542562584220e+02 -2.234930221322e+03 3.600000000000e+02 5.542562584220e+02 2.204364238465e-14 -3.724780124790e+02 1.000000000000e+00 0.000000000000e+00 6.123233995737e-17 -1.034661145775e+00
P5: 5.542562584220e+02 9.600000000000e+02 5.878304635907e-14 2.399997047424e+04 0.000000000000e+00 9.600000000000e+02 -5.542562584220e+02 2.399997047424e+04 0.000000000000e+00 1.000000000000e+00 6.123233995737e-17 2.499996924400e+01
R0_rect: 1.000000000000e+00 0.000000000000e+00 0.000000000000e+00 0.000000000000e+00 1.000000000000e+00 0.000000000000e+00 0.000000000000e+00 0.000000000000e+00 1.000000000000e+00
Tr_velo_to_p2: 0.000000000000e+00 -1.000000000000e+00 0.000000000000e+00 4.005196312017e-06 0.000000000000e+00 0.000000000000e+00 -1.000000000000e+00 -4.999998745263e-01 1.000000000000e+00 0.000000000000e+00 0.000000000000e+00 -2.240226621298e+00
imu_to_world: -3.778208477975e-01 -9.258786682758e-01 3.140084705001e-04 -5.548513031006e+01 9.258779011847e-01 -3.778200398531e-01 1.459309159864e-03 8.036732482910e+01 -1.232504528699e-03 8.420909275993e-04 9.999988859071e-01 5.702701583505e-02
p2_to_world: -9.258786682758e-01 -3.140084705001e-04 -3.778208477975e-01 -5.633089065552e+01 -3.778200398531e-01 -1.459309159864e-03 9.258779011847e-01 8.244447326660e+01 8.420909275993e-04 -9.999988859071e-01 -1.232504528699e-03 2.092054605484e+00
