P0: -5.542562584220e+02 0.000000000000e+00 -9.600000000000e+02 -4.301225699228e+03 -4.408728476930e-14 5.542562584220e+02 -3.600000000000e+02 -1.612959637211e+03 -1.224646799147e-16 0.000000000000e+00 -1.000000000000e+00 -4.480443436696e+00
P1: -9.600000000000e+02 0.000000000000e+00 5.542562584220e+02 2.484067694784e+02 -3.600000000000e+02 5.542562584220e+02 2.204364238465e-14 -3.724694012792e+02 -1.000000000000e+00 0.000000000000e+00 6.123233995737e-17 -1.034637225776e+00
P2: 5.542562584220e+02 0.000000000000e+00 9.600000000000e+02 0.000000000000e+00 0.000000000000e+00 5.542562584220e+02 3.600000000000e+02 0.000000000000e+00 0.000000000000e+00 0.000000000000e+00 1.000000000000e+00 0.000000000000e+00
P3: 5.542562584220e+02 0.000000000000e+00 9.600000000000e+02 -4.433971758466e+02 0.000000000000e+00 5.542562584220e+02 3.600000000000e+02 0.000000000000e+00 0.000000000000e+00 0.000000000000e+00 1.000000000000e+00 0.000000000000e+00
P4: 9.600000000000e+02 0.000000000000e+00 -5.542562584220e+02 -2.234910529234e+03 3.600000000000e+02 5.542562584220e+02 2.204364238465e-14 -3.724709522931e+02 1.000000000000e+00 0.000000000000e+00 6.123233995737e-17 -1.034641534148e+00
P5: 5.542562584220e+02 9.600000000000e+02 5.878304635907e-14 2.399957015991e+04 0.000000000000e+00 9.600000000000e+02 -5.542562584220e+02 2.399957015991e+04 0.000000000000e+00 1.000000000000e+00 6.123233995737e-17 2.499955224991e+01
R0_rect: 1.000000000000e+00 0.000000000000e+00 0.000000000000e+00 0.000000000000e+00 1.000000000000e+00 0.000000000000e+00 0.000000000000e+00 0.000000000000e+00 1.000000000000e+00
Tr_velo_to_p2: 0.000000000000e+00 -1.000000000000e+00 0.000000000000e+00 2.196614963032e-06 0.000000000000e+00 0.000000000000e+00 -1.000000000000e+00 -5.000004017645e-01 1.000000000000e+00 0.000000000000e+00 0.000000000000e+00 -2.240218731822e+00
imu_to_world: -3.086662904857e-01 -9.511539009192e-01 5.601596562565e-03 -5.521221542358e+01 9.511703463073e-01 -3.086590294403e-01 2.139123818302e-03 7.987174224854e+01 -3.056526060100e-04 5.988347956173e-03 9.999820229710e-01 5.785324051976e-02
p2_to_world: -9.511539009192e-01 -5.601596562565e-03 -3.086662904857e-01 -5.589228057861e+01 -3.086590294403e-01 -2.139123818302e-03 9.511703463073e-01 8.200693511963e+01 5.988347956173e-03 -9.999820229710e-01 -3.056526060100e-04 2.094922542572e+00
