P0: -5.542562584220e+02 0.000000000000e+00 -9.600000000000e+02 -4.301222657283e+03 -4.408728476930e-14 5.542562584220e+02 -3.600000000000e+02 -1.612958496481e+03 -1.224646799147e-16 0.000000000000e+00 -1.000000000000e+00 -4.480440268003e+00
P1: -9.600000000000e+02 0.000000000000e+00 5.542562584220e+02 2.483893910817e+02 -3.600000000000e+02 5.542562584220e+02 2.204364238465e-14 -3.724765804940e+02 -1.000000000000e+00 0.000000000000e+00 6.123233995737e-17 -1.034657168039e+00
P2: 5.542562584220e+02 0.000000000000e+00 9.600000000000e+02 0.000000000000e+00 0.000000000000e+00 5.542562584220e+02 3.600000000000e+02 0.000000000000e+00 0.000000000000e+00 0.000000000000e+00 1.000000000000e+00 0.000000000000e+00
P3: 5.542562584220e+02 0.000000000000e+00 9.600000000000e+02 -4.434080528603e+02 0.000000000000e+00 5.542562584220e+02 3.600000000000e+02 0.000000000000e+00 0.000000000000e+00 0.000000000000e+00 1.000000000000e+00 0.000000000000e+00
P4: 9.600000000000e+02 0.000000000000e+00 -5.542562584220e+02 -2.234927390401e+03 3.600000000000e+02 5.542562584220e+02 2.204364238465e-14 -3.724762840359e+02 1.000000000000e+00 0.000000000000e+00 6.123233995737e-17 -1.034656344544e+00
P5: 5.542562584220e+02 9.600000000000e+02 5.878304635907e-14 2.399997253418e+04 0.000000000000e+00 9.600000000000e+02 -5.542562584220e+02 2.399997253418e+04 0.000000000000e+00 1.000000000000e+00 6.123233995737e-17 2.499997138977e+01
R0_rect: 1.000000000000e+00 0.000000000000e+00 0.000000000000e+00 0.000000000000e+00 1.000000000000e+00 0.000000000000e+00 0.000000000000e+00 0.000000000000e+00 1.000000000000e+00
Tr_velo_to_p2: 0.000000000000e+00 -1.000000000000e+00 0.000000000000e+00 -7.343879778985e-07 0.000000000000e+00 0.000000000000e+00 -1.000000000000e+00 -4.999999832078e-01 1.000000000000e+00 0.000000000000e+00 0.000000000000e+00 -2.240225111296e+00
imu_to_world: -3.778746147012e-01 -9.258567221889e-01 3.248723741305e-04 -5.548537063599e+01 9.258559986406e-01 -3.778738172422e-01 1.431091874329e-03 8.036782073975e+01 -1.202225267788e-03 8.415583269952e-04 9.999989232164e-01 5.701217427850e-02
p2_to_world: -9.258567221889e-01 -3.248723741305e-04 -3.778746147012e-01 -5.633123016357e+01 -3.778738172422e-01 -1.431091874329e-03 9.258559986406e-01 8.244486236572e+01 8.415583269952e-04 -9.999989232164e-01 -1.202225267788e-03 2.092107772827e+00
