P0: -5.542562584220e+02 0.000000000000e+00 -9.600000000000e+02 -4.301216110769e+03 -4.408728476930e-14 5.542562584220e+02 -3.600000000000e+02 -1.612956041539e+03 -1.224646799147e-16 0.000000000000e+00 -1.000000000000e+00 -4.480433448718e+00
P1: -9.600000000000e+02 0.000000000000e+00 5.542562584220e+02 2.483812154434e+02 -3.600000000000e+02 5.542562584220e+02 2.204364238465e-14 -3.724778696556e+02 -1.000000000000e+00 0.000000000000e+00 6.123233995737e-17 -1.034660749043e+00
P2: 5.542562584220e+02 0.000000000000e+00 9.600000000000e+02 0.000000000000e+00 0.000000000000e+00 5.542562584220e+02 3.600000000000e+02 0.000000000000e+00 0.000000000000e+00 0.000000000000e+00 1.000000000000e+00 0.000000000000e+00
P3: 5.542562584220e+02 0.000000000000e+00 9.600000000000e+02 -4.434046133117e+02 0.000000000000e+00 5.542562584220e+02 3.600000000000e+02 0.000000000000e+00 0.000000000000e+00 0.000000000000e+00 1.000000000000e+00 0.000000000000e+00
P4: 9.600000000000e+02 0.000000000000e+00 -5.542562584220e+02 -2.234920578627e+03 3.600000000000e+02 5.542562584220e+02 2.204364238465e-14 -3.724753322357e+02 1.000000000000e+00 0.000000000000e+00 6.123233995737e-17 -1.034653700655e+00
P5: 5.542562584220e+02 9.600000000000e+02 5.878304635907e-14 2.399999954224e+04 0.000000000000e+00 9.600000000000e+02 -5.542562584220e+02 2.399999954224e+04 0.000000000000e+00 1.000000000000e+00 6.123233995737e-17 2.499999952316e+01
R0_rect: 1.000000000000e+00 0.000000000000e+00 0.000000000000e+00 0.000000000000e+00 1.000000000000e+00 0.000000000000e+00 0.000000000000e+00 0.000000000000e+00 1.000000000000e+00
Tr_velo_to_p2: 0.000000000000e+00 -1.000000000000e+00 0.000000000000e+00 -1.545894702020e-06 0.000000000000e+00 0.000000000000e+00 -1.000000000000e+00 -5.000000273571e-01 1.000000000000e+00 0.000000000000e+00 0.000000000000e+00 -2.240215610591e+00
imu_to_world: -1.329635236266e-01 -9.911209317604e-01 -3.344293747610e-06 -5.465074920654e+01 9.911209317488e-01 -1.329635236434e-01 5.444931962890e-06 7.838059234619e+01 -5.841255121213e-06 -2.590622195480e-06 9.999999999796e-01 5.847118422389e-02
p2_to_world: -9.911209317604e-01 3.344293747610e-06 -1.329635236266e-01 -5.494862747192e+01 -1.329635236434e-01 -5.444931962890e-06 9.911209317488e-01 8.060092926025e+01 -2.590622195480e-06 -9.999999999796e-01 -5.841255121213e-06 2.096249103546e+00
