P0: -5.542562584220e+02 0.000000000000e+00 -9.600000000000e+02 -4.301210076727e+03 -4.408728476930e-14 5.542562584220e+02 -3.600000000000e+02 -1.612953778773e+03 -1.224646799147e-16 0.000000000000e+00 -1.000000000000e+00 -4.480427163257e+00
P1: -9.600000000000e+02 0.000000000000e+00 5.542562584220e+02 2.483839995368e+02 -3.600000000000e+02 5.542562584220e+02 2.204364238465e-14 -3.724753470984e+02 -1.000000000000e+00 0.000000000000e+00 6.123233995737e-17 -1.034653741940e+00
P2: 5.542562584220e+02 0.000000000000e+00 9.600000000000e+02 0.000000000000e+00 0.000000000000e+00 5.542562584220e+02 3.600000000000e+02 0.000000000000e+00 0.000000000000e+00 0.000000000000e+00 1.000000000000e+00 0.000000000000e+00
P3: 5.542562584220e+02 0.000000000000e+00 9.600000000000e+02 -4.434046986623e+02 0.000000000000e+00 5.542562584220e+02 3.600000000000e+02 0.000000000000e+00 0.000000000000e+00 0.000000000000e+00 1.000000000000e+00 0.000000000000e+00
P4: 9.600000000000e+02 0.000000000000e+00 -5.542562584220e+02 -2.234923538870e+03 3.600000000000e+02 5.542562584220e+02 2.204364238465e-14 -3.724769747623e+02 1.000000000000e+00 0.000000000000e+00 6.123233995737e-17 -1.034658263229e+00
P5: 5.542562584220e+02 9.600000000000e+02 5.878304635907e-14 2.399997528076e+04 0.000000000000e+00 9.600000000000e+02 -5.542562584220e+02 2.399997528076e+04 0.000000000000e+00 1.000000000000e+00 6.123233995737e-17 2.499997425079e+01
R0_rect: 1.000000000000e+00 0.000000000000e+00 0.000000000000e+00 0.000000000000e+00 1.000000000000e+00 0.000000000000e+00 0.000000000000e+00 0.000000000000e+00 1.000000000000e+00
Tr_velo_to_p2: 0.000000000000e+00 -1.000000000000e+00 0.000000000000e+00 -1.759533919370e-06 0.000000000000e+00 0.000000000000e+00 -1.000000000000e+00 -5.000003077467e-01 1.000000000000e+00 0.000000000000e+00 0.000000000000e+00 -2.240210636077e+00
imu_to_world: -3.778208495158e-01 -9.258786671001e-01 3.154047168214e-04 -5.548513031006e+01 9.258779053955e-01 -3.778200427344e-01 1.455887555098e-03 8.036732482910e+01 -1.228809005373e-03 8.420909314290e-04 9.999988904550e-01 5.702529847622e-02
p2_to_world: -9.258786671001e-01 -3.154047168214e-04 -3.778208495158e-01 -5.633088684082e+01 -3.778200427344e-01 -1.455887555098e-03 9.258779053955e-01 8.244445800781e+01 8.420909314290e-04 -9.999988904550e-01 -1.228809005373e-03 2.092061042786e+00
