P0: -5.542562584220e+02 0.000000000000e+00 -9.600000000000e+02 -4.301209462003e+03 -4.408728476930e-14 5.542562584220e+02 -3.600000000000e+02 -1.612953548251e+03 -1.224646799147e-16 0.000000000000e+00 -1.000000000000e+00 -4.480426522920e+00
P1: -9.600000000000e+02 0.000000000000e+00 5.542562584220e+02 2.483831420509e+02 -3.600000000000e+02 5.542562584220e+02 2.204364238465e-14 -3.724759333788e+02 -1.000000000000e+00 0.000000000000e+00 6.123233995737e-17 -1.034655370497e+00
P2: 5.542562584220e+02 0.000000000000e+00 9.600000000000e+02 0.000000000000e+00 0.000000000000e+00 5.542562584220e+02 3.600000000000e+02 0.000000000000e+00 0.000000000000e+00 0.000000000000e+00 1.000000000000e+00 0.000000000000e+00
P3: 5.542562584220e+02 0.000000000000e+00 9.600000000000e+02 -4.434027980320e+02 0.000000000000e+00 5.542562584220e+02 3.600000000000e+02 0.000000000000e+00 0.000000000000e+00 0.000000000000e+00 1.000000000000e+00 0.000000000000e+00
P4: 9.600000000000e+02 0.000000000000e+00 -5.542562584220e+02 -2.234920211608e+03 3.600000000000e+02 5.542562584220e+02 2.204364238465e-14 -3.724761354618e+02 1.000000000000e+00 0.000000000000e+00 6.123233995737e-17 -1.034655931838e+00
P5: 5.542562584220e+02 9.600000000000e+02 5.878304635907e-14 2.399996520996e+04 0.000000000000e+00 9.600000000000e+02 -5.542562584220e+02 2.399996520996e+04 0.000000000000e+00 1.000000000000e+00 6.123233995737e-17 2.499996376038e+01
R0_rect: 1.000000000000e+00 0.000000000000e+00 0.000000000000e+00 0.000000000000e+00 1.000000000000e+00 0.000000000000e+00 0.000000000000e+00 0.000000000000e+00 1.000000000000e+00
Tr_velo_to_p2: 0.000000000000e+00 -1.000000000000e+00 0.000000000000e+00 -4.339648171226e-06 0.000000000000e+00 0.000000000000e+00 -1.000000000000e+00 -5.000002461074e-01 1.000000000000e+00 0.000000000000e+00 0.000000000000e+00 -2.240208703770e+00
imu_to_world: -3.845105458804e-01 -9.231203528772e-01 6.739515193000e-04 -5.550876235962e+01 9.231199141350e-01 -3.845092689259e-01 1.498745310560e-03 8.040620422363e+01 -1.124381693980e-03 1.198421446127e-03 9.999986497750e-01 5.690525099635e-02
p2_to_world: -9.231203528772e-01 -6.739515193000e-04 -3.845105458804e-01 -5.636877822876e+01 -3.845092689259e-01 -1.498745310560e-03 9.231199141350e-01 8.247724151611e+01 1.198421446127e-03 -9.999986497750e-01 -1.124381693980e-03 2.092174530029e+00
