P0: -5.542562584220e+02 0.000000000000e+00 -9.600000000000e+02 -4.301216858064e+03 -4.408728476930e-14 5.542562584220e+02 -3.600000000000e+02 -1.612956321774e+03 -1.224646799147e-16 0.000000000000e+00 -1.000000000000e+00 -4.480434227150e+00
P1: -9.600000000000e+02 0.000000000000e+00 5.542562584220e+02 2.483880901544e+02 -3.600000000000e+02 5.542562584220e+02 2.204364238465e-14 -3.724755808824e+02 -1.000000000000e+00 0.000000000000e+00 6.123233995737e-17 -1.034654391340e+00
P2: 5.542562584220e+02 0.000000000000e+00 9.600000000000e+02 0.000000000000e+00 0.000000000000e+00 5.542562584220e+02 3.600000000000e+02 0.000000000000e+00 0.000000000000e+00 0.000000000000e+00 1.000000000000e+00 0.000000000000e+00
P3: 5.542562584220e+02 0.000000000000e+00 9.600000000000e+02 -4.434027410588e+02 0.000000000000e+00 5.542562584220e+02 3.600000000000e+02 0.000000000000e+00 0.000000000000e+00 0.000000000000e+00 1.000000000000e+00 0.000000000000e+00
P4: 9.600000000000e+02 0.000000000000e+00 -5.542562584220e+02 -2.234927629488e+03 3.600000000000e+02 5.542562584220e+02 2.204364238465e-14 -3.724767409782e+02 1.000000000000e+00 0.000000000000e+00 6.123233995737e-17 -1.034657613828e+00
P5: 5.542562584220e+02 9.600000000000e+02 5.878304635907e-14 2.399997276306e+04 0.000000000000e+00 9.600000000000e+02 -5.542562584220e+02 2.399997276306e+04 0.000000000000e+00 1.000000000000e+00 6.123233995737e-17 2.499997162819e+01
R0_rect: 1.000000000000e+00 0.000000000000e+00 0.000000000000e+00 0.000000000000e+00 1.000000000000e+00 0.000000000000e+00 0.000000000000e+00 0.000000000000e+00 1.000000000000e+00
Tr_velo_to_p2: 0.000000000000e+00 -1.000000000000e+00 0.000000000000e+00 -2.525884261303e-06 0.000000000000e+00 0.000000000000e+00 -1.000000000000e+00 -5.000000915803e-01 1.000000000000e+00 0.000000000000e+00 0.000000000000e+00 -2.240219076075e+00
imu_to_world: -3.778208573753e-01 -9.258786613330e-01 3.228317177878e-04 -5.548513412476e+01 9.258779246558e-01 -3.778200544912e-01 1.440506633553e-03 8.036734008789e+01 -1.211762056309e-03 8.431562122221e-04 9.999989103596e-01 5.701812729239e-02
p2_to_world: -9.258786613330e-01 -3.228317177878e-04 -3.778208573753e-01 -5.633087921143e+01 -3.778200544912e-01 -1.440506633553e-03 9.258779246558e-01 8.244444274902e+01 8.431562122221e-04 -9.999989103596e-01 -1.211762056309e-03 2.092092275620e+00
