P0: -5.542562584220e+02 0.000000000000e+00 -9.600000000000e+02 -4.301207817911e+03 -4.408728476930e-14 5.542562584220e+02 -3.600000000000e+02 -1.612952931717e+03 -1.224646799147e-16 0.000000000000e+00 -1.000000000000e+00 -4.480424810324e+00
P1: -9.600000000000e+02 0.000000000000e+00 5.542562584220e+02 2.483735856516e+02 -3.600000000000e+02 5.542562584220e+02 2.204364238465e-14 -3.724780104415e+02 -1.000000000000e+00 0.000000000000e+00 6.123233995737e-17 -1.034661140115e+00
P2: 5.542562584220e+02 0.000000000000e+00 9.600000000000e+02 0.000000000000e+00 0.000000000000e+00 5.542562584220e+02 3.600000000000e+02 0.000000000000e+00 0.000000000000e+00 0.000000000000e+00 1.000000000000e+00 0.000000000000e+00
P3: 5.542562584220e+02 0.000000000000e+00 9.600000000000e+02 -4.434063441618e+02 0.000000000000e+00 5.542562584220e+02 3.600000000000e+02 0.000000000000e+00 0.000000000000e+00 0.000000000000e+00 1.000000000000e+00 0.000000000000e+00
P4: 9.600000000000e+02 0.000000000000e+00 -5.542562584220e+02 -2.234918470165e+03 3.600000000000e+02 5.542562584220e+02 2.204364238465e-14 -3.724751865225e+02 1.000000000000e+00 0.000000000000e+00 6.123233995737e-17 -1.034653295896e+00
P5: 5.542562584220e+02 9.600000000000e+02 5.878304635907e-14 2.399995056152e+04 0.000000000000e+00 9.600000000000e+02 -5.542562584220e+02 2.399995056152e+04 0.000000000000e+00 1.000000000000e+00 6.123233995737e-17 2.499994850159e+01
R0_rect: 1.000000000000e+00 0.000000000000e+00 0.000000000000e+00 0.000000000000e+00 1.000000000000e+00 0.000000000000e+00 0.000000000000e+00 0.000000000000e+00 1.000000000000e+00
Tr_velo_to_p2: 0.000000000000e+00 -1.000000000000e+00 0.000000000000e+00 -2.259498349642e-06 0.000000000000e+00 0.000000000000e+00 -1.000000000000e+00 -4.999999270128e-01 1.000000000000e+00 0.000000000000e+00 0.000000000000e+00 -2.240218017551e+00
imu_to_world: -3.835432828259e-01 -9.235227804341e-01 -4.735171023924e-04 -5.550473403931e+01 9.235207329058e-01 -3.835434428699e-01 1.970615275428e-03 8.039983367920e+01 -2.001522478038e-03 3.185133904797e-04 9.999979462264e-01 5.731533095241e-02
p2_to_world: -9.235227804341e-01 4.735171023924e-04 -3.835432828259e-01 -5.636492156982e+01 -3.835434428699e-01 -1.970615275428e-03 9.235207329058e-01 8.247273254395e+01 3.185133904797e-04 -9.999979462264e-01 -2.001522478038e-03 2.090618133545e+00
