P0: -5.542562584220e+02 0.000000000000e+00 -9.600000000000e+02 -4.300916100612e+03 -4.408728476930e-14 5.542562584220e+02 -3.600000000000e+02 -1.612843537730e+03 -1.224646799147e-16 0.000000000000e+00 -1.000000000000e+00 -4.480120938138e+00
P1: -9.600000000000e+02 0.000000000000e+00 5.542562584220e+02 2.482721198770e+02 -3.600000000000e+02 5.542562584220e+02 2.204364238465e-14 -3.724634880470e+02 -1.000000000000e+00 0.000000000000e+00 6.123233995737e-17 -1.034620800131e+00
P2: 5.542562584220e+02 0.000000000000e+00 9.600000000000e+02 0.000000000000e+00 0.000000000000e+00 5.542562584220e+02 3.600000000000e+02 0.000000000000e+00 0.000000000000e+00 0.000000000000e+00 1.000000000000e+00 0.000000000000e+00
P3: 5.542562584220e+02 0.000000000000e+00 9.600000000000e+02 -4.433880392649e+02 0.000000000000e+00 5.542562584220e+02 3.600000000000e+02 0.000000000000e+00 0.000000000000e+00 0.000000000000e+00 1.000000000000e+00 0.000000000000e+00
P4: 9.600000000000e+02 0.000000000000e+00 -5.542562584220e+02 -2.234862170192e+03 3.600000000000e+02 5.542562584220e+02 2.204364238465e-14 -3.724631961538e+02 1.000000000000e+00 0.000000000000e+00 6.123233995737e-17 -1.034619989316e+00
P5: 5.542562584220e+02 9.600000000000e+02 5.878304635907e-14 2.399741157532e+04 0.000000000000e+00 9.600000000000e+02 -5.542562584220e+02 2.399741157532e+04 0.000000000000e+00 1.000000000000e+00 6.123233995737e-17 2.499730372429e+01
R0_rect: 1.000000000000e+00 0.000000000000e+00 0.000000000000e+00 0.000000000000e+00 1.000000000000e+00 0.000000000000e+00 0.000000000000e+00 0.000000000000e+00 1.000000000000e+00
Tr_velo_to_p2: 0.000000000000e+00 -1.000000000000e+00 0.000000000000e+00 3.749561399969e-06 0.000000000000e+00 0.000000000000e+00 -1.000000000000e+00 -4.999997612541e-01 1.000000000000e+00 0.000000000000e+00 0.000000000000e+00 -2.240220610177e+00
imu_to_world: -4.527778475341e-01 -8.915279799043e-01 1.304154247453e-02 -5.583414077759e+01 8.915435714954e-01 -4.528845731510e-01 -6.754519011483e-03 8.087815093994e+01 1.192815608634e-02 8.568806776407e-03 9.998921415047e-01 5.028457567096e-02
p2_to_world: -8.915279799043e-01 -1.304154247453e-02 -4.527778475341e-01 -5.682188415527e+01 -4.528845731510e-01 6.754519011483e-03 8.915435714954e-01 8.286164093018e+01 8.568806776407e-03 -9.998921415047e-01 1.192815608634e-02 2.114577531815e+00
