P0: -5.542562584220e+02 0.000000000000e+00 -9.600000000000e+02 -4.301206411937e+03 -4.408728476930e-14 5.542562584220e+02 -3.600000000000e+02 -1.612952404476e+03 -1.224646799147e-16 0.000000000000e+00 -1.000000000000e+00 -4.480423345767e+00
P1: -9.600000000000e+02 0.000000000000e+00 5.542562584220e+02 2.483919595249e+02 -3.600000000000e+02 5.542562584220e+02 2.204364238465e-14 -3.724705003808e+02 -1.000000000000e+00 0.000000000000e+00 6.123233995737e-17 -1.034640278836e+00
P2: 5.542562584220e+02 0.000000000000e+00 9.600000000000e+02 0.000000000000e+00 0.000000000000e+00 5.542562584220e+02 3.600000000000e+02 0.000000000000e+00 0.000000000000e+00 0.000000000000e+00 1.000000000000e+00 0.000000000000e+00
P3: 5.542562584220e+02 0.000000000000e+00 9.600000000000e+02 -4.433946538242e+02 0.000000000000e+00 5.542562584220e+02 3.600000000000e+02 0.000000000000e+00 0.000000000000e+00 0.000000000000e+00 1.000000000000e+00 0.000000000000e+00
P4: 9.600000000000e+02 0.000000000000e+00 -5.542562584220e+02 -2.234909956605e+03 3.600000000000e+02 5.542562584220e+02 2.204364238465e-14 -3.724684690410e+02 1.000000000000e+00 0.000000000000e+00 6.123233995737e-17 -1.034634636225e+00
P5: 5.542562584220e+02 9.600000000000e+02 5.878304635907e-14 2.399947608948e+04 0.000000000000e+00 9.600000000000e+02 -5.542562584220e+02 2.399947608948e+04 0.000000000000e+00 1.000000000000e+00 6.123233995737e-17 2.499945425987e+01
R0_rect: 1.000000000000e+00 0.000000000000e+00 0.000000000000e+00 0.000000000000e+00 1.000000000000e+00 0.000000000000e+00 0.000000000000e+00 0.000000000000e+00 1.000000000000e+00
Tr_velo_to_p2: 0.000000000000e+00 -1.000000000000e+00 0.000000000000e+00 1.128328267394e-06 0.000000000000e+00 0.000000000000e+00 -1.000000000000e+00 -4.999997672087e-01 1.000000000000e+00 0.000000000000e+00 0.000000000000e+00 -2.240218134349e+00
imu_to_world: -2.820091986467e-01 -9.593889698698e-01 6.604269136691e-03 -5.511636734009e+01 9.594097601705e-01 -2.820157924231e-01 -7.009714079351e-05 7.967925262451e+01 1.929758617656e-03 6.316432230031e-03 9.999781891199e-01 5.725006014109e-02
p2_to_world: -9.593889698698e-01 -6.604269136691e-03 -2.820091986467e-01 -5.573467254639e+01 -2.820157924231e-01 7.009714079351e-05 9.594097601705e-01 8.182839965820e+01 6.316432230031e-03 -9.999781891199e-01 1.929758617656e-03 2.099319696426e+00
