P0: -5.542562584220e+02 0.000000000000e+00 -9.600000000000e+02 -4.301216858064e+03 -4.408728476930e-14 5.542562584220e+02 -3.600000000000e+02 -1.612956321774e+03 -1.224646799147e-16 0.000000000000e+00 -1.000000000000e+00 -4.480434227150e+00
P1: -9.600000000000e+02 0.000000000000e+00 5.542562584220e+02 2.483854983204e+02 -3.600000000000e+02 5.542562584220e+02 2.204364238465e-14 -3.724768523832e+02 -1.000000000000e+00 0.000000000000e+00 6.123233995737e-17 -1.034657923287e+00
P2: 5.542562584220e+02 0.000000000000e+00 9.600000000000e+02 0.000000000000e+00 0.000000000000e+00 5.542562584220e+02 3.600000000000e+02 0.000000000000e+00 0.000000000000e+00 0.000000000000e+00 1.000000000000e+00 0.000000000000e+00
P3: 5.542562584220e+02 0.000000000000e+00 9.600000000000e+02 -4.434062963317e+02 0.000000000000e+00 5.542562584220e+02 3.600000000000e+02 0.000000000000e+00 0.000000000000e+00 0.000000000000e+00 1.000000000000e+00 0.000000000000e+00
P4: 9.600000000000e+02 0.000000000000e+00 -5.542562584220e+02 -2.234927629488e+03 3.600000000000e+02 5.542562584220e+02 2.204364238465e-14 -3.724767409782e+02 1.000000000000e+00 0.000000000000e+00 6.123233995737e-17 -1.034657613828e+00
P5: 5.542562584220e+02 9.600000000000e+02 5.878304635907e-14 2.399998100281e+04 0.000000000000e+00 9.600000000000e+02 -5.542562584220e+02 2.399998100281e+04 0.000000000000e+00 1.000000000000e+00 6.123233995737e-17 2.499998021126e+01
R0_rect: 1.000000000000e+00 0.000000000000e+00 0.000000000000e+00 0.000000000000e+00 1.000000000000e+00 0.000000000000e+00 0.000000000000e+00 0.000000000000e+00 1.000000000000e+00
Tr_velo_to_p2: 0.000000000000e+00 -1.000000000000e+00 0.000000000000e+00 1.094824564061e-06 0.000000000000e+00 0.000000000000e+00 -1.000000000000e+00 -5.000003912836e-01 1.000000000000e+00 0.000000000000e+00 0.000000000000e+00 -2.240220327989e+00
imu_to_world: -3.778209685754e-01 -9.258785736486e-01 4.272740214597e-04 -5.548519897461e+01 9.258781971599e-01 -3.778202669903e-01 1.187381684729e-03 8.036742401123e+01 -9.379384757671e-04 8.442213988753e-04 9.999992037805e-01 5.689933523536e-02
p2_to_world: -9.258785736486e-01 -4.272740214597e-04 -3.778209685754e-01 -5.633073043823e+01 -3.778202669903e-01 -1.187381684729e-03 9.258781971599e-01 8.244401550293e+01 8.442213988753e-04 -9.999992037805e-01 -9.379384757671e-04 2.092587232590e+00
