P0: -5.542562584220e+02 0.000000000000e+00 -9.600000000000e+02 -4.300993560641e+03 -4.408728476930e-14 5.542562584220e+02 -3.600000000000e+02 -1.612872585240e+03 -1.224646799147e-16 0.000000000000e+00 -1.000000000000e+00 -4.480201625668e+00
P1: -9.600000000000e+02 0.000000000000e+00 5.542562584220e+02 2.483030479851e+02 -3.600000000000e+02 5.542562584220e+02 2.204364238465e-14 -3.724684451104e+02 -1.000000000000e+00 0.000000000000e+00 6.123233995737e-17 -1.034634569751e+00
P2: 5.542562584220e+02 0.000000000000e+00 9.600000000000e+02 0.000000000000e+00 0.000000000000e+00 5.542562584220e+02 3.600000000000e+02 0.000000000000e+00 0.000000000000e+00 0.000000000000e+00 1.000000000000e+00 0.000000000000e+00
P3: 5.542562584220e+02 0.000000000000e+00 9.600000000000e+02 -4.433966111503e+02 0.000000000000e+00 5.542562584220e+02 3.600000000000e+02 0.000000000000e+00 0.000000000000e+00 0.000000000000e+00 1.000000000000e+00 0.000000000000e+00
P4: 9.600000000000e+02 0.000000000000e+00 -5.542562584220e+02 -2.234881338299e+03 3.600000000000e+02 5.542562584220e+02 2.204364238465e-14 -3.724683971439e+02 1.000000000000e+00 0.000000000000e+00 6.123233995737e-17 -1.034634436511e+00
P5: 5.542562584220e+02 9.600000000000e+02 5.878304635907e-14 2.399819297791e+04 0.000000000000e+00 9.600000000000e+02 -5.542562584220e+02 2.399819297791e+04 0.000000000000e+00 1.000000000000e+00 6.123233995737e-17 2.499811768532e+01
R0_rect: 1.000000000000e+00 0.000000000000e+00 0.000000000000e+00 0.000000000000e+00 1.000000000000e+00 0.000000000000e+00 0.000000000000e+00 0.000000000000e+00 1.000000000000e+00
Tr_velo_to_p2: 0.000000000000e+00 -1.000000000000e+00 0.000000000000e+00 2.681370774260e-06 0.000000000000e+00 0.000000000000e+00 -1.000000000000e+00 -4.999999660088e-01 1.000000000000e+00 0.000000000000e+00 0.000000000000e+00 -2.240222858979e+00
imu_to_world: -4.120143229984e-01 -9.111186616975e-01 1.034320795265e-02 -5.563623428345e+01 9.111194461825e-01 -4.120895793903e-01 -6.597980455476e-03 8.059823608398e+01 1.027387133725e-02 6.705435451053e-03 9.999247395195e-01 5.160720646381e-02
p2_to_world: -9.111186616975e-01 -1.034320795265e-02 -4.120143229984e-01 -5.653815841675e+01 -4.120895793903e-01 6.597980455476e-03 9.111194461825e-01 8.262590026855e+01 6.705435451053e-03 -9.999247395195e-01 1.027387133725e-02 2.112260580063e+00
