P0: -5.542562584220e+02 0.000000000000e+00 -9.600000000000e+02 -4.301215876106e+03 -4.408728476930e-14 5.542562584220e+02 -3.600000000000e+02 -1.612955953540e+03 -1.224646799147e-16 0.000000000000e+00 -1.000000000000e+00 -4.480433204277e+00
P1: -9.600000000000e+02 0.000000000000e+00 5.542562584220e+02 2.483852999691e+02 -3.600000000000e+02 5.542562584220e+02 2.204364238465e-14 -3.724763468877e+02 -1.000000000000e+00 0.000000000000e+00 6.123233995737e-17 -1.034656519133e+00
P2: 5.542562584220e+02 0.000000000000e+00 9.600000000000e+02 0.000000000000e+00 0.000000000000e+00 5.542562584220e+02 3.600000000000e+02 0.000000000000e+00 0.000000000000e+00 0.000000000000e+00 1.000000000000e+00 0.000000000000e+00
P3: 5.542562584220e+02 0.000000000000e+00 9.600000000000e+02 -4.434064549636e+02 0.000000000000e+00 5.542562584220e+02 3.600000000000e+02 0.000000000000e+00 0.000000000000e+00 0.000000000000e+00 1.000000000000e+00 0.000000000000e+00
P4: 9.600000000000e+02 0.000000000000e+00 -5.542562584220e+02 -2.234920707649e+03 3.600000000000e+02 5.542562584220e+02 2.204364238465e-14 -3.724752461715e+02 1.000000000000e+00 0.000000000000e+00 6.123233995737e-17 -1.034653461588e+00
P5: 5.542562584220e+02 9.600000000000e+02 5.878304635907e-14 2.399997459412e+04 0.000000000000e+00 9.600000000000e+02 -5.542562584220e+02 2.399997459412e+04 0.000000000000e+00 1.000000000000e+00 6.123233995737e-17 2.499997353554e+01
R0_rect: 1.000000000000e+00 0.000000000000e+00 0.000000000000e+00 0.000000000000e+00 1.000000000000e+00 0.000000000000e+00 0.000000000000e+00 0.000000000000e+00 1.000000000000e+00
Tr_velo_to_p2: 0.000000000000e+00 -1.000000000000e+00 0.000000000000e+00 1.465949568557e-06 0.000000000000e+00 0.000000000000e+00 -1.000000000000e+00 -5.000001249665e-01 1.000000000000e+00 0.000000000000e+00 0.000000000000e+00 -2.240223370406e+00
imu_to_world: -3.778746149718e-01 -9.258567228619e-01 3.226317463317e-04 -5.548537063599e+01 9.258559993038e-01 -3.778738215152e-01 1.429533713099e-03 8.036782073975e+01 -1.201629307902e-03 8.388950393337e-04 9.999989261705e-01 5.701457709074e-02
p2_to_world: -9.258567228619e-01 -3.226317463317e-04 -3.778746149718e-01 -5.633123397827e+01 -3.778738215152e-01 -1.429533713099e-03 9.258559993038e-01 8.244485473633e+01 8.388950393337e-04 -9.999989261705e-01 -1.201629307902e-03 2.092111349106e+00
