P0: -5.542562584220e+02 0.000000000000e+00 -9.600000000000e+02 -4.301208406343e+03 -4.408728476930e-14 5.542562584220e+02 -3.600000000000e+02 -1.612953152379e+03 -1.224646799147e-16 0.000000000000e+00 -1.000000000000e+00 -4.480425423274e+00
P1: -9.600000000000e+02 0.000000000000e+00 5.542562584220e+02 2.483803326670e+02 -3.600000000000e+02 5.542562584220e+02 2.204364238465e-14 -3.724743197269e+02 -1.000000000000e+00 0.000000000000e+00 6.123233995737e-17 -1.034650888130e+00
P2: 5.542562584220e+02 0.000000000000e+00 9.600000000000e+02 0.000000000000e+00 0.000000000000e+00 5.542562584220e+02 3.600000000000e+02 0.000000000000e+00 0.000000000000e+00 0.000000000000e+00 1.000000000000e+00 0.000000000000e+00
P3: 5.542562584220e+02 0.000000000000e+00 9.600000000000e+02 -4.434044836513e+02 0.000000000000e+00 5.542562584220e+02 3.600000000000e+02 0.000000000000e+00 0.000000000000e+00 0.000000000000e+00 1.000000000000e+00 0.000000000000e+00
P4: 9.600000000000e+02 0.000000000000e+00 -5.542562584220e+02 -2.234920388463e+03 3.600000000000e+02 5.542562584220e+02 2.204364238465e-14 -3.724749225309e+02 1.000000000000e+00 0.000000000000e+00 6.123233995737e-17 -1.034652562586e+00
P5: 5.542562584220e+02 9.600000000000e+02 5.878304635907e-14 2.399986907959e+04 0.000000000000e+00 9.600000000000e+02 -5.542562584220e+02 2.399986907959e+04 0.000000000000e+00 1.000000000000e+00 6.123233995737e-17 2.499986362457e+01
R0_rect: 1.000000000000e+00 0.000000000000e+00 0.000000000000e+00 0.000000000000e+00 1.000000000000e+00 0.000000000000e+00 0.000000000000e+00 0.000000000000e+00 1.000000000000e+00
Tr_velo_to_p2: 0.000000000000e+00 -1.000000000000e+00 0.000000000000e+00 4.303451253179e-06 0.000000000000e+00 0.000000000000e+00 -1.000000000000e+00 -4.999999495972e-01 1.000000000000e+00 0.000000000000e+00 0.000000000000e+00 -2.240214497695e+00
imu_to_world: -3.876073728753e-01 -9.218191199180e-01 3.167750975577e-03 -5.552733612061e+01 9.218222765794e-01 -3.876117762845e-01 -8.951466284173e-04 8.043595123291e+01 2.053020859676e-03 2.573137982964e-03 9.999945820185e-01 5.547836050391e-02
p2_to_world: -9.218191199180e-01 -3.167750975577e-03 -3.876073728753e-01 -5.638920593262e+01 -3.876117762845e-01 8.951466284173e-04 9.218222765794e-01 8.249920654297e+01 2.573137982964e-03 -9.999945820185e-01 2.053020859676e-03 2.097857475281e+00
