P0: -5.542562584220e+02 0.000000000000e+00 -9.600000000000e+02 -4.301214649995e+03 -4.408728476930e-14 5.542562584220e+02 -3.600000000000e+02 -1.612955493748e+03 -1.224646799147e-16 0.000000000000e+00 -1.000000000000e+00 -4.480431927078e+00
P1: -9.600000000000e+02 0.000000000000e+00 5.542562584220e+02 2.483842850529e+02 -3.600000000000e+02 5.542562584220e+02 2.204364238465e-14 -3.724762213515e+02 -1.000000000000e+00 0.000000000000e+00 6.123233995737e-17 -1.034656170421e+00
P2: 5.542562584220e+02 0.000000000000e+00 9.600000000000e+02 0.000000000000e+00 0.000000000000e+00 5.542562584220e+02 3.600000000000e+02 0.000000000000e+00 0.000000000000e+00 0.000000000000e+00 1.000000000000e+00 0.000000000000e+00
P3: 5.542562584220e+02 0.000000000000e+00 9.600000000000e+02 -4.434046133126e+02 0.000000000000e+00 5.542562584220e+02 3.600000000000e+02 0.000000000000e+00 0.000000000000e+00 0.000000000000e+00 1.000000000000e+00 0.000000000000e+00
P4: 9.600000000000e+02 0.000000000000e+00 -5.542562584220e+02 -2.234925175470e+03 3.600000000000e+02 5.542562584220e+02 2.204364238465e-14 -3.724769805413e+02 1.000000000000e+00 0.000000000000e+00 6.123233995737e-17 -1.034658279282e+00
P5: 5.542562584220e+02 9.600000000000e+02 5.878304635907e-14 2.400000183105e+04 0.000000000000e+00 9.600000000000e+02 -5.542562584220e+02 2.400000183105e+04 0.000000000000e+00 1.000000000000e+00 6.123233995737e-17 2.500000190735e+01
R0_rect: 1.000000000000e+00 0.000000000000e+00 0.000000000000e+00 0.000000000000e+00 1.000000000000e+00 0.000000000000e+00 0.000000000000e+00 0.000000000000e+00 1.000000000000e+00
Tr_velo_to_p2: 0.000000000000e+00 -1.000000000000e+00 0.000000000000e+00 -2.071791477031e-06 0.000000000000e+00 0.000000000000e+00 -1.000000000000e+00 -5.000001484616e-01 1.000000000000e+00 0.000000000000e+00 0.000000000000e+00 -2.240215594945e+00
imu_to_world: -1.329622038317e-01 -9.911211088207e-01 1.530661257550e-06 -5.465074920654e+01 9.911211085206e-01 -1.329622038292e-01 -2.445148422524e-05 7.838060760498e+01 2.443790225175e-05 -1.734052547191e-06 9.999999996999e-01 5.845832824707e-02
p2_to_world: -9.911211088207e-01 -1.530661257550e-06 -1.329622038317e-01 -5.494861221313e+01 -1.329622038292e-01 2.445148422524e-05 9.911211085206e-01 8.060088348389e+01 -1.734052547191e-06 -9.999999996999e-01 2.443790225175e-05 2.096303939819e+00
