P0: -5.542562584220e+02 0.000000000000e+00 -9.600000000000e+02 -4.301214492287e+03 -4.408728476930e-14 5.542562584220e+02 -3.600000000000e+02 -1.612955434608e+03 -1.224646799147e-16 0.000000000000e+00 -1.000000000000e+00 -4.480431762799e+00
P1: -9.600000000000e+02 0.000000000000e+00 5.542562584220e+02 2.483878916091e+02 -3.600000000000e+02 5.542562584220e+02 2.204364238465e-14 -3.724750754171e+02 -1.000000000000e+00 0.000000000000e+00 6.123233995737e-17 -1.034652987270e+00
P2: 5.542562584220e+02 0.000000000000e+00 9.600000000000e+02 0.000000000000e+00 0.000000000000e+00 5.542562584220e+02 3.600000000000e+02 0.000000000000e+00 0.000000000000e+00 0.000000000000e+00 1.000000000000e+00 0.000000000000e+00
P3: 5.542562584220e+02 0.000000000000e+00 9.600000000000e+02 -4.434080528603e+02 0.000000000000e+00 5.542562584220e+02 3.600000000000e+02 0.000000000000e+00 0.000000000000e+00 0.000000000000e+00 1.000000000000e+00 0.000000000000e+00
P4: 9.600000000000e+02 0.000000000000e+00 -5.542562584220e+02 -2.234925890929e+03 3.600000000000e+02 5.542562584220e+02 2.204364238465e-14 -3.724777891128e+02 1.000000000000e+00 0.000000000000e+00 6.123233995737e-17 -1.034660525313e+00
P5: 5.542562584220e+02 9.600000000000e+02 5.878304635907e-14 2.399997299194e+04 0.000000000000e+00 9.600000000000e+02 -5.542562584220e+02 2.399997299194e+04 0.000000000000e+00 1.000000000000e+00 6.123233995737e-17 2.499997186661e+01
R0_rect: 1.000000000000e+00 0.000000000000e+00 0.000000000000e+00 0.000000000000e+00 1.000000000000e+00 0.000000000000e+00 0.000000000000e+00 0.000000000000e+00 1.000000000000e+00
Tr_velo_to_p2: 0.000000000000e+00 -1.000000000000e+00 0.000000000000e+00 2.381323857558e-06 0.000000000000e+00 0.000000000000e+00 -1.000000000000e+00 -5.000002280950e-01 1.000000000000e+00 0.000000000000e+00 0.000000000000e+00 -2.240219659427e+00
imu_to_world: -3.778746106244e-01 -9.258567257149e-01 3.195213453599e-04 -5.548537063599e+01 9.258559886518e-01 -3.778738133417e-01 1.438564605749e-03 8.036781311035e+01 -1.211165966393e-03 8.394277913590e-04 9.999989142184e-01 5.701678991318e-02
p2_to_world: -9.258567257149e-01 -3.195213453599e-04 -3.778746106244e-01 -5.633123779297e+01 -3.778738133417e-01 -1.438564605749e-03 9.258559886518e-01 8.244486999512e+01 8.394277913590e-04 -9.999989142184e-01 -1.211165966393e-03 2.092092037201e+00
