P0: -5.542562584220e+02 0.000000000000e+00 -9.600000000000e+02 -4.300678232661e+03 -4.408728476930e-14 5.542562584220e+02 -3.600000000000e+02 -1.612754337248e+03 -1.224646799147e-16 0.000000000000e+00 -1.000000000000e+00 -4.479873159022e+00
P1: -9.600000000000e+02 0.000000000000e+00 5.542562584220e+02 2.482018078814e+02 -3.600000000000e+02 5.542562584220e+02 2.204364238465e-14 -3.724757001302e+02 -1.000000000000e+00 0.000000000000e+00 6.123233995737e-17 -1.034654722584e+00
P2: 5.542562584220e+02 0.000000000000e+00 9.600000000000e+02 0.000000000000e+00 0.000000000000e+00 5.542562584220e+02 3.600000000000e+02 0.000000000000e+00 0.000000000000e+00 0.000000000000e+00 1.000000000000e+00 0.000000000000e+00
P3: 5.542562584220e+02 0.000000000000e+00 9.600000000000e+02 -4.434030584418e+02 0.000000000000e+00 5.542562584220e+02 3.600000000000e+02 0.000000000000e+00 0.000000000000e+00 0.000000000000e+00 1.000000000000e+00 0.000000000000e+00
P4: 9.600000000000e+02 0.000000000000e+00 -5.542562584220e+02 -2.234790833789e+03 3.600000000000e+02 5.542562584220e+02 2.204364238465e-14 -3.724737900099e+02 1.000000000000e+00 0.000000000000e+00 6.123233995737e-17 -1.034649416694e+00
P5: 5.542562584220e+02 9.600000000000e+02 5.878304635907e-14 2.399684989929e+04 0.000000000000e+00 9.600000000000e+02 -5.542562584220e+02 2.399684989929e+04 0.000000000000e+00 1.000000000000e+00 6.123233995737e-17 2.499671864510e+01
R0_rect: 1.000000000000e+00 0.000000000000e+00 0.000000000000e+00 0.000000000000e+00 1.000000000000e+00 0.000000000000e+00 0.000000000000e+00 0.000000000000e+00 1.000000000000e+00
Tr_velo_to_p2: 0.000000000000e+00 -1.000000000000e+00 0.000000000000e+00 -3.070489016850e-06 0.000000000000e+00 0.000000000000e+00 -1.000000000000e+00 -5.000000106784e-01 1.000000000000e+00 0.000000000000e+00 0.000000000000e+00 -2.240217088861e+00
imu_to_world: -3.778137225780e-01 -9.258380501944e-01 -8.983086552173e-03 -5.548181152344e+01 9.257455604006e-01 -3.779067484779e-01 1.347764272702e-02 8.036312103271e+01 -1.587288349383e-02 -3.224014124095e-03 9.998688200472e-01 6.333011388779e-02
p2_to_world: -9.258380501944e-01 8.983086552173e-03 -3.778137225780e-01 -5.634650421143e+01 -3.779067484779e-01 -1.347764272702e-02 9.257455604006e-01 8.246445465088e+01 -3.224014124095e-03 -9.998688200472e-01 -1.587288349383e-02 2.065294981003e+00
