P0: -5.542562584220e+02 0.000000000000e+00 -9.600000000000e+02 -4.301221008941e+03 -4.408728476930e-14 5.542562584220e+02 -3.600000000000e+02 -1.612957878353e+03 -1.224646799147e-16 0.000000000000e+00 -1.000000000000e+00 -4.480438550980e+00
P1: -9.600000000000e+02 0.000000000000e+00 5.542562584220e+02 2.483828059243e+02 -3.600000000000e+02 5.542562584220e+02 2.204364238465e-14 -3.724767088209e+02 -1.000000000000e+00 0.000000000000e+00 6.123233995737e-17 -1.034657524503e+00
P2: 5.542562584220e+02 0.000000000000e+00 9.600000000000e+02 0.000000000000e+00 0.000000000000e+00 5.542562584220e+02 3.600000000000e+02 0.000000000000e+00 0.000000000000e+00 0.000000000000e+00 1.000000000000e+00 0.000000000000e+00
P3: 5.542562584220e+02 0.000000000000e+00 9.600000000000e+02 -4.434027410569e+02 0.000000000000e+00 5.542562584220e+02 3.600000000000e+02 0.000000000000e+00 0.000000000000e+00 0.000000000000e+00 1.000000000000e+00 0.000000000000e+00
P4: 9.600000000000e+02 0.000000000000e+00 -5.542562584220e+02 -2.234920665304e+03 3.600000000000e+02 5.542562584220e+02 2.204364238465e-14 -3.724756130389e+02 1.000000000000e+00 0.000000000000e+00 6.123233995737e-17 -1.034654480664e+00
P5: 5.542562584220e+02 9.600000000000e+02 5.878304635907e-14 2.399998947144e+04 0.000000000000e+00 9.600000000000e+02 -5.542562584220e+02 2.399998947144e+04 0.000000000000e+00 1.000000000000e+00 6.123233995737e-17 2.499998903275e+01
R0_rect: 1.000000000000e+00 0.000000000000e+00 0.000000000000e+00 0.000000000000e+00 1.000000000000e+00 0.000000000000e+00 0.000000000000e+00 0.000000000000e+00 1.000000000000e+00
Tr_velo_to_p2: 0.000000000000e+00 -1.000000000000e+00 0.000000000000e+00 -2.700541564496e-06 0.000000000000e+00 0.000000000000e+00 -1.000000000000e+00 -4.999999571345e-01 1.000000000000e+00 0.000000000000e+00 0.000000000000e+00 -2.240219008507e+00
imu_to_world: -3.778224221457e-01 -9.258780085779e-01 3.613249564654e-04 -5.548515319824e+01 9.258778824377e-01 -3.778220587863e-01 7.991915603338e-04 8.036759948730e+01 -6.034373514115e-04 6.364952766478e-04 9.999996153685e-01 5.678283423185e-02
p2_to_world: -9.258780085779e-01 -3.613249564654e-04 -3.778224221457e-01 -5.633082580566e+01 -3.778220587863e-01 -7.991915603338e-04 9.258778824377e-01 8.244339752197e+01 6.364952766478e-04 -9.999996153685e-01 -6.034373514115e-04 2.093221187592e+00
