P0: -5.542562584220e+02 0.000000000000e+00 -9.600000000000e+02 -4.301210065321e+03 -4.408728476930e-14 5.542562584220e+02 -3.600000000000e+02 -1.612953774496e+03 -1.224646799147e-16 0.000000000000e+00 -1.000000000000e+00 -4.480427151376e+00
P1: -9.600000000000e+02 0.000000000000e+00 5.542562584220e+02 2.483775794319e+02 -3.600000000000e+02 5.542562584220e+02 2.204364238465e-14 -3.724774886338e+02 -1.000000000000e+00 0.000000000000e+00 6.123233995737e-17 -1.034659690650e+00
P2: 5.542562584220e+02 0.000000000000e+00 9.600000000000e+02 0.000000000000e+00 0.000000000000e+00 5.542562584220e+02 3.600000000000e+02 0.000000000000e+00 0.000000000000e+00 0.000000000000e+00 1.000000000000e+00 0.000000000000e+00
P3: 5.542562584220e+02 0.000000000000e+00 9.600000000000e+02 -4.434032592466e+02 0.000000000000e+00 5.542562584220e+02 3.600000000000e+02 0.000000000000e+00 0.000000000000e+00 0.000000000000e+00 1.000000000000e+00 0.000000000000e+00
P4: 9.600000000000e+02 0.000000000000e+00 -5.542562584220e+02 -2.234916138982e+03 3.600000000000e+02 5.542562584220e+02 2.204364238465e-14 -3.724748053194e+02 1.000000000000e+00 0.000000000000e+00 6.123233995737e-17 -1.034652236998e+00
P5: 5.542562584220e+02 9.600000000000e+02 5.878304635907e-14 2.399997344971e+04 0.000000000000e+00 9.600000000000e+02 -5.542562584220e+02 2.399997344971e+04 0.000000000000e+00 1.000000000000e+00 6.123233995737e-17 2.499997234344e+01
R0_rect: 1.000000000000e+00 0.000000000000e+00 0.000000000000e+00 0.000000000000e+00 1.000000000000e+00 0.000000000000e+00 0.000000000000e+00 0.000000000000e+00 1.000000000000e+00
Tr_velo_to_p2: 0.000000000000e+00 -1.000000000000e+00 0.000000000000e+00 -3.386310058104e-06 0.000000000000e+00 0.000000000000e+00 -1.000000000000e+00 -4.999997213953e-01 1.000000000000e+00 0.000000000000e+00 0.000000000000e+00 -2.240219853689e+00
imu_to_world: -3.778621518700e-01 -9.258618207446e-01 2.882215508412e-04 -5.548526763916e+01 9.258610536420e-01 -3.778613899043e-01 1.442001585702e-03 8.036769866943e+01 -1.226186417854e-03 8.117309309177e-04 9.999989187793e-01 5.702297016978e-02
p2_to_world: -9.258618207446e-01 -2.882215508412e-04 -3.778621518700e-01 -5.633117675781e+01 -3.778613899043e-01 -1.442001585702e-03 9.258610536420e-01 8.244476318359e+01 8.117309309177e-04 -9.999989187793e-01 -1.226186417854e-03 2.092064857483e+00
