P0: -5.542562584220e+02 0.000000000000e+00 -9.600000000000e+02 -4.301120948050e+03 -4.408728476930e-14 5.542562584220e+02 -3.600000000000e+02 -1.612920355519e+03 -1.224646799147e-16 0.000000000000e+00 -1.000000000000e+00 -4.480334320886e+00
P1: -9.600000000000e+02 0.000000000000e+00 5.542562584220e+02 2.483506794707e+02 -3.600000000000e+02 5.542562584220e+02 2.204364238465e-14 -3.724755940850e+02 -1.000000000000e+00 0.000000000000e+00 6.123233995737e-17 -1.034654428014e+00
P2: 5.542562584220e+02 0.000000000000e+00 9.600000000000e+02 0.000000000000e+00 0.000000000000e+00 5.542562584220e+02 3.600000000000e+02 0.000000000000e+00 0.000000000000e+00 0.000000000000e+00 1.000000000000e+00 0.000000000000e+00
P3: 5.542562584220e+02 0.000000000000e+00 9.600000000000e+02 -4.434029997933e+02 0.000000000000e+00 5.542562584220e+02 3.600000000000e+02 0.000000000000e+00 0.000000000000e+00 0.000000000000e+00 1.000000000000e+00 0.000000000000e+00
P4: 9.600000000000e+02 0.000000000000e+00 -5.542562584220e+02 -2.234904042460e+03 3.600000000000e+02 5.542562584220e+02 2.204364238465e-14 -3.724762247314e+02 1.000000000000e+00 0.000000000000e+00 6.123233995737e-17 -1.034656179810e+00
P5: 5.542562584220e+02 9.600000000000e+02 5.878304635907e-14 2.399941223145e+04 0.000000000000e+00 9.600000000000e+02 -5.542562584220e+02 2.399941223145e+04 0.000000000000e+00 1.000000000000e+00 6.123233995737e-17 2.499938774109e+01
R0_rect: 1.000000000000e+00 0.000000000000e+00 0.000000000000e+00 0.000000000000e+00 1.000000000000e+00 0.000000000000e+00 0.000000000000e+00 0.000000000000e+00 1.000000000000e+00
Tr_velo_to_p2: 0.000000000000e+00 -1.000000000000e+00 0.000000000000e+00 -6.644447707489e-07 0.000000000000e+00 0.000000000000e+00 -1.000000000000e+00 -5.000000349237e-01 1.000000000000e+00 0.000000000000e+00 0.000000000000e+00 -2.240214570623e+00
imu_to_world: -1.404519525954e-01 -9.900829513758e-01 2.999734503738e-03 -5.467290496826e+01 9.900650076866e-01 -1.404685380677e-01 -6.314298668519e-03 7.846894836426e+01 6.673047781927e-03 2.083076587238e-03 9.999755653141e-01 5.557838454843e-02
p2_to_world: -9.900829513758e-01 -2.999734503738e-03 -1.404519525954e-01 -5.498143386841e+01 -1.404685380677e-01 6.314298668519e-03 9.900650076866e-01 8.067404174805e+01 2.083076587238e-03 -9.999755653141e-01 6.673047781927e-03 2.108268737793e+00
