P0: -5.542562584220e+02 0.000000000000e+00 -9.600000000000e+02 -4.301216858064e+03 -4.408728476930e-14 5.542562584220e+02 -3.600000000000e+02 -1.612956321774e+03 -1.224646799147e-16 0.000000000000e+00 -1.000000000000e+00 -4.480434227150e+00
P1: -9.600000000000e+02 0.000000000000e+00 5.542562584220e+02 2.483814077028e+02 -3.600000000000e+02 5.542562584220e+02 2.204364238465e-14 -3.724766185992e+02 -1.000000000000e+00 0.000000000000e+00 6.123233995737e-17 -1.034657273887e+00
P2: 5.542562584220e+02 0.000000000000e+00 9.600000000000e+02 0.000000000000e+00 0.000000000000e+00 5.542562584220e+02 3.600000000000e+02 0.000000000000e+00 0.000000000000e+00 0.000000000000e+00 1.000000000000e+00 0.000000000000e+00
P3: 5.542562584220e+02 0.000000000000e+00 9.600000000000e+02 -4.434046986623e+02 0.000000000000e+00 5.542562584220e+02 3.600000000000e+02 0.000000000000e+00 0.000000000000e+00 0.000000000000e+00 1.000000000000e+00 0.000000000000e+00
P4: 9.600000000000e+02 0.000000000000e+00 -5.542562584220e+02 -2.234930221322e+03 3.600000000000e+02 5.542562584220e+02 2.204364238465e-14 -3.724780124790e+02 1.000000000000e+00 0.000000000000e+00 6.123233995737e-17 -1.034661145775e+00
P5: 5.542562584220e+02 9.600000000000e+02 5.878304635907e-14 2.399997322083e+04 0.000000000000e+00 9.600000000000e+02 -5.542562584220e+02 2.399997322083e+04 0.000000000000e+00 1.000000000000e+00 6.123233995737e-17 2.499997210503e+01
R0_rect: 1.000000000000e+00 0.000000000000e+00 0.000000000000e+00 0.000000000000e+00 1.000000000000e+00 0.000000000000e+00 0.000000000000e+00 0.000000000000e+00 1.000000000000e+00
Tr_velo_to_p2: 0.000000000000e+00 -1.000000000000e+00 0.000000000000e+00 1.389434378693e-06 0.000000000000e+00 0.000000000000e+00 -1.000000000000e+00 -5.000003931867e-01 1.000000000000e+00 0.000000000000e+00 0.000000000000e+00 -2.240215003136e+00
imu_to_world: -3.778208520009e-01 -9.258786652241e-01 3.179247199969e-04 -5.548513031006e+01 9.258779114854e-01 -3.778200461440e-01 1.451122019743e-03 8.036733245850e+01 -1.223444586337e-03 8.426236336168e-04 9.999988965838e-01 5.702304840088e-02
p2_to_world: -9.258786652241e-01 -3.179247199969e-04 -3.778208520009e-01 -5.633088302612e+01 -3.778200461440e-01 -1.451122019743e-03 9.258779114854e-01 8.244445800781e+01 8.426236336168e-04 -9.999988965838e-01 -1.223444586337e-03 2.092070817947e+00
