P0: -5.542562584220e+02 0.000000000000e+00 -9.600000000000e+02 -4.301221909183e+03 -4.408728476930e-14 5.542562584220e+02 -3.600000000000e+02 -1.612958215944e+03 -1.224646799147e-16 0.000000000000e+00 -1.000000000000e+00 -4.480439488733e+00
P1: -9.600000000000e+02 0.000000000000e+00 5.542562584220e+02 2.483890872581e+02 -3.600000000000e+02 5.542562584220e+02 2.204364238465e-14 -3.724759635493e+02 -1.000000000000e+00 0.000000000000e+00 6.123233995737e-17 -1.034655454304e+00
P2: 5.542562584220e+02 0.000000000000e+00 9.600000000000e+02 0.000000000000e+00 0.000000000000e+00 5.542562584220e+02 3.600000000000e+02 0.000000000000e+00 0.000000000000e+00 0.000000000000e+00 1.000000000000e+00 0.000000000000e+00
P3: 5.542562584220e+02 0.000000000000e+00 9.600000000000e+02 -4.434051755613e+02 0.000000000000e+00 5.542562584220e+02 3.600000000000e+02 0.000000000000e+00 0.000000000000e+00 0.000000000000e+00 1.000000000000e+00 0.000000000000e+00
P4: 9.600000000000e+02 0.000000000000e+00 -5.542562584220e+02 -2.234930130399e+03 3.600000000000e+02 5.542562584220e+02 2.204364238465e-14 -3.724772383436e+02 1.000000000000e+00 0.000000000000e+00 6.123233995737e-17 -1.034658995399e+00
P5: 5.542562584220e+02 9.600000000000e+02 5.878304635907e-14 2.399999656677e+04 0.000000000000e+00 9.600000000000e+02 -5.542562584220e+02 2.399999656677e+04 0.000000000000e+00 1.000000000000e+00 6.123233995737e-17 2.499999642372e+01
R0_rect: 1.000000000000e+00 0.000000000000e+00 0.000000000000e+00 0.000000000000e+00 1.000000000000e+00 0.000000000000e+00 0.000000000000e+00 0.000000000000e+00 1.000000000000e+00
Tr_velo_to_p2: 0.000000000000e+00 -1.000000000000e+00 0.000000000000e+00 2.260503733182e-08 0.000000000000e+00 0.000000000000e+00 -1.000000000000e+00 -4.999996825965e-01 1.000000000000e+00 0.000000000000e+00 0.000000000000e+00 -2.240215811158e+00
imu_to_world: -1.329620581311e-01 -9.911211265710e-01 5.968336786140e-05 -5.465079116821e+01 9.911210239182e-01 -1.329620715237e-01 -4.510913890974e-04 7.838073730469e+01 4.550218299751e-04 -8.245988339188e-07 9.999998964772e-01 5.827354267240e-02
p2_to_world: -9.911211265710e-01 -5.968336786140e-05 -1.329620581311e-01 -5.494853210449e+01 -1.329620715237e-01 4.510913890974e-04 9.911210239182e-01 8.060015106201e+01 -8.245988339188e-07 -9.999998964772e-01 4.550218299751e-04 2.097083806992e+00
