P0: -5.542562584220e+02 0.000000000000e+00 -9.600000000000e+02 -4.301132531424e+03 -4.408728476930e-14 5.542562584220e+02 -3.600000000000e+02 -1.612924699284e+03 -1.224646799147e-16 0.000000000000e+00 -1.000000000000e+00 -4.480346386900e+00
P1: -9.600000000000e+02 0.000000000000e+00 5.542562584220e+02 2.484006262371e+02 -3.600000000000e+02 5.542562584220e+02 2.204364238465e-14 -3.724408925873e+02 -1.000000000000e+00 0.000000000000e+00 6.123233995737e-17 -1.034558034965e+00
P2: 5.542562584220e+02 0.000000000000e+00 9.600000000000e+02 0.000000000000e+00 0.000000000000e+00 5.542562584220e+02 3.600000000000e+02 0.000000000000e+00 0.000000000000e+00 0.000000000000e+00 1.000000000000e+00 0.000000000000e+00
P3: 5.542562584220e+02 0.000000000000e+00 9.600000000000e+02 -4.433621588408e+02 0.000000000000e+00 5.542562584220e+02 3.600000000000e+02 0.000000000000e+00 0.000000000000e+00 0.000000000000e+00 1.000000000000e+00 0.000000000000e+00
P4: 9.600000000000e+02 0.000000000000e+00 -5.542562584220e+02 -2.234851530724e+03 3.600000000000e+02 5.542562584220e+02 2.204364238465e-14 -3.724396589885e+02 1.000000000000e+00 0.000000000000e+00 6.123233995737e-17 -1.034554608301e+00
P5: 5.542562584220e+02 9.600000000000e+02 5.878304635907e-14 2.399711952209e+04 0.000000000000e+00 9.600000000000e+02 -5.542562584220e+02 2.399711952209e+04 0.000000000000e+00 1.000000000000e+00 6.123233995737e-17 2.499699950218e+01
R0_rect: 1.000000000000e+00 0.000000000000e+00 0.000000000000e+00 0.000000000000e+00 1.000000000000e+00 0.000000000000e+00 0.000000000000e+00 0.000000000000e+00 1.000000000000e+00
Tr_velo_to_p2: 0.000000000000e+00 -1.000000000000e+00 0.000000000000e+00 1.115276973966e-06 0.000000000000e+00 0.000000000000e+00 -1.000000000000e+00 -5.000002340571e-01 1.000000000000e+00 0.000000000000e+00 0.000000000000e+00 -2.240212749881e+00
imu_to_world: -6.561959815084e-01 -7.544450860258e-01 1.481371066916e-02 -5.711015319824e+01 7.545643059310e-01 -6.562103370716e-01 4.549915960714e-03 8.222624969482e+01 6.288248333097e-03 1.416353387896e-02 9.998799189107e-01 5.303668975830e-02
p2_to_world: -7.544450860258e-01 -1.481371066916e-02 -6.561959815084e-01 -5.854998779297e+01 -6.562103370716e-01 -4.549915960714e-03 7.545643059310e-01 8.392590332031e+01 1.416353387896e-02 -9.998799189107e-01 6.288248333097e-03 2.104669809341e+00
