P0: -5.542562584220e+02 0.000000000000e+00 -9.600000000000e+02 -4.301221061198e+03 -4.408728476930e-14 5.542562584220e+02 -3.600000000000e+02 -1.612957897949e+03 -1.224646799147e-16 0.000000000000e+00 -1.000000000000e+00 -4.480438605415e+00
P1: -9.600000000000e+02 0.000000000000e+00 5.542562584220e+02 2.484095645599e+02 -3.600000000000e+02 5.542562584220e+02 2.204364238465e-14 -3.724667259670e+02 -1.000000000000e+00 0.000000000000e+00 6.123233995737e-17 -1.034629794353e+00
P2: 5.542562584220e+02 0.000000000000e+00 9.600000000000e+02 0.000000000000e+00 0.000000000000e+00 5.542562584220e+02 3.600000000000e+02 0.000000000000e+00 0.000000000000e+00 0.000000000000e+00 1.000000000000e+00 0.000000000000e+00
P3: 5.542562584220e+02 0.000000000000e+00 9.600000000000e+02 -4.433935092943e+02 0.000000000000e+00 5.542562584220e+02 3.600000000000e+02 0.000000000000e+00 0.000000000000e+00 0.000000000000e+00 1.000000000000e+00 0.000000000000e+00
P4: 9.600000000000e+02 0.000000000000e+00 -5.542562584220e+02 -2.234896797608e+03 3.600000000000e+02 5.542562584220e+02 2.204364238465e-14 -3.724666950693e+02 1.000000000000e+00 0.000000000000e+00 6.123233995737e-17 -1.034629708526e+00
P5: 5.542562584220e+02 9.600000000000e+02 5.878304635907e-14 2.399936416626e+04 0.000000000000e+00 9.600000000000e+02 -5.542562584220e+02 2.399936416626e+04 0.000000000000e+00 1.000000000000e+00 6.123233995737e-17 2.499933767319e+01
R0_rect: 1.000000000000e+00 0.000000000000e+00 0.000000000000e+00 0.000000000000e+00 1.000000000000e+00 0.000000000000e+00 0.000000000000e+00 0.000000000000e+00 1.000000000000e+00
Tr_velo_to_p2: 0.000000000000e+00 -1.000000000000e+00 0.000000000000e+00 2.176206595669e-06 0.000000000000e+00 0.000000000000e+00 -1.000000000000e+00 -5.000002167890e-01 1.000000000000e+00 0.000000000000e+00 0.000000000000e+00 -2.240214954962e+00
imu_to_world: -5.522427149173e-01 -8.336627376876e-01 5.867163877312e-03 -5.638819885254e+01 8.336833104193e-01 -5.522260450384e-01 4.305009807014e-03 8.154742431641e+01 -3.489255579273e-04 7.268766907581e-03 9.999735212887e-01 5.509765446186e-02
p2_to_world: -8.336627376876e-01 -5.867163877312e-03 -5.522427149173e-01 -5.761338424683e+01 -5.522260450384e-01 -4.305009807014e-03 8.336833104193e-01 8.342382812500e+01 7.268766907581e-03 -9.999735212887e-01 -3.489255579273e-04 2.092052936554e+00
