P0: -5.542562584220e+02 0.000000000000e+00 -9.600000000000e+02 -4.300866110290e+03 -4.408728476930e-14 5.542562584220e+02 -3.600000000000e+02 -1.612824791359e+03 -1.224646799147e-16 0.000000000000e+00 -1.000000000000e+00 -4.480068864885e+00
P1: -9.600000000000e+02 0.000000000000e+00 5.542562584220e+02 2.482820005317e+02 -3.600000000000e+02 5.542562584220e+02 2.204364238465e-14 -3.724756763722e+02 -1.000000000000e+00 0.000000000000e+00 6.123233995737e-17 -1.034654656589e+00
P2: 5.542562584220e+02 0.000000000000e+00 9.600000000000e+02 0.000000000000e+00 0.000000000000e+00 5.542562584220e+02 3.600000000000e+02 0.000000000000e+00 0.000000000000e+00 0.000000000000e+00 1.000000000000e+00 0.000000000000e+00
P3: 5.542562584220e+02 0.000000000000e+00 9.600000000000e+02 -4.434053878119e+02 0.000000000000e+00 5.542562584220e+02 3.600000000000e+02 0.000000000000e+00 0.000000000000e+00 0.000000000000e+00 1.000000000000e+00 0.000000000000e+00
P4: 9.600000000000e+02 0.000000000000e+00 -5.542562584220e+02 -2.234826391839e+03 3.600000000000e+02 5.542562584220e+02 2.204364238465e-14 -3.724750268747e+02 1.000000000000e+00 0.000000000000e+00 6.123233995737e-17 -1.034652852430e+00
P5: 5.542562584220e+02 9.600000000000e+02 5.878304635907e-14 2.399803276062e+04 0.000000000000e+00 9.600000000000e+02 -5.542562584220e+02 2.399803276062e+04 0.000000000000e+00 1.000000000000e+00 6.123233995737e-17 2.499795079231e+01
R0_rect: 1.000000000000e+00 0.000000000000e+00 0.000000000000e+00 0.000000000000e+00 1.000000000000e+00 0.000000000000e+00 0.000000000000e+00 0.000000000000e+00 1.000000000000e+00
Tr_velo_to_p2: 0.000000000000e+00 -1.000000000000e+00 0.000000000000e+00 2.348953167665e-07 0.000000000000e+00 0.000000000000e+00 -1.000000000000e+00 -5.000000936325e-01 1.000000000000e+00 0.000000000000e+00 0.000000000000e+00 -2.240220000247e+00
imu_to_world: -3.762611127526e-01 -9.264979596301e-01 -5.394982061898e-03 -5.547960662842e+01 9.264255120502e-01 -3.762992575198e-01 1.160342244869e-02 8.035799407959e+01 -1.278067496767e-02 -6.321323769113e-04 9.999181240262e-01 6.214278936386e-02
p2_to_world: -9.264979596301e-01 5.394982061898e-03 -3.762611127526e-01 -5.633351135254e+01 -3.762992575198e-01 -1.160342244869e-02 9.264255120502e-01 8.245703887939e+01 -6.321323769113e-04 -9.999181240262e-01 -1.278067496767e-02 2.071135282516e+00
