P0: -5.542562584220e+02 0.000000000000e+00 -9.600000000000e+02 -4.301218500822e+03 -4.408728476930e-14 5.542562584220e+02 -3.600000000000e+02 -1.612956937808e+03 -1.224646799147e-16 0.000000000000e+00 -1.000000000000e+00 -4.480435938356e+00
P1: -9.600000000000e+02 0.000000000000e+00 5.542562584220e+02 2.483839818111e+02 -3.600000000000e+02 5.542562584220e+02 2.204364238465e-14 -3.724759960045e+02 -1.000000000000e+00 0.000000000000e+00 6.123233995737e-17 -1.034655544457e+00
P2: 5.542562584220e+02 0.000000000000e+00 9.600000000000e+02 0.000000000000e+00 0.000000000000e+00 5.542562584220e+02 3.600000000000e+02 0.000000000000e+00 0.000000000000e+00 0.000000000000e+00 1.000000000000e+00 0.000000000000e+00
P3: 5.542562584220e+02 0.000000000000e+00 9.600000000000e+02 -4.434061466332e+02 0.000000000000e+00 5.542562584220e+02 3.600000000000e+02 0.000000000000e+00 0.000000000000e+00 0.000000000000e+00 1.000000000000e+00 0.000000000000e+00
P4: 9.600000000000e+02 0.000000000000e+00 -5.542562584220e+02 -2.234930997386e+03 3.600000000000e+02 5.542562584220e+02 2.204364238465e-14 -3.724782018011e+02 1.000000000000e+00 0.000000000000e+00 6.123233995737e-17 -1.034661671670e+00
P5: 5.542562584220e+02 9.600000000000e+02 5.878304635907e-14 2.399999725342e+04 0.000000000000e+00 9.600000000000e+02 -5.542562584220e+02 2.399999725342e+04 0.000000000000e+00 1.000000000000e+00 6.123233995737e-17 2.499999713898e+01
R0_rect: 1.000000000000e+00 0.000000000000e+00 0.000000000000e+00 0.000000000000e+00 1.000000000000e+00 0.000000000000e+00 0.000000000000e+00 0.000000000000e+00 1.000000000000e+00
Tr_velo_to_p2: 0.000000000000e+00 -1.000000000000e+00 0.000000000000e+00 3.334321778689e-06 0.000000000000e+00 0.000000000000e+00 -1.000000000000e+00 -5.000001551938e-01 1.000000000000e+00 0.000000000000e+00 0.000000000000e+00 -2.240217611761e+00
imu_to_world: -1.329553410515e-01 -9.911220291161e-01 -2.620572727958e-05 -5.465069580078e+01 9.911220288761e-01 -1.329553418359e-01 3.088384890787e-05 7.838043975830e+01 -3.409385442500e-05 -2.186690092498e-05 9.999999991797e-01 5.848365649581e-02
p2_to_world: -9.911220291161e-01 2.620572727958e-05 -1.329553410515e-01 -5.494859695435e+01 -1.329553418359e-01 -3.088384890787e-05 9.911220288761e-01 8.060083007812e+01 -2.186690092498e-05 -9.999999991797e-01 -3.409385442500e-05 2.096198081970e+00
