P0: -5.542562584220e+02 0.000000000000e+00 -9.600000000000e+02 -4.301208044529e+03 -4.408728476930e-14 5.542562584220e+02 -3.600000000000e+02 -1.612953016698e+03 -1.224646799147e-16 0.000000000000e+00 -1.000000000000e+00 -4.480425046384e+00
P1: -9.600000000000e+02 0.000000000000e+00 5.542562584220e+02 2.483954552057e+02 -3.600000000000e+02 5.542562584220e+02 2.204364238465e-14 -3.724719179551e+02 -1.000000000000e+00 0.000000000000e+00 6.123233995737e-17 -1.034644216542e+00
P2: 5.542562584220e+02 0.000000000000e+00 9.600000000000e+02 0.000000000000e+00 0.000000000000e+00 5.542562584220e+02 3.600000000000e+02 0.000000000000e+00 0.000000000000e+00 0.000000000000e+00 1.000000000000e+00 0.000000000000e+00
P3: 5.542562584220e+02 0.000000000000e+00 9.600000000000e+02 -4.433965816278e+02 0.000000000000e+00 5.542562584220e+02 3.600000000000e+02 0.000000000000e+00 0.000000000000e+00 0.000000000000e+00 1.000000000000e+00 0.000000000000e+00
P4: 9.600000000000e+02 0.000000000000e+00 -5.542562584220e+02 -2.234899982538e+03 3.600000000000e+02 5.542562584220e+02 2.204364238465e-14 -3.724703285314e+02 1.000000000000e+00 0.000000000000e+00 6.123233995737e-17 -1.034639801476e+00
P5: 5.542562584220e+02 9.600000000000e+02 5.878304635907e-14 2.399954040527e+04 0.000000000000e+00 9.600000000000e+02 -5.542562584220e+02 2.399954040527e+04 0.000000000000e+00 1.000000000000e+00 6.123233995737e-17 2.499952125549e+01
R0_rect: 1.000000000000e+00 0.000000000000e+00 0.000000000000e+00 0.000000000000e+00 1.000000000000e+00 0.000000000000e+00 0.000000000000e+00 0.000000000000e+00 1.000000000000e+00
Tr_velo_to_p2: 0.000000000000e+00 -1.000000000000e+00 0.000000000000e+00 1.105560505995e-06 0.000000000000e+00 0.000000000000e+00 -1.000000000000e+00 -4.999997480236e-01 1.000000000000e+00 0.000000000000e+00 0.000000000000e+00 -2.240210187140e+00
imu_to_world: -3.593715686069e-01 -9.331820352349e-01 4.833714082335e-03 -5.541905593872e+01 9.331926801045e-01 -3.593556456061e-01 3.865458634765e-03 8.025646209717e+01 -1.870154111174e-03 5.899922532314e-03 9.999808465354e-01 5.763152986765e-02
p2_to_world: -9.331820352349e-01 -4.833714082335e-03 -3.593715686069e-01 -5.621427536011e+01 -3.593556456061e-01 -3.865458634765e-03 9.331926801045e-01 8.235488891602e+01 5.899922532314e-03 -9.999808465354e-01 -1.870154111174e-03 2.091194152832e+00
