P0: -5.542562584220e+02 0.000000000000e+00 -9.600000000000e+02 -4.301225023024e+03 -4.408728476930e-14 5.542562584220e+02 -3.600000000000e+02 -1.612959383634e+03 -1.224646799147e-16 0.000000000000e+00 -1.000000000000e+00 -4.480442732317e+00
P1: -9.600000000000e+02 0.000000000000e+00 5.542562584220e+02 2.483880901544e+02 -3.600000000000e+02 5.542562584220e+02 2.204364238465e-14 -3.724755808824e+02 -1.000000000000e+00 0.000000000000e+00 6.123233995737e-17 -1.034654391340e+00
P2: 5.542562584220e+02 0.000000000000e+00 9.600000000000e+02 0.000000000000e+00 0.000000000000e+00 5.542562584220e+02 3.600000000000e+02 0.000000000000e+00 0.000000000000e+00 0.000000000000e+00 1.000000000000e+00 0.000000000000e+00
P3: 5.542562584220e+02 0.000000000000e+00 9.600000000000e+02 -4.434062963317e+02 0.000000000000e+00 5.542562584220e+02 3.600000000000e+02 0.000000000000e+00 0.000000000000e+00 0.000000000000e+00 1.000000000000e+00 0.000000000000e+00
P4: 9.600000000000e+02 0.000000000000e+00 -5.542562584220e+02 -2.234927629488e+03 3.600000000000e+02 5.542562584220e+02 2.204364238465e-14 -3.724767409782e+02 1.000000000000e+00 0.000000000000e+00 6.123233995737e-17 -1.034657613828e+00
P5: 5.542562584220e+02 9.600000000000e+02 5.878304635907e-14 2.399997161865e+04 0.000000000000e+00 9.600000000000e+02 -5.542562584220e+02 2.399997161865e+04 0.000000000000e+00 1.000000000000e+00 6.123233995737e-17 2.499997043610e+01
R0_rect: 1.000000000000e+00 0.000000000000e+00 0.000000000000e+00 0.000000000000e+00 1.000000000000e+00 0.000000000000e+00 0.000000000000e+00 0.000000000000e+00 1.000000000000e+00
Tr_velo_to_p2: 0.000000000000e+00 -1.000000000000e+00 0.000000000000e+00 3.505398264720e-06 0.000000000000e+00 0.000000000000e+00 -1.000000000000e+00 -4.999998619937e-01 1.000000000000e+00 0.000000000000e+00 0.000000000000e+00 -2.240228649125e+00
imu_to_world: -3.778208615077e-01 -9.258786582729e-01 3.267480275637e-04 -5.548513412476e+01 9.258779347825e-01 -3.778200608009e-01 1.432319517800e-03 8.036734008789e+01 -1.202702113718e-03 8.436889831245e-04 9.999989208477e-01 5.701423436403e-02
p2_to_world: -9.258786582729e-01 -3.267480275637e-04 -3.778208615077e-01 -5.633087158203e+01 -3.778200608009e-01 -1.432319517800e-03 9.258779347825e-01 8.244443511963e+01 8.436889831245e-04 -9.999989208477e-01 -1.202702113718e-03 2.092108726501e+00
