P0: -5.542562584220e+02 0.000000000000e+00 -9.600000000000e+02 -4.301221909183e+03 -4.408728476930e-14 5.542562584220e+02 -3.600000000000e+02 -1.612958215944e+03 -1.224646799147e-16 0.000000000000e+00 -1.000000000000e+00 -4.480439488732e+00
P1: -9.600000000000e+02 0.000000000000e+00 5.542562584220e+02 2.483842850529e+02 -3.600000000000e+02 5.542562584220e+02 2.204364238465e-14 -3.724762213515e+02 -1.000000000000e+00 0.000000000000e+00 6.123233995737e-17 -1.034656170421e+00
P2: 5.542562584220e+02 0.000000000000e+00 9.600000000000e+02 0.000000000000e+00 0.000000000000e+00 5.542562584220e+02 3.600000000000e+02 0.000000000000e+00 0.000000000000e+00 0.000000000000e+00 1.000000000000e+00 0.000000000000e+00
P3: 5.542562584220e+02 0.000000000000e+00 9.600000000000e+02 -4.434067088596e+02 0.000000000000e+00 5.542562584220e+02 3.600000000000e+02 0.000000000000e+00 0.000000000000e+00 0.000000000000e+00 1.000000000000e+00 0.000000000000e+00
P4: 9.600000000000e+02 0.000000000000e+00 -5.542562584220e+02 -2.234925175470e+03 3.600000000000e+02 5.542562584220e+02 2.204364238465e-14 -3.724769805413e+02 1.000000000000e+00 0.000000000000e+00 6.123233995737e-17 -1.034658279282e+00
P5: 5.542562584220e+02 9.600000000000e+02 5.878304635907e-14 2.399999794006e+04 0.000000000000e+00 9.600000000000e+02 -5.542562584220e+02 2.399999794006e+04 0.000000000000e+00 1.000000000000e+00 6.123233995737e-17 2.499999785423e+01
R0_rect: 1.000000000000e+00 0.000000000000e+00 0.000000000000e+00 0.000000000000e+00 1.000000000000e+00 0.000000000000e+00 0.000000000000e+00 0.000000000000e+00 1.000000000000e+00
Tr_velo_to_p2: 0.000000000000e+00 -1.000000000000e+00 0.000000000000e+00 4.531437669452e-07 0.000000000000e+00 0.000000000000e+00 -1.000000000000e+00 -5.000002140161e-01 1.000000000000e+00 0.000000000000e+00 0.000000000000e+00 -2.240217720505e+00
imu_to_world: -1.329621930909e-01 -9.911211095893e-01 3.653614234055e-05 -5.465077590942e+01 9.911210284572e-01 -1.329621970036e-01 -4.013949473558e-04 7.838072204590e+01 4.026889313625e-04 -1.715861352361e-05 9.999999187736e-01 5.829791724682e-02
p2_to_world: -9.911211095893e-01 -3.653614234055e-05 -1.329621930909e-01 -5.494856262207e+01 -1.329621970036e-01 4.013949473558e-04 9.911210284572e-01 8.060023498535e+01 -1.715861352361e-05 -9.999999187736e-01 4.026889313625e-04 2.096990823746e+00
