P0: -5.542562584220e+02 0.000000000000e+00 -9.600000000000e+02 -4.301215876106e+03 -4.408728476930e-14 5.542562584220e+02 -3.600000000000e+02 -1.612955953540e+03 -1.224646799147e-16 0.000000000000e+00 -1.000000000000e+00 -4.480433204277e+00
P1: -9.600000000000e+02 0.000000000000e+00 5.542562584220e+02 2.483786172166e+02 -3.600000000000e+02 5.542562584220e+02 2.204364238465e-14 -3.724773847521e+02 -1.000000000000e+00 0.000000000000e+00 6.123233995737e-17 -1.034659402089e+00
P2: 5.542562584220e+02 0.000000000000e+00 9.600000000000e+02 0.000000000000e+00 0.000000000000e+00 5.542562584220e+02 3.600000000000e+02 0.000000000000e+00 0.000000000000e+00 0.000000000000e+00 1.000000000000e+00 0.000000000000e+00
P3: 5.542562584220e+02 0.000000000000e+00 9.600000000000e+02 -4.434064549636e+02 0.000000000000e+00 5.542562584220e+02 3.600000000000e+02 0.000000000000e+00 0.000000000000e+00 0.000000000000e+00 1.000000000000e+00 0.000000000000e+00
P4: 9.600000000000e+02 0.000000000000e+00 -5.542562584220e+02 -2.234925890929e+03 3.600000000000e+02 5.542562584220e+02 2.204364238465e-14 -3.724777891128e+02 1.000000000000e+00 0.000000000000e+00 6.123233995737e-17 -1.034660525313e+00
P5: 5.542562584220e+02 9.600000000000e+02 5.878304635907e-14 2.399997161865e+04 0.000000000000e+00 9.600000000000e+02 -5.542562584220e+02 2.399997161865e+04 0.000000000000e+00 1.000000000000e+00 6.123233995737e-17 2.499997043610e+01
R0_rect: 1.000000000000e+00 0.000000000000e+00 0.000000000000e+00 0.000000000000e+00 1.000000000000e+00 0.000000000000e+00 0.000000000000e+00 0.000000000000e+00 1.000000000000e+00
Tr_velo_to_p2: 0.000000000000e+00 -1.000000000000e+00 0.000000000000e+00 2.913596234675e-06 0.000000000000e+00 0.000000000000e+00 -1.000000000000e+00 -4.999997996727e-01 1.000000000000e+00 0.000000000000e+00 0.000000000000e+00 -2.240217561488e+00
imu_to_world: -3.778746125306e-01 -9.258567240489e-01 3.220842115075e-04 -5.548537063599e+01 9.258559933224e-01 -3.778738150558e-01 1.435104247061e-03 8.036782073975e+01 -1.206993727081e-03 8.404930588778e-04 9.999989183682e-01 5.701431259513e-02
p2_to_world: -9.258567240489e-01 -3.220842115075e-04 -3.778746125306e-01 -5.633123397827e+01 -3.778738150558e-01 -1.435104247061e-03 9.258559933224e-01 8.244486236572e+01 8.404930588778e-04 -9.999989183682e-01 -1.206993727081e-03 2.092099189758e+00
