P0: -5.542562584220e+02 0.000000000000e+00 -9.600000000000e+02 -4.299970818481e+03 -4.408728476930e-14 5.542562584220e+02 -3.600000000000e+02 -1.612489056930e+03 -1.224646799147e-16 0.000000000000e+00 -1.000000000000e+00 -4.479136269251e+00
P1: -9.600000000000e+02 0.000000000000e+00 5.542562584220e+02 2.479523094801e+02 -3.600000000000e+02 5.542562584220e+02 2.204364238465e-14 -3.724687420418e+02 -1.000000000000e+00 0.000000000000e+00 6.123233995737e-17 -1.034635394561e+00
P2: 5.542562584220e+02 0.000000000000e+00 9.600000000000e+02 0.000000000000e+00 0.000000000000e+00 5.542562584220e+02 3.600000000000e+02 0.000000000000e+00 0.000000000000e+00 0.000000000000e+00 1.000000000000e+00 0.000000000000e+00
P3: 5.542562584220e+02 0.000000000000e+00 9.600000000000e+02 -4.433932657309e+02 0.000000000000e+00 5.542562584220e+02 3.600000000000e+02 0.000000000000e+00 0.000000000000e+00 0.000000000000e+00 1.000000000000e+00 0.000000000000e+00
P4: 9.600000000000e+02 0.000000000000e+00 -5.542562584220e+02 -2.234640524599e+03 3.600000000000e+02 5.542562584220e+02 2.204364238465e-14 -3.724685955032e+02 1.000000000000e+00 0.000000000000e+00 6.123233995737e-17 -1.034634987509e+00
P5: 5.542562584220e+02 9.600000000000e+02 5.878304635907e-14 2.399246086121e+04 0.000000000000e+00 9.600000000000e+02 -5.542562584220e+02 2.399246086121e+04 0.000000000000e+00 1.000000000000e+00 6.123233995737e-17 2.499214673042e+01
R0_rect: 1.000000000000e+00 0.000000000000e+00 0.000000000000e+00 0.000000000000e+00 1.000000000000e+00 0.000000000000e+00 0.000000000000e+00 0.000000000000e+00 1.000000000000e+00
Tr_velo_to_p2: 0.000000000000e+00 -1.000000000000e+00 0.000000000000e+00 9.834246483104e-07 0.000000000000e+00 0.000000000000e+00 -1.000000000000e+00 -4.999999146379e-01 1.000000000000e+00 0.000000000000e+00 0.000000000000e+00 -2.240224081296e+00
imu_to_world: -3.776623970678e-01 -9.258150675001e-01 -1.541345616080e-02 -5.548021316528e+01 9.256291303126e-01 -3.779155596007e-01 1.976215899982e-02 8.036048889160e+01 -2.412108947875e-02 -6.803719682128e-03 9.996858918885e-01 6.706317514181e-02
p2_to_world: -9.258150675001e-01 1.541345616080e-02 -3.776623970678e-01 -5.635766983032e+01 -3.779155596007e-01 -1.976215899982e-02 9.256291303126e-01 8.247437286377e+01 -6.803719682128e-03 -9.996858918885e-01 -2.412108947875e-02 2.050177335739e+00
