P0: -5.542562584220e+02 0.000000000000e+00 -9.600000000000e+02 -4.301222883029e+03 -4.408728476930e-14 5.542562584220e+02 -3.600000000000e+02 -1.612958581136e+03 -1.224646799147e-16 0.000000000000e+00 -1.000000000000e+00 -4.480440503155e+00
P1: -9.600000000000e+02 0.000000000000e+00 5.542562584220e+02 2.483790390460e+02 -3.600000000000e+02 5.542562584220e+02 2.204364238465e-14 -3.724785139905e+02 -1.000000000000e+00 0.000000000000e+00 6.123233995737e-17 -1.034662538862e+00
P2: 5.542562584220e+02 0.000000000000e+00 9.600000000000e+02 0.000000000000e+00 0.000000000000e+00 5.542562584220e+02 3.600000000000e+02 0.000000000000e+00 0.000000000000e+00 0.000000000000e+00 1.000000000000e+00 0.000000000000e+00
P3: 5.542562584220e+02 0.000000000000e+00 9.600000000000e+02 -4.434046133123e+02 0.000000000000e+00 5.542562584220e+02 3.600000000000e+02 0.000000000000e+00 0.000000000000e+00 0.000000000000e+00 1.000000000000e+00 0.000000000000e+00
P4: 9.600000000000e+02 0.000000000000e+00 -5.542562584220e+02 -2.234919318570e+03 3.600000000000e+02 5.542562584220e+02 2.204364238465e-14 -3.724746879019e+02 1.000000000000e+00 0.000000000000e+00 6.123233995737e-17 -1.034651910839e+00
P5: 5.542562584220e+02 9.600000000000e+02 5.878304635907e-14 2.400000137329e+04 0.000000000000e+00 9.600000000000e+02 -5.542562584220e+02 2.400000137329e+04 0.000000000000e+00 1.000000000000e+00 6.123233995737e-17 2.500000143051e+01
R0_rect: 1.000000000000e+00 0.000000000000e+00 0.000000000000e+00 0.000000000000e+00 1.000000000000e+00 0.000000000000e+00 0.000000000000e+00 0.000000000000e+00 1.000000000000e+00
Tr_velo_to_p2: 0.000000000000e+00 -1.000000000000e+00 0.000000000000e+00 -3.374821544832e-06 0.000000000000e+00 0.000000000000e+00 -1.000000000000e+00 -4.999997117103e-01 1.000000000000e+00 0.000000000000e+00 0.000000000000e+00 -2.240217756431e+00
imu_to_world: -1.329627317676e-01 -9.911210379893e-01 -3.992435936434e-06 -5.465074920654e+01 9.911210379455e-01 -1.329627318007e-01 9.687963177636e-06 7.838059234619e+01 -1.013278930927e-05 -2.668849199888e-06 9.999999999451e-01 5.847320333123e-02
p2_to_world: -9.911210379893e-01 3.992435936434e-06 -1.329627317676e-01 -5.494862747192e+01 -1.329627318007e-01 -9.687963177636e-06 9.911210379455e-01 8.060093688965e+01 -2.668849199888e-06 -9.999999999451e-01 -1.013278930927e-05 2.096241474152e+00
