P0: -5.542562584220e+02 0.000000000000e+00 -9.600000000000e+02 -4.301205905060e+03 -4.408728476930e-14 5.542562584220e+02 -3.600000000000e+02 -1.612952214398e+03 -1.224646799147e-16 0.000000000000e+00 -1.000000000000e+00 -4.480422817771e+00
P1: -9.600000000000e+02 0.000000000000e+00 5.542562584220e+02 2.483878276031e+02 -3.600000000000e+02 5.542562584220e+02 2.204364238465e-14 -3.724699155864e+02 -1.000000000000e+00 0.000000000000e+00 6.123233995737e-17 -1.034638654407e+00
P2: 5.542562584220e+02 0.000000000000e+00 9.600000000000e+02 0.000000000000e+00 0.000000000000e+00 5.542562584220e+02 3.600000000000e+02 0.000000000000e+00 0.000000000000e+00 0.000000000000e+00 1.000000000000e+00 0.000000000000e+00
P3: 5.542562584220e+02 0.000000000000e+00 9.600000000000e+02 -4.433969158048e+02 0.000000000000e+00 5.542562584220e+02 3.600000000000e+02 0.000000000000e+00 0.000000000000e+00 0.000000000000e+00 1.000000000000e+00 0.000000000000e+00
P4: 9.600000000000e+02 0.000000000000e+00 -5.542562584220e+02 -2.234908750099e+03 3.600000000000e+02 5.542562584220e+02 2.204364238465e-14 -3.724672425073e+02 1.000000000000e+00 0.000000000000e+00 6.123233995737e-17 -1.034631229187e+00
P5: 5.542562584220e+02 9.600000000000e+02 5.878304635907e-14 2.399937881470e+04 0.000000000000e+00 9.600000000000e+02 -5.542562584220e+02 2.399937881470e+04 0.000000000000e+00 1.000000000000e+00 6.123233995737e-17 2.499935293198e+01
R0_rect: 1.000000000000e+00 0.000000000000e+00 0.000000000000e+00 0.000000000000e+00 1.000000000000e+00 0.000000000000e+00 0.000000000000e+00 0.000000000000e+00 1.000000000000e+00
Tr_velo_to_p2: 0.000000000000e+00 -1.000000000000e+00 0.000000000000e+00 1.095715820985e-06 0.000000000000e+00 0.000000000000e+00 -1.000000000000e+00 -4.999999670747e-01 1.000000000000e+00 0.000000000000e+00 0.000000000000e+00 -2.240219512028e+00
imu_to_world: -6.237384580831e-01 -7.816031936644e-01 6.839850993104e-03 -5.688471984863e+01 7.816290761640e-01 -6.237395005590e-01 2.241146470206e-03 8.204029083252e+01 2.514598003754e-03 6.744115656504e-03 9.999740965150e-01 5.445697531104e-02
p2_to_world: -7.816031936644e-01 -6.839850993104e-03 -6.237384580831e-01 -5.826809310913e+01 -6.237395005590e-01 -2.241146470206e-03 7.816290761640e-01 8.379587554932e+01 6.744115656504e-03 -9.999740965150e-01 2.514598003754e-03 2.097828388214e+00
