P0: -5.542562584220e+02 0.000000000000e+00 -9.600000000000e+02 -4.301222883029e+03 -4.408728476930e-14 5.542562584220e+02 -3.600000000000e+02 -1.612958581136e+03 -1.224646799147e-16 0.000000000000e+00 -1.000000000000e+00 -4.480440503155e+00
P1: -9.600000000000e+02 0.000000000000e+00 5.542562584220e+02 2.483804899776e+02 -3.600000000000e+02 5.542562584220e+02 2.204364238465e-14 -3.724780844339e+02 -1.000000000000e+00 0.000000000000e+00 6.123233995737e-17 -1.034661345650e+00
P2: 5.542562584220e+02 0.000000000000e+00 9.600000000000e+02 0.000000000000e+00 0.000000000000e+00 5.542562584220e+02 3.600000000000e+02 0.000000000000e+00 0.000000000000e+00 0.000000000000e+00 1.000000000000e+00 0.000000000000e+00
P3: 5.542562584220e+02 0.000000000000e+00 9.600000000000e+02 -4.434051755657e+02 0.000000000000e+00 5.542562584220e+02 3.600000000000e+02 0.000000000000e+00 0.000000000000e+00 0.000000000000e+00 1.000000000000e+00 0.000000000000e+00
P4: 9.600000000000e+02 0.000000000000e+00 -5.542562584220e+02 -2.234925323553e+03 3.600000000000e+02 5.542562584220e+02 2.204364238465e-14 -3.724754826523e+02 1.000000000000e+00 0.000000000000e+00 6.123233995737e-17 -1.034654118479e+00
P5: 5.542562584220e+02 9.600000000000e+02 5.878304635907e-14 2.400000183105e+04 0.000000000000e+00 9.600000000000e+02 -5.542562584220e+02 2.400000183105e+04 0.000000000000e+00 1.000000000000e+00 6.123233995737e-17 2.500000190735e+01
R0_rect: 1.000000000000e+00 0.000000000000e+00 0.000000000000e+00 0.000000000000e+00 1.000000000000e+00 0.000000000000e+00 0.000000000000e+00 0.000000000000e+00 1.000000000000e+00
Tr_velo_to_p2: 0.000000000000e+00 -1.000000000000e+00 0.000000000000e+00 -2.199172069594e-06 0.000000000000e+00 0.000000000000e+00 -1.000000000000e+00 -5.000001885506e-01 1.000000000000e+00 0.000000000000e+00 0.000000000000e+00 -2.240217756436e+00
imu_to_world: -1.329632596705e-01 -9.911209671688e-01 -4.027246687302e-06 -5.465074920654e+01 9.911209671252e-01 -1.329632597040e-01 9.683291727253e-06 7.838059234619e+01 -1.013278930927e-05 -2.703966599174e-06 9.999999999450e-01 5.847297608852e-02
p2_to_world: -9.911209671688e-01 4.027246687302e-06 -1.329632596705e-01 -5.494862747192e+01 -1.329632597040e-01 -9.683291727253e-06 9.911209671252e-01 8.060093688965e+01 -2.703966599174e-06 -9.999999999450e-01 -1.013278930927e-05 2.096240997314e+00
