P0: -5.542562584220e+02 0.000000000000e+00 -9.600000000000e+02 -4.301215623842e+03 -4.408728476930e-14 5.542562584220e+02 -3.600000000000e+02 -1.612955858941e+03 -1.224646799147e-16 0.000000000000e+00 -1.000000000000e+00 -4.480432941502e+00
P1: -9.600000000000e+02 0.000000000000e+00 5.542562584220e+02 2.483834757116e+02 -3.600000000000e+02 5.542562584220e+02 2.204364238465e-14 -3.724768307255e+02 -1.000000000000e+00 0.000000000000e+00 6.123233995737e-17 -1.034657863126e+00
P2: 5.542562584220e+02 0.000000000000e+00 9.600000000000e+02 0.000000000000e+00 0.000000000000e+00 5.542562584220e+02 3.600000000000e+02 0.000000000000e+00 0.000000000000e+00 0.000000000000e+00 1.000000000000e+00 0.000000000000e+00
P3: 5.542562584220e+02 0.000000000000e+00 9.600000000000e+02 -4.434046133121e+02 0.000000000000e+00 5.542562584220e+02 3.600000000000e+02 0.000000000000e+00 0.000000000000e+00 0.000000000000e+00 1.000000000000e+00 0.000000000000e+00
P4: 9.600000000000e+02 0.000000000000e+00 -5.542562584220e+02 -2.234919948599e+03 3.600000000000e+02 5.542562584220e+02 2.204364238465e-14 -3.724750100689e+02 1.000000000000e+00 0.000000000000e+00 6.123233995737e-17 -1.034652805747e+00
P5: 5.542562584220e+02 9.600000000000e+02 5.878304635907e-14 2.399999954224e+04 0.000000000000e+00 9.600000000000e+02 -5.542562584220e+02 2.399999954224e+04 0.000000000000e+00 1.000000000000e+00 6.123233995737e-17 2.499999952316e+01
R0_rect: 1.000000000000e+00 0.000000000000e+00 0.000000000000e+00 0.000000000000e+00 1.000000000000e+00 0.000000000000e+00 0.000000000000e+00 0.000000000000e+00 1.000000000000e+00
Tr_velo_to_p2: 0.000000000000e+00 -1.000000000000e+00 0.000000000000e+00 1.842861482474e-07 0.000000000000e+00 0.000000000000e+00 -1.000000000000e+00 -4.999998537211e-01 1.000000000000e+00 0.000000000000e+00 0.000000000000e+00 -2.240212369928e+00
imu_to_world: -1.329631276857e-01 -9.911209848711e-01 -4.908289575669e-06 -5.465074920654e+01 9.911209847621e-01 -1.329631277452e-01 1.497757185125e-05 7.838059234619e+01 -1.549720729805e-05 -2.873243999257e-06 9.999999998758e-01 5.847545340657e-02
p2_to_world: -9.911209848711e-01 4.908289575669e-06 -1.329631276857e-01 -5.494862747192e+01 -1.329631277452e-01 -1.497757185125e-05 9.911209847621e-01 8.060094451904e+01 -2.873243999257e-06 -9.999999998758e-01 -1.549720729805e-05 2.096231937408e+00
