P0: -5.542562584220e+02 0.000000000000e+00 -9.600000000000e+02 -4.301222396102e+03 -4.408728476930e-14 5.542562584220e+02 -3.600000000000e+02 -1.612958398538e+03 -1.224646799147e-16 0.000000000000e+00 -1.000000000000e+00 -4.480439995939e+00
P1: -9.600000000000e+02 0.000000000000e+00 5.542562584220e+02 2.483780347228e+02 -3.600000000000e+02 5.542562584220e+02 2.204364238465e-14 -3.724784415616e+02 -1.000000000000e+00 0.000000000000e+00 6.123233995737e-17 -1.034662337671e+00
P2: 5.542562584220e+02 0.000000000000e+00 9.600000000000e+02 0.000000000000e+00 0.000000000000e+00 5.542562584220e+02 3.600000000000e+02 0.000000000000e+00 0.000000000000e+00 0.000000000000e+00 1.000000000000e+00 0.000000000000e+00
P3: 5.542562584220e+02 0.000000000000e+00 9.600000000000e+02 -4.434025177654e+02 0.000000000000e+00 5.542562584220e+02 3.600000000000e+02 0.000000000000e+00 0.000000000000e+00 0.000000000000e+00 1.000000000000e+00 0.000000000000e+00
P4: 9.600000000000e+02 0.000000000000e+00 -5.542562584220e+02 -2.234925311856e+03 3.600000000000e+02 5.542562584220e+02 2.204364238465e-14 -3.724751255202e+02 1.000000000000e+00 0.000000000000e+00 6.123233995737e-17 -1.034653126445e+00
P5: 5.542562584220e+02 9.600000000000e+02 5.878304635907e-14 2.400000022888e+04 0.000000000000e+00 9.600000000000e+02 -5.542562584220e+02 2.400000022888e+04 0.000000000000e+00 1.000000000000e+00 6.123233995737e-17 2.500000023842e+01
R0_rect: 1.000000000000e+00 0.000000000000e+00 0.000000000000e+00 0.000000000000e+00 1.000000000000e+00 0.000000000000e+00 0.000000000000e+00 0.000000000000e+00 1.000000000000e+00
Tr_velo_to_p2: 0.000000000000e+00 -1.000000000000e+00 0.000000000000e+00 -3.595857322498e-06 0.000000000000e+00 0.000000000000e+00 -1.000000000000e+00 -4.999997563586e-01 1.000000000000e+00 0.000000000000e+00 0.000000000000e+00 -2.240214958346e+00
imu_to_world: -1.329611480062e-01 -9.911212477839e-01 -7.288454846980e-05 -5.465073013306e+01 9.911212500157e-01 -1.329611497978e-01 2.029167262112e-05 7.838057708740e+01 -2.980232125491e-05 -6.953942069955e-05 9.999999971380e-01 5.848598480225e-02
p2_to_world: -9.911212477839e-01 7.288454846980e-05 -1.329611480062e-01 -5.494874572754e+01 -1.329611497978e-01 -2.029167262112e-05 9.911212500157e-01 8.060094451904e+01 -6.953942069955e-05 -9.999999971380e-01 -2.980232125491e-05 2.096210241318e+00
