P0: -5.542562584220e+02 0.000000000000e+00 -9.600000000000e+02 -4.301202822684e+03 -4.408728476930e-14 5.542562584220e+02 -3.600000000000e+02 -1.612951058506e+03 -1.224646799147e-16 0.000000000000e+00 -1.000000000000e+00 -4.480419606962e+00
P1: -9.600000000000e+02 0.000000000000e+00 5.542562584220e+02 2.483832813518e+02 -3.600000000000e+02 5.542562584220e+02 2.204364238465e-14 -3.724752272011e+02 -1.000000000000e+00 0.000000000000e+00 6.123233995737e-17 -1.034653408892e+00
P2: 5.542562584220e+02 0.000000000000e+00 9.600000000000e+02 0.000000000000e+00 0.000000000000e+00 5.542562584220e+02 3.600000000000e+02 0.000000000000e+00 0.000000000000e+00 0.000000000000e+00 1.000000000000e+00 0.000000000000e+00
P3: 5.542562584220e+02 0.000000000000e+00 9.600000000000e+02 -4.434066611080e+02 0.000000000000e+00 5.542562584220e+02 3.600000000000e+02 0.000000000000e+00 0.000000000000e+00 0.000000000000e+00 1.000000000000e+00 0.000000000000e+00
P4: 9.600000000000e+02 0.000000000000e+00 -5.542562584220e+02 -2.234922860910e+03 3.600000000000e+02 5.542562584220e+02 2.204364238465e-14 -3.724774102193e+02 1.000000000000e+00 0.000000000000e+00 6.123233995737e-17 -1.034659472831e+00
P5: 5.542562584220e+02 9.600000000000e+02 5.878304635907e-14 2.399990135193e+04 0.000000000000e+00 9.600000000000e+02 -5.542562584220e+02 2.399990135193e+04 0.000000000000e+00 1.000000000000e+00 6.123233995737e-17 2.499989724159e+01
R0_rect: 1.000000000000e+00 0.000000000000e+00 0.000000000000e+00 0.000000000000e+00 1.000000000000e+00 0.000000000000e+00 0.000000000000e+00 0.000000000000e+00 1.000000000000e+00
Tr_velo_to_p2: 0.000000000000e+00 -1.000000000000e+00 0.000000000000e+00 2.458731136485e-06 0.000000000000e+00 0.000000000000e+00 -1.000000000000e+00 -4.999999540496e-01 1.000000000000e+00 0.000000000000e+00 0.000000000000e+00 -2.240217265183e+00
imu_to_world: -1.355682930391e-01 -9.907670955239e-01 1.341771081988e-03 -5.465794754028e+01 9.907643040576e-01 -1.355713635970e-01 -2.549348471190e-03 7.840863037109e+01 2.707716315499e-03 9.837680716493e-04 9.999958502278e-01 5.729423463345e-02
p2_to_world: -9.907670955239e-01 -1.341771081988e-03 -1.355682930391e-01 -5.495891571045e+01 -1.355713635970e-01 2.549348471190e-03 9.907643040576e-01 8.062296295166e+01 9.837680716493e-04 -9.999958502278e-01 2.707716315499e-03 2.101142644882e+00
