P0: -5.542562584220e+02 0.000000000000e+00 -9.600000000000e+02 -4.301213189247e+03 -4.408728476930e-14 5.542562584220e+02 -3.600000000000e+02 -1.612954945968e+03 -1.224646799147e-16 0.000000000000e+00 -1.000000000000e+00 -4.480430405466e+00
P1: -9.600000000000e+02 0.000000000000e+00 5.542562584220e+02 2.483808255063e+02 -3.600000000000e+02 5.542562584220e+02 2.204364238465e-14 -3.724765060455e+02 -1.000000000000e+00 0.000000000000e+00 6.123233995737e-17 -1.034656961238e+00
P2: 5.542562584220e+02 0.000000000000e+00 9.600000000000e+02 0.000000000000e+00 0.000000000000e+00 5.542562584220e+02 3.600000000000e+02 0.000000000000e+00 0.000000000000e+00 0.000000000000e+00 1.000000000000e+00 0.000000000000e+00
P3: 5.542562584220e+02 0.000000000000e+00 9.600000000000e+02 -4.434025177628e+02 0.000000000000e+00 5.542562584220e+02 3.600000000000e+02 0.000000000000e+00 0.000000000000e+00 0.000000000000e+00 1.000000000000e+00 0.000000000000e+00
P4: 9.600000000000e+02 0.000000000000e+00 -5.542562584220e+02 -2.234925992161e+03 3.600000000000e+02 5.542562584220e+02 2.204364238465e-14 -3.724766958445e+02 1.000000000000e+00 0.000000000000e+00 6.123233995737e-17 -1.034657488457e+00
P5: 5.542562584220e+02 9.600000000000e+02 5.878304635907e-14 2.399998352051e+04 0.000000000000e+00 9.600000000000e+02 -5.542562584220e+02 2.399998352051e+04 0.000000000000e+00 1.000000000000e+00 6.123233995737e-17 2.499998283386e+01
R0_rect: 1.000000000000e+00 0.000000000000e+00 0.000000000000e+00 0.000000000000e+00 1.000000000000e+00 0.000000000000e+00 0.000000000000e+00 0.000000000000e+00 1.000000000000e+00
Tr_velo_to_p2: 0.000000000000e+00 -1.000000000000e+00 0.000000000000e+00 -4.006480235429e-06 0.000000000000e+00 0.000000000000e+00 -1.000000000000e+00 -5.000000728441e-01 1.000000000000e+00 0.000000000000e+00 0.000000000000e+00 -2.240220165778e+00
imu_to_world: -1.329584229822e-01 -9.911215532399e-01 -3.527908753998e-04 -5.465062332153e+01 9.911209667014e-01 -1.329587349016e-01 1.097350583556e-03 7.838019561768e+01 -1.134514443301e-03 -2.037564304214e-04 9.999993356799e-01 5.896369740367e-02
p2_to_world: -9.911215532399e-01 3.527908753998e-04 -1.329584229822e-01 -5.494919967651e+01 -1.329587349016e-01 -1.097350583556e-03 9.911209667014e-01 8.060276031494e+01 -2.037564304214e-04 -9.999993356799e-01 -1.134514443301e-03 2.094211578369e+00
