P0: -5.542562584220e+02 0.000000000000e+00 -9.600000000000e+02 -4.301211721419e+03 -4.408728476930e-14 5.542562584220e+02 -3.600000000000e+02 -1.612954395532e+03 -1.224646799147e-16 0.000000000000e+00 -1.000000000000e+00 -4.480428876478e+00
P1: -9.600000000000e+02 0.000000000000e+00 5.542562584220e+02 2.483780039832e+02 -3.600000000000e+02 5.542562584220e+02 2.204364238465e-14 -3.724770478340e+02 -1.000000000000e+00 0.000000000000e+00 6.123233995737e-17 -1.034658466206e+00
P2: 5.542562584220e+02 0.000000000000e+00 9.600000000000e+02 0.000000000000e+00 0.000000000000e+00 5.542562584220e+02 3.600000000000e+02 0.000000000000e+00 0.000000000000e+00 0.000000000000e+00 1.000000000000e+00 0.000000000000e+00
P3: 5.542562584220e+02 0.000000000000e+00 9.600000000000e+02 -4.434033616435e+02 0.000000000000e+00 5.542562584220e+02 3.600000000000e+02 0.000000000000e+00 0.000000000000e+00 0.000000000000e+00 1.000000000000e+00 0.000000000000e+00
P4: 9.600000000000e+02 0.000000000000e+00 -5.542562584220e+02 -2.234923765976e+03 3.600000000000e+02 5.542562584220e+02 2.204364238465e-14 -3.724771287062e+02 1.000000000000e+00 0.000000000000e+00 6.123233995737e-17 -1.034658690850e+00
P5: 5.542562584220e+02 9.600000000000e+02 5.878304635907e-14 2.399999565125e+04 0.000000000000e+00 9.600000000000e+02 -5.542562584220e+02 2.399999565125e+04 0.000000000000e+00 1.000000000000e+00 6.123233995737e-17 2.499999547005e+01
R0_rect: 1.000000000000e+00 0.000000000000e+00 0.000000000000e+00 0.000000000000e+00 1.000000000000e+00 0.000000000000e+00 0.000000000000e+00 0.000000000000e+00 1.000000000000e+00
Tr_velo_to_p2: 0.000000000000e+00 -1.000000000000e+00 0.000000000000e+00 -4.240305989477e-06 0.000000000000e+00 0.000000000000e+00 -1.000000000000e+00 -4.999997365656e-01 1.000000000000e+00 0.000000000000e+00 0.000000000000e+00 -2.240210434214e+00
imu_to_world: -1.332992517731e-01 -9.910758176218e-01 1.822139404760e-04 -5.465173721313e+01 9.910757549669e-01 -1.332993124374e-01 -3.757931369436e-04 7.838455200195e+01 3.967284834351e-04 1.304948746467e-04 9.999999127888e-01 5.829635635018e-02
p2_to_world: -9.910758176218e-01 -1.822139404760e-04 -1.332992517731e-01 -5.494998550415e+01 -1.332993124374e-01 3.757931369436e-04 9.910757549669e-01 8.060400390625e+01 1.304948746467e-04 -9.999999127888e-01 3.967284834351e-04 2.096976041794e+00
