P0: -5.542562584220e+02 0.000000000000e+00 -9.600000000000e+02 -4.301073818172e+03 -4.408728476930e-14 5.542562584220e+02 -3.600000000000e+02 -1.612902681814e+03 -1.224646799147e-16 0.000000000000e+00 -1.000000000000e+00 -4.480285227262e+00
P1: -9.600000000000e+02 0.000000000000e+00 5.542562584220e+02 2.483453702160e+02 -3.600000000000e+02 5.542562584220e+02 2.204364238465e-14 -3.724766091408e+02 -1.000000000000e+00 0.000000000000e+00 6.123233995737e-17 -1.034657247613e+00
P2: 5.542562584220e+02 0.000000000000e+00 9.600000000000e+02 0.000000000000e+00 0.000000000000e+00 5.542562584220e+02 3.600000000000e+02 0.000000000000e+00 0.000000000000e+00 0.000000000000e+00 1.000000000000e+00 0.000000000000e+00
P3: 5.542562584220e+02 0.000000000000e+00 9.600000000000e+02 -4.434055089553e+02 0.000000000000e+00 5.542562584220e+02 3.600000000000e+02 0.000000000000e+00 0.000000000000e+00 0.000000000000e+00 1.000000000000e+00 0.000000000000e+00
P4: 9.600000000000e+02 0.000000000000e+00 -5.542562584220e+02 -2.234887580743e+03 3.600000000000e+02 5.542562584220e+02 2.204364238465e-14 -3.724790855387e+02 1.000000000000e+00 0.000000000000e+00 6.123233995737e-17 -1.034664126496e+00
P5: 5.542562584220e+02 9.600000000000e+02 5.878304635907e-14 2.399919090271e+04 0.000000000000e+00 9.600000000000e+02 -5.542562584220e+02 2.399919090271e+04 0.000000000000e+00 1.000000000000e+00 6.123233995737e-17 2.499915719032e+01
R0_rect: 1.000000000000e+00 0.000000000000e+00 0.000000000000e+00 0.000000000000e+00 1.000000000000e+00 0.000000000000e+00 0.000000000000e+00 0.000000000000e+00 1.000000000000e+00
Tr_velo_to_p2: 0.000000000000e+00 -1.000000000000e+00 0.000000000000e+00 2.139618745485e-06 0.000000000000e+00 0.000000000000e+00 -1.000000000000e+00 -4.999996940167e-01 1.000000000000e+00 0.000000000000e+00 0.000000000000e+00 -2.240222998334e+00
imu_to_world: -9.986060394357e-01 -5.215158105364e-02 -8.135760324116e-03 -9.553745269775e+01 5.214405395749e-02 -9.986389287629e-01 1.134722966156e-03 8.802995300293e+01 -8.183864571489e-03 7.089096817635e-04 9.999662603347e-01 6.566233001649e-03
p2_to_world: -5.215158105364e-02 8.135760324116e-03 -9.986060394357e-01 -9.779112243652e+01 -9.986389287629e-01 -1.134722966156e-03 5.214405395749e-02 8.814907836914e+01 7.089096817635e-04 -9.999662603347e-01 -8.183864571489e-03 2.025954961777e+00
