P0: -5.542562584220e+02 0.000000000000e+00 -9.600000000000e+02 -4.301052558904e+03 -4.408728476930e-14 5.542562584220e+02 -3.600000000000e+02 -1.612894709589e+03 -1.224646799147e-16 0.000000000000e+00 -1.000000000000e+00 -4.480263082192e+00
P1: -9.600000000000e+02 0.000000000000e+00 5.542562584220e+02 2.483344998225e+02 -3.600000000000e+02 5.542562584220e+02 2.204364238465e-14 -3.724753392656e+02 -1.000000000000e+00 0.000000000000e+00 6.123233995737e-17 -1.034653720182e+00
P2: 5.542562584220e+02 0.000000000000e+00 9.600000000000e+02 0.000000000000e+00 0.000000000000e+00 5.542562584220e+02 3.600000000000e+02 0.000000000000e+00 0.000000000000e+00 0.000000000000e+00 1.000000000000e+00 0.000000000000e+00
P3: 5.542562584220e+02 0.000000000000e+00 9.600000000000e+02 -4.434055207551e+02 0.000000000000e+00 5.542562584220e+02 3.600000000000e+02 0.000000000000e+00 0.000000000000e+00 0.000000000000e+00 1.000000000000e+00 0.000000000000e+00
P4: 9.600000000000e+02 0.000000000000e+00 -5.542562584220e+02 -2.234879579241e+03 3.600000000000e+02 5.542562584220e+02 2.204364238465e-14 -3.724770098875e+02 1.000000000000e+00 0.000000000000e+00 6.123233995737e-17 -1.034658360798e+00
P5: 5.542562584220e+02 9.600000000000e+02 5.878304635907e-14 2.399907188416e+04 0.000000000000e+00 9.600000000000e+02 -5.542562584220e+02 2.399907188416e+04 0.000000000000e+00 1.000000000000e+00 6.123233995737e-17 2.499903321266e+01
R0_rect: 1.000000000000e+00 0.000000000000e+00 0.000000000000e+00 0.000000000000e+00 1.000000000000e+00 0.000000000000e+00 0.000000000000e+00 0.000000000000e+00 1.000000000000e+00
Tr_velo_to_p2: 0.000000000000e+00 -1.000000000000e+00 0.000000000000e+00 3.894064148425e-07 0.000000000000e+00 0.000000000000e+00 -1.000000000000e+00 -5.000000754623e-01 1.000000000000e+00 0.000000000000e+00 0.000000000000e+00 -2.240217337914e+00
imu_to_world: -9.999545555791e-01 3.713999716645e-03 -8.780260971354e-03 -1.013216171265e+02 -3.711495981178e-03 -9.999930669441e-01 -3.014321434640e-04 8.807541656494e+01 -8.781319616209e-03 -2.688305417459e-04 9.999614073333e-01 6.758988834918e-03
p2_to_world: 3.713999716645e-03 8.780260971354e-03 -9.999545555791e-01 -1.035796279907e+02 -9.999930669441e-01 3.014321434640e-04 -3.711495981178e-03 8.806649017334e+01 -2.688305417459e-04 -9.999614073333e-01 -8.781319616209e-03 2.024799108505e+00
