P0: -5.542562584220e+02 0.000000000000e+00 -9.600000000000e+02 -4.300998846496e+03 -4.408728476930e-14 5.542562584220e+02 -3.600000000000e+02 -1.612874567436e+03 -1.224646799147e-16 0.000000000000e+00 -1.000000000000e+00 -4.480207131767e+00
P1: -9.600000000000e+02 0.000000000000e+00 5.542562584220e+02 2.483074420270e+02 -3.600000000000e+02 5.542562584220e+02 2.204364238465e-14 -3.724594884832e+02 -1.000000000000e+00 0.000000000000e+00 6.123233995737e-17 -1.034609690231e+00
P2: 5.542562584220e+02 0.000000000000e+00 9.600000000000e+02 0.000000000000e+00 0.000000000000e+00 5.542562584220e+02 3.600000000000e+02 0.000000000000e+00 0.000000000000e+00 0.000000000000e+00 1.000000000000e+00 0.000000000000e+00
P3: 5.542562584220e+02 0.000000000000e+00 9.600000000000e+02 -4.433835546086e+02 0.000000000000e+00 5.542562584220e+02 3.600000000000e+02 0.000000000000e+00 0.000000000000e+00 0.000000000000e+00 1.000000000000e+00 0.000000000000e+00
P4: 9.600000000000e+02 0.000000000000e+00 -5.542562584220e+02 -2.234863734273e+03 3.600000000000e+02 5.542562584220e+02 2.204364238465e-14 -3.724556467361e+02 1.000000000000e+00 0.000000000000e+00 6.123233995737e-17 -1.034599018711e+00
P5: 5.542562584220e+02 9.600000000000e+02 5.878304635907e-14 2.399754066467e+04 0.000000000000e+00 9.600000000000e+02 -5.542562584220e+02 2.399754066467e+04 0.000000000000e+00 1.000000000000e+00 6.123233995737e-17 2.499743819237e+01
R0_rect: 1.000000000000e+00 0.000000000000e+00 0.000000000000e+00 0.000000000000e+00 1.000000000000e+00 0.000000000000e+00 0.000000000000e+00 0.000000000000e+00 1.000000000000e+00
Tr_velo_to_p2: 0.000000000000e+00 -1.000000000000e+00 0.000000000000e+00 8.236938357435e-06 0.000000000000e+00 0.000000000000e+00 -1.000000000000e+00 -4.999998239401e-01 1.000000000000e+00 0.000000000000e+00 0.000000000000e+00 -2.240219498126e+00
imu_to_world: -9.857354573513e-01 -1.678935155924e-01 1.172073131207e-02 -6.376409912109e+01 1.679944482910e-01 -9.857535960764e-01 8.228800998352e-03 8.442243194580e+01 1.017219071079e-02 1.008043870590e-02 9.998974503876e-01 -4.139061085880e-03
p2_to_world: -1.678935155924e-01 -1.172073131207e-02 -9.857354573513e-01 -6.594847869873e+01 -9.857535960764e-01 -8.228800998352e-03 1.679944482910e-01 8.481554412842e+01 1.008043870590e-02 -9.998974503876e-01 1.017219071079e-02 2.056230783463e+00
