P0: -5.542562584220e+02 0.000000000000e+00 -9.600000000000e+02 -4.301211008975e+03 -4.408728476930e-14 5.542562584220e+02 -3.600000000000e+02 -1.612954128365e+03 -1.224646799147e-16 0.000000000000e+00 -1.000000000000e+00 -4.480428134348e+00
P1: -9.600000000000e+02 0.000000000000e+00 5.542562584220e+02 2.483762094901e+02 -3.600000000000e+02 5.542562584220e+02 2.204364238465e-14 -3.724776119845e+02 -1.000000000000e+00 0.000000000000e+00 6.123233995737e-17 -1.034660033290e+00
P2: 5.542562584220e+02 0.000000000000e+00 9.600000000000e+02 0.000000000000e+00 0.000000000000e+00 5.542562584220e+02 3.600000000000e+02 0.000000000000e+00 0.000000000000e+00 0.000000000000e+00 1.000000000000e+00 0.000000000000e+00
P3: 5.542562584220e+02 0.000000000000e+00 9.600000000000e+02 -4.434034080788e+02 0.000000000000e+00 5.542562584220e+02 3.600000000000e+02 0.000000000000e+00 0.000000000000e+00 0.000000000000e+00 1.000000000000e+00 0.000000000000e+00
P4: 9.600000000000e+02 0.000000000000e+00 -5.542562584220e+02 -2.234913350776e+03 3.600000000000e+02 5.542562584220e+02 2.204364238465e-14 -3.724733740507e+02 1.000000000000e+00 0.000000000000e+00 6.123233995737e-17 -1.034648261252e+00
P5: 5.542562584220e+02 9.600000000000e+02 5.878304635907e-14 2.399998077393e+04 0.000000000000e+00 9.600000000000e+02 -5.542562584220e+02 2.399998077393e+04 0.000000000000e+00 1.000000000000e+00 6.123233995737e-17 2.499997997284e+01
R0_rect: 1.000000000000e+00 0.000000000000e+00 0.000000000000e+00 0.000000000000e+00 1.000000000000e+00 0.000000000000e+00 0.000000000000e+00 0.000000000000e+00 1.000000000000e+00
Tr_velo_to_p2: 0.000000000000e+00 -1.000000000000e+00 0.000000000000e+00 1.072553301373e-07 0.000000000000e+00 0.000000000000e+00 -1.000000000000e+00 -5.000002611581e-01 1.000000000000e+00 0.000000000000e+00 0.000000000000e+00 -2.240210005068e+00
imu_to_world: -9.995775930400e-01 -2.903871458029e-02 1.178366619539e-03 -9.724883270264e+01 2.903926696322e-02 -9.995781682781e-01 4.543963005132e-04 8.807025146484e+01 1.164674462641e-03 4.884232631986e-04 9.999992024877e-01 2.514185151085e-03
p2_to_world: -2.903871458029e-02 -1.178366619539e-03 -9.995775930400e-01 -9.948570251465e+01 -9.995781682781e-01 -4.543963005132e-04 2.903926696322e-02 8.813623046875e+01 4.884232631986e-04 -9.999992024877e-01 1.164674462641e-03 2.042912483215e+00
