P0: -5.542562584220e+02 0.000000000000e+00 -9.600000000000e+02 -4.301220909459e+03 -4.408728476930e-14 5.542562584220e+02 -3.600000000000e+02 -1.612957841047e+03 -1.224646799147e-16 0.000000000000e+00 -1.000000000000e+00 -4.480438447353e+00
P1: -9.600000000000e+02 0.000000000000e+00 5.542562584220e+02 2.483839662097e+02 -3.600000000000e+02 5.542562584220e+02 2.204364238465e-14 -3.724760823158e+02 -1.000000000000e+00 0.000000000000e+00 6.123233995737e-17 -1.034655784211e+00
P2: 5.542562584220e+02 0.000000000000e+00 9.600000000000e+02 0.000000000000e+00 0.000000000000e+00 5.542562584220e+02 3.600000000000e+02 0.000000000000e+00 0.000000000000e+00 0.000000000000e+00 1.000000000000e+00 0.000000000000e+00
P3: 5.542562584220e+02 0.000000000000e+00 9.600000000000e+02 -4.434006380464e+02 0.000000000000e+00 5.542562584220e+02 3.600000000000e+02 0.000000000000e+00 0.000000000000e+00 0.000000000000e+00 1.000000000000e+00 0.000000000000e+00
P4: 9.600000000000e+02 0.000000000000e+00 -5.542562584220e+02 -2.234928185133e+03 3.600000000000e+02 5.542562584220e+02 2.204364238465e-14 -3.724764953493e+02 1.000000000000e+00 0.000000000000e+00 6.123233995737e-17 -1.034656931526e+00
P5: 5.542562584220e+02 9.600000000000e+02 5.878304635907e-14 2.399999473572e+04 0.000000000000e+00 9.600000000000e+02 -5.542562584220e+02 2.399999473572e+04 0.000000000000e+00 1.000000000000e+00 6.123233995737e-17 2.499999451637e+01
R0_rect: 1.000000000000e+00 0.000000000000e+00 0.000000000000e+00 0.000000000000e+00 1.000000000000e+00 0.000000000000e+00 0.000000000000e+00 0.000000000000e+00 1.000000000000e+00
Tr_velo_to_p2: 0.000000000000e+00 -1.000000000000e+00 0.000000000000e+00 -2.869729226441e-06 0.000000000000e+00 0.000000000000e+00 -1.000000000000e+00 -5.000000659269e-01 1.000000000000e+00 0.000000000000e+00 0.000000000000e+00 -2.240228802206e+00
imu_to_world: -9.997749318637e-01 -2.120319444974e-02 7.142562609323e-04 -9.799942779541e+01 2.120329309914e-02 -9.997751763503e-01 1.308260177070e-04 8.807939910889e+01 7.113217497404e-04 1.459411577874e-04 9.999997363612e-01 2.709154505283e-03
p2_to_world: -2.120319444974e-02 -7.142562609323e-04 -9.997749318637e-01 -1.002376937866e+02 -9.997751763503e-01 -1.308260177070e-04 2.120329309914e-02 8.812716674805e+01 1.459411577874e-04 -9.999997363612e-01 7.113217497404e-04 2.042093038559e+00
