P0: -5.542562584220e+02 0.000000000000e+00 -9.600000000000e+02 -4.301223273348e+03 -4.408728476930e-14 5.542562584220e+02 -3.600000000000e+02 -1.612958727505e+03 -1.224646799147e-16 0.000000000000e+00 -1.000000000000e+00 -4.480440909737e+00
P1: -9.600000000000e+02 0.000000000000e+00 5.542562584220e+02 2.483908600262e+02 -3.600000000000e+02 5.542562584220e+02 2.204364238465e-14 -3.724749701029e+02 -1.000000000000e+00 0.000000000000e+00 6.123233995737e-17 -1.034652694730e+00
P2: 5.542562584220e+02 0.000000000000e+00 9.600000000000e+02 0.000000000000e+00 0.000000000000e+00 5.542562584220e+02 3.600000000000e+02 0.000000000000e+00 0.000000000000e+00 0.000000000000e+00 1.000000000000e+00 0.000000000000e+00
P3: 5.542562584220e+02 0.000000000000e+00 9.600000000000e+02 -4.434027362182e+02 0.000000000000e+00 5.542562584220e+02 3.600000000000e+02 0.000000000000e+00 0.000000000000e+00 0.000000000000e+00 1.000000000000e+00 0.000000000000e+00
P4: 9.600000000000e+02 0.000000000000e+00 -5.542562584220e+02 -2.234930086502e+03 3.600000000000e+02 5.542562584220e+02 2.204364238465e-14 -3.724781712678e+02 1.000000000000e+00 0.000000000000e+00 6.123233995737e-17 -1.034661586855e+00
P5: 5.542562584220e+02 9.600000000000e+02 5.878304635907e-14 2.399999862671e+04 0.000000000000e+00 9.600000000000e+02 -5.542562584220e+02 2.399999862671e+04 0.000000000000e+00 1.000000000000e+00 6.123233995737e-17 2.499999856949e+01
R0_rect: 1.000000000000e+00 0.000000000000e+00 0.000000000000e+00 0.000000000000e+00 1.000000000000e+00 0.000000000000e+00 0.000000000000e+00 0.000000000000e+00 1.000000000000e+00
Tr_velo_to_p2: 0.000000000000e+00 -1.000000000000e+00 0.000000000000e+00 7.540232236745e-06 0.000000000000e+00 0.000000000000e+00 -1.000000000000e+00 -5.000001055127e-01 1.000000000000e+00 0.000000000000e+00 0.000000000000e+00 -2.240216593000e+00
imu_to_world: -9.999993997617e-01 1.093503074057e-03 6.875440050792e-05 -1.009378509521e+02 -1.093493723070e-03 -9.999993929016e-01 1.358964626750e-04 8.807798004150e+01 6.890296196693e-05 1.358211985994e-04 9.999999884025e-01 2.988046966493e-03
p2_to_world: 1.093503074057e-03 -6.875440050792e-05 -9.999993997617e-01 -1.031779251099e+02 -9.999993929016e-01 -1.358964626750e-04 -1.093493723070e-03 8.807580566406e+01 1.358211985994e-04 -9.999999884025e-01 6.890296196693e-05 2.040933132172e+00
