P0: -5.542562584220e+02 0.000000000000e+00 -9.600000000000e+02 -4.301211877367e+03 -4.408728476930e-14 5.542562584220e+02 -3.600000000000e+02 -1.612954454013e+03 -1.224646799147e-16 0.000000000000e+00 -1.000000000000e+00 -4.480429038924e+00
P1: -9.600000000000e+02 0.000000000000e+00 5.542562584220e+02 2.483946721128e+02 -3.600000000000e+02 5.542562584220e+02 2.204364238465e-14 -3.724717603279e+02 -1.000000000000e+00 0.000000000000e+00 6.123233995737e-17 -1.034643778689e+00
P2: 5.542562584220e+02 0.000000000000e+00 9.600000000000e+02 0.000000000000e+00 0.000000000000e+00 5.542562584220e+02 3.600000000000e+02 0.000000000000e+00 0.000000000000e+00 0.000000000000e+00 1.000000000000e+00 0.000000000000e+00
P3: 5.542562584220e+02 0.000000000000e+00 9.600000000000e+02 -4.434114132181e+02 0.000000000000e+00 5.542562584220e+02 3.600000000000e+02 0.000000000000e+00 0.000000000000e+00 0.000000000000e+00 1.000000000000e+00 0.000000000000e+00
P4: 9.600000000000e+02 0.000000000000e+00 -5.542562584220e+02 -2.234931668580e+03 3.600000000000e+02 5.542562584220e+02 2.204364238465e-14 -3.724794197203e+02 1.000000000000e+00 0.000000000000e+00 6.123233995737e-17 -1.034665054779e+00
P5: 5.542562584220e+02 9.600000000000e+02 5.878304635907e-14 2.399999359131e+04 0.000000000000e+00 9.600000000000e+02 -5.542562584220e+02 2.399999359131e+04 0.000000000000e+00 1.000000000000e+00 6.123233995737e-17 2.499999332428e+01
R0_rect: 1.000000000000e+00 0.000000000000e+00 0.000000000000e+00 0.000000000000e+00 1.000000000000e+00 0.000000000000e+00 0.000000000000e+00 0.000000000000e+00 1.000000000000e+00
Tr_velo_to_p2: 0.000000000000e+00 -1.000000000000e+00 0.000000000000e+00 6.217091940497e-06 0.000000000000e+00 0.000000000000e+00 -1.000000000000e+00 -5.000000616859e-01 1.000000000000e+00 0.000000000000e+00 0.000000000000e+00 -2.240207920433e+00
imu_to_world: -9.999796909483e-01 -6.338439753769e-03 -6.647347947184e-04 -9.975908660889e+01 6.338279548019e-03 -9.999798834188e-01 2.428373851959e-04 8.808441925049e+01 -6.662606326630e-04 2.386191784447e-04 9.999997495788e-01 3.307375125587e-03
p2_to_world: -6.338439753769e-03 6.647347947184e-04 -9.999796909483e-01 -1.020006103516e+02 -9.999798834188e-01 -2.428373851959e-04 6.338279548019e-03 8.809912109375e+01 2.386191784447e-04 -9.999997495788e-01 -6.662606326630e-04 2.039605140686e+00
