P0: -5.542562584220e+02 0.000000000000e+00 -9.600000000000e+02 -4.301211868013e+03 -4.408728476930e-14 5.542562584220e+02 -3.600000000000e+02 -1.612954450505e+03 -1.224646799147e-16 0.000000000000e+00 -1.000000000000e+00 -4.480429029180e+00
P1: -9.600000000000e+02 0.000000000000e+00 5.542562584220e+02 2.483765761829e+02 -3.600000000000e+02 5.542562584220e+02 2.204364238465e-14 -3.724781832775e+02 -1.000000000000e+00 0.000000000000e+00 6.123233995737e-17 -1.034661620215e+00
P2: 5.542562584220e+02 0.000000000000e+00 9.600000000000e+02 0.000000000000e+00 0.000000000000e+00 5.542562584220e+02 3.600000000000e+02 0.000000000000e+00 0.000000000000e+00 0.000000000000e+00 1.000000000000e+00 0.000000000000e+00
P3: 5.542562584220e+02 0.000000000000e+00 9.600000000000e+02 -4.434035884193e+02 0.000000000000e+00 5.542562584220e+02 3.600000000000e+02 0.000000000000e+00 0.000000000000e+00 0.000000000000e+00 1.000000000000e+00 0.000000000000e+00
P4: 9.600000000000e+02 0.000000000000e+00 -5.542562584220e+02 -2.234921714320e+03 3.600000000000e+02 5.542562584220e+02 2.204364238465e-14 -3.724753560264e+02 1.000000000000e+00 0.000000000000e+00 6.123233995737e-17 -1.034653766740e+00
P5: 5.542562584220e+02 9.600000000000e+02 5.878304635907e-14 2.399998764038e+04 0.000000000000e+00 9.600000000000e+02 -5.542562584220e+02 2.399998764038e+04 0.000000000000e+00 1.000000000000e+00 6.123233995737e-17 2.499998712540e+01
R0_rect: 1.000000000000e+00 0.000000000000e+00 0.000000000000e+00 0.000000000000e+00 1.000000000000e+00 0.000000000000e+00 0.000000000000e+00 0.000000000000e+00 1.000000000000e+00
Tr_velo_to_p2: 0.000000000000e+00 -1.000000000000e+00 0.000000000000e+00 1.943236374156e-06 0.000000000000e+00 0.000000000000e+00 -1.000000000000e+00 -5.000000310443e-01 1.000000000000e+00 0.000000000000e+00 0.000000000000e+00 -2.240218906750e+00
imu_to_world: -9.994822661712e-01 -3.216273631568e-02 8.706331311788e-04 -9.700086975098e+01 3.216302941709e-02 -9.994825831720e-01 3.247683027253e-04 8.806657409668e+01 8.597372136615e-04 3.526023581980e-04 9.999995682617e-01 2.647585235536e-03
p2_to_world: -3.216273631568e-02 -8.706331311788e-04 -9.994822661712e-01 -9.923815155029e+01 -9.994825831720e-01 -3.247683027253e-04 3.216302941709e-02 8.813928222656e+01 3.526023581980e-04 -9.999995682617e-01 8.597372136615e-04 2.042363643646e+00
