P0: -5.542562584220e+02 0.000000000000e+00 -9.600000000000e+02 -4.301207740192e+03 -4.408728476930e-14 5.542562584220e+02 -3.600000000000e+02 -1.612952902572e+03 -1.224646799147e-16 0.000000000000e+00 -1.000000000000e+00 -4.480424729366e+00
P1: -9.600000000000e+02 0.000000000000e+00 5.542562584220e+02 2.483842614118e+02 -3.600000000000e+02 5.542562584220e+02 2.204364238465e-14 -3.724767394343e+02 -1.000000000000e+00 0.000000000000e+00 6.123233995737e-17 -1.034657609540e+00
P2: 5.542562584220e+02 0.000000000000e+00 9.600000000000e+02 0.000000000000e+00 0.000000000000e+00 5.542562584220e+02 3.600000000000e+02 0.000000000000e+00 0.000000000000e+00 0.000000000000e+00 1.000000000000e+00 0.000000000000e+00
P3: 5.542562584220e+02 0.000000000000e+00 9.600000000000e+02 -4.434033929712e+02 0.000000000000e+00 5.542562584220e+02 3.600000000000e+02 0.000000000000e+00 0.000000000000e+00 0.000000000000e+00 1.000000000000e+00 0.000000000000e+00
P4: 9.600000000000e+02 0.000000000000e+00 -5.542562584220e+02 -2.234918150622e+03 3.600000000000e+02 5.542562584220e+02 2.204364238465e-14 -3.724747657203e+02 1.000000000000e+00 0.000000000000e+00 6.123233995737e-17 -1.034652127001e+00
P5: 5.542562584220e+02 9.600000000000e+02 5.878304635907e-14 2.399994895935e+04 0.000000000000e+00 9.600000000000e+02 -5.542562584220e+02 2.399994895935e+04 0.000000000000e+00 1.000000000000e+00 6.123233995737e-17 2.499994683266e+01
R0_rect: 1.000000000000e+00 0.000000000000e+00 0.000000000000e+00 0.000000000000e+00 1.000000000000e+00 0.000000000000e+00 0.000000000000e+00 0.000000000000e+00 1.000000000000e+00
Tr_velo_to_p2: 0.000000000000e+00 -1.000000000000e+00 0.000000000000e+00 -3.495720106560e-06 0.000000000000e+00 0.000000000000e+00 -1.000000000000e+00 -4.999999331154e-01 1.000000000000e+00 0.000000000000e+00 0.000000000000e+00 -2.240210351356e+00
imu_to_world: -9.999957669533e-01 2.045598454297e-03 -2.069203326865e-03 -1.011574783325e+02 -2.045568227420e-03 -9.999979076833e-01 -1.672422527096e-05 8.807644653320e+01 -2.069233208486e-03 -1.249145789502e-05 9.999978590567e-01 3.917955793440e-03
p2_to_world: 2.045598454297e-03 2.069203326865e-03 -9.999957669533e-01 -1.034019012451e+02 -9.999979076833e-01 1.672422527096e-05 -2.045568227420e-03 8.807182312012e+01 -1.249145789502e-05 -9.999978590567e-01 -2.069233208486e-03 2.037069082260e+00
