P0: -5.542562584220e+02 0.000000000000e+00 -9.600000000000e+02 -4.301101621377e+03 -4.408728476930e-14 5.542562584220e+02 -3.600000000000e+02 -1.612913108016e+03 -1.224646799147e-16 0.000000000000e+00 -1.000000000000e+00 -4.480314188935e+00
P1: -9.600000000000e+02 0.000000000000e+00 5.542562584220e+02 2.483670999731e+02 -3.600000000000e+02 5.542562584220e+02 2.204364238465e-14 -3.724719778920e+02 -1.000000000000e+00 0.000000000000e+00 6.123233995737e-17 -1.034644383033e+00
P2: 5.542562584220e+02 0.000000000000e+00 9.600000000000e+02 0.000000000000e+00 0.000000000000e+00 5.542562584220e+02 3.600000000000e+02 0.000000000000e+00 0.000000000000e+00 0.000000000000e+00 1.000000000000e+00 0.000000000000e+00
P3: 5.542562584220e+02 0.000000000000e+00 9.600000000000e+02 -4.434075704777e+02 0.000000000000e+00 5.542562584220e+02 3.600000000000e+02 0.000000000000e+00 0.000000000000e+00 0.000000000000e+00 1.000000000000e+00 0.000000000000e+00
P4: 9.600000000000e+02 0.000000000000e+00 -5.542562584220e+02 -2.234892019966e+03 3.600000000000e+02 5.542562584220e+02 2.204364238465e-14 -3.724794730974e+02 1.000000000000e+00 0.000000000000e+00 6.123233995737e-17 -1.034665203048e+00
P5: 5.542562584220e+02 9.600000000000e+02 5.878304635907e-14 2.399929618835e+04 0.000000000000e+00 9.600000000000e+02 -5.542562584220e+02 2.399929618835e+04 0.000000000000e+00 1.000000000000e+00 6.123233995737e-17 2.499926686287e+01
R0_rect: 1.000000000000e+00 0.000000000000e+00 0.000000000000e+00 0.000000000000e+00 1.000000000000e+00 0.000000000000e+00 0.000000000000e+00 0.000000000000e+00 1.000000000000e+00
Tr_velo_to_p2: 0.000000000000e+00 -1.000000000000e+00 0.000000000000e+00 3.073662860051e-06 0.000000000000e+00 0.000000000000e+00 -1.000000000000e+00 -5.000000530606e-01 1.000000000000e+00 0.000000000000e+00 0.000000000000e+00 -2.240217483999e+00
imu_to_world: -9.907873950010e-01 -1.352329329821e-01 7.238214163057e-03 -7.698085021973e+01 1.352183968354e-01 -9.908127552816e-01 -2.463560157723e-03 8.589949798584e+01 7.504869383923e-03 -1.462124636019e-03 9.999707691363e-01 -8.628921204945e-05
p2_to_world: -1.352329329821e-01 -7.238214163057e-03 -9.907873950010e-01 -7.918568420410e+01 -9.908127552816e-01 2.463560157723e-03 1.352183968354e-01 8.619740295410e+01 -1.462124636019e-03 -9.999707691363e-01 7.504869383923e-03 2.054457426071e+00
