P0: -5.542562584220e+02 0.000000000000e+00 -9.600000000000e+02 -4.301085610971e+03 -4.408728476930e-14 5.542562584220e+02 -3.600000000000e+02 -1.612907104114e+03 -1.224646799147e-16 0.000000000000e+00 -1.000000000000e+00 -4.480297511428e+00
P1: -9.600000000000e+02 0.000000000000e+00 5.542562584220e+02 2.483521821045e+02 -3.600000000000e+02 5.542562584220e+02 2.204364238465e-14 -3.724766823007e+02 -1.000000000000e+00 0.000000000000e+00 6.123233995737e-17 -1.034657450835e+00
P2: 5.542562584220e+02 0.000000000000e+00 9.600000000000e+02 0.000000000000e+00 0.000000000000e+00 5.542562584220e+02 3.600000000000e+02 0.000000000000e+00 0.000000000000e+00 0.000000000000e+00 1.000000000000e+00 0.000000000000e+00
P3: 5.542562584220e+02 0.000000000000e+00 9.600000000000e+02 -4.434036682169e+02 0.000000000000e+00 5.542562584220e+02 3.600000000000e+02 0.000000000000e+00 0.000000000000e+00 0.000000000000e+00 1.000000000000e+00 0.000000000000e+00
P4: 9.600000000000e+02 0.000000000000e+00 -5.542562584220e+02 -2.234887822025e+03 3.600000000000e+02 5.542562584220e+02 2.204364238465e-14 -3.724775813747e+02 1.000000000000e+00 0.000000000000e+00 6.123233995737e-17 -1.034659948263e+00
P5: 5.542562584220e+02 9.600000000000e+02 5.878304635907e-14 2.399924285889e+04 0.000000000000e+00 9.600000000000e+02 -5.542562584220e+02 2.399924285889e+04 0.000000000000e+00 1.000000000000e+00 6.123233995737e-17 2.499921131134e+01
R0_rect: 1.000000000000e+00 0.000000000000e+00 0.000000000000e+00 0.000000000000e+00 1.000000000000e+00 0.000000000000e+00 0.000000000000e+00 0.000000000000e+00 1.000000000000e+00
Tr_velo_to_p2: 0.000000000000e+00 -1.000000000000e+00 0.000000000000e+00 6.520405779095e-06 0.000000000000e+00 0.000000000000e+00 -1.000000000000e+00 -5.000001768474e-01 1.000000000000e+00 0.000000000000e+00 0.000000000000e+00 -2.240221835701e+00
imu_to_world: -9.938072665168e-01 -1.108520743191e-01 7.676889831774e-03 -7.008811950684e+01 1.108394707198e-01 -9.938362094441e-01 -2.049519067916e-03 8.502064514160e+01 7.856764530765e-03 -1.185924536831e-03 9.999684319188e-01 -2.594001707621e-04
p2_to_world: -1.108520743191e-01 -7.676889831774e-03 -9.938072665168e-01 -7.229882049561e+01 -9.938362094441e-01 2.049519067916e-03 1.108394707198e-01 8.526477050781e+01 -1.185924536831e-03 -9.999684319188e-01 7.856764530765e-03 2.055068016052e+00
