P0: -5.542562584220e+02 0.000000000000e+00 -9.600000000000e+02 -4.301215365967e+03 -4.408728476930e-14 5.542562584220e+02 -3.600000000000e+02 -1.612955762238e+03 -1.224646799147e-16 0.000000000000e+00 -1.000000000000e+00 -4.480432672883e+00
P1: -9.600000000000e+02 0.000000000000e+00 5.542562584220e+02 2.483907965032e+02 -3.600000000000e+02 5.542562584220e+02 2.204364238465e-14 -3.724742507538e+02 -1.000000000000e+00 0.000000000000e+00 6.123233995737e-17 -1.034650696538e+00
P2: 5.542562584220e+02 0.000000000000e+00 9.600000000000e+02 0.000000000000e+00 0.000000000000e+00 5.542562584220e+02 3.600000000000e+02 0.000000000000e+00 0.000000000000e+00 0.000000000000e+00 1.000000000000e+00 0.000000000000e+00
P3: 5.542562584220e+02 0.000000000000e+00 9.600000000000e+02 -4.434055537122e+02 0.000000000000e+00 5.542562584220e+02 3.600000000000e+02 0.000000000000e+00 0.000000000000e+00 0.000000000000e+00 1.000000000000e+00 0.000000000000e+00
P4: 9.600000000000e+02 0.000000000000e+00 -5.542562584220e+02 -2.234919625913e+03 3.600000000000e+02 5.542562584220e+02 2.204364238465e-14 -3.724752156409e+02 1.000000000000e+00 0.000000000000e+00 6.123233995737e-17 -1.034653376780e+00
P5: 5.542562584220e+02 9.600000000000e+02 5.878304635907e-14 2.399987617493e+04 0.000000000000e+00 9.600000000000e+02 -5.542562584220e+02 2.399987617493e+04 0.000000000000e+00 1.000000000000e+00 6.123233995737e-17 2.499987101555e+01
R0_rect: 1.000000000000e+00 0.000000000000e+00 0.000000000000e+00 0.000000000000e+00 1.000000000000e+00 0.000000000000e+00 0.000000000000e+00 0.000000000000e+00 1.000000000000e+00
Tr_velo_to_p2: 0.000000000000e+00 -1.000000000000e+00 0.000000000000e+00 -3.501964571679e-07 0.000000000000e+00 0.000000000000e+00 -1.000000000000e+00 -4.999997419898e-01 1.000000000000e+00 0.000000000000e+00 0.000000000000e+00 -2.240215418346e+00
imu_to_world: -9.944704969214e-01 -1.050162943287e-01 9.315762618032e-05 -9.044493103027e+01 1.050160496385e-01 -9.944653269082e-01 3.216037251833e-03 8.766448211670e+01 -2.450942854372e-04 3.208037209844e-03 9.999948241996e-01 3.329349914566e-03
p2_to_world: -1.050162943287e-01 -9.315762618032e-05 -9.944704969214e-01 -9.267256927490e+01 -9.944653269082e-01 -3.216037251833e-03 1.050160496385e-01 8.790629577637e+01 3.208037209844e-03 -9.999948241996e-01 -2.450942854372e-04 2.040560960770e+00
