P0: -5.542562584220e+02 0.000000000000e+00 -9.600000000000e+02 -4.301095168060e+03 -4.408728476930e-14 5.542562584220e+02 -3.600000000000e+02 -1.612910688023e+03 -1.224646799147e-16 0.000000000000e+00 -1.000000000000e+00 -4.480307466729e+00
P1: -9.600000000000e+02 0.000000000000e+00 5.542562584220e+02 2.484620590378e+02 -3.600000000000e+02 5.542562584220e+02 2.204364238465e-14 -3.724521497852e+02 -1.000000000000e+00 0.000000000000e+00 6.123233995737e-17 -1.034589304959e+00
P2: 5.542562584220e+02 0.000000000000e+00 9.600000000000e+02 0.000000000000e+00 0.000000000000e+00 5.542562584220e+02 3.600000000000e+02 0.000000000000e+00 0.000000000000e+00 0.000000000000e+00 1.000000000000e+00 0.000000000000e+00
P3: 5.542562584220e+02 0.000000000000e+00 9.600000000000e+02 -4.433821806312e+02 0.000000000000e+00 5.542562584220e+02 3.600000000000e+02 0.000000000000e+00 0.000000000000e+00 0.000000000000e+00 1.000000000000e+00 0.000000000000e+00
P4: 9.600000000000e+02 0.000000000000e+00 -5.542562584220e+02 -2.234779210582e+03 3.600000000000e+02 5.542562584220e+02 2.204364238465e-14 -3.724532059840e+02 1.000000000000e+00 0.000000000000e+00 6.123233995737e-17 -1.034592238844e+00
P5: 5.542562584220e+02 9.600000000000e+02 5.878304635907e-14 2.399781944275e+04 0.000000000000e+00 9.600000000000e+02 -5.542562584220e+02 2.399781944275e+04 0.000000000000e+00 1.000000000000e+00 6.123233995737e-17 2.499772858620e+01
R0_rect: 1.000000000000e+00 0.000000000000e+00 0.000000000000e+00 0.000000000000e+00 1.000000000000e+00 0.000000000000e+00 0.000000000000e+00 0.000000000000e+00 1.000000000000e+00
Tr_velo_to_p2: 0.000000000000e+00 -1.000000000000e+00 0.000000000000e+00 4.511586141061e-06 0.000000000000e+00 0.000000000000e+00 -1.000000000000e+00 -5.000002052242e-01 1.000000000000e+00 0.000000000000e+00 0.000000000000e+00 -2.240218394974e+00
imu_to_world: -9.971432166290e-01 -7.523519429896e-02 6.713499059076e-03 -6.856446838379e+01 7.515349059004e-02 -9.971034566267e-01 -1.168972348619e-02 8.484627532959e+01 7.573531735650e-03 -1.115178559016e-02 9.999091355194e-01 -5.062155469204e-05
p2_to_world: -7.523519429896e-02 -6.713499059076e-03 -9.971432166290e-01 -7.078460693359e+01 -9.971034566267e-01 1.168972348619e-02 7.515349059004e-02 8.499082183838e+01 -1.115178559016e-02 -9.999091355194e-01 7.573531735650e-03 2.054521322250e+00
