P0: -5.542562584220e+02 0.000000000000e+00 -9.600000000000e+02 -4.301093176278e+03 -4.408728476930e-14 5.542562584220e+02 -3.600000000000e+02 -1.612909941104e+03 -1.224646799147e-16 0.000000000000e+00 -1.000000000000e+00 -4.480305391956e+00
P1: -9.600000000000e+02 0.000000000000e+00 5.542562584220e+02 2.484766736833e+02 -3.600000000000e+02 5.542562584220e+02 2.204364238465e-14 -3.724488907432e+02 -1.000000000000e+00 0.000000000000e+00 6.123233995737e-17 -1.034580252064e+00
P2: 5.542562584220e+02 0.000000000000e+00 9.600000000000e+02 0.000000000000e+00 0.000000000000e+00 5.542562584220e+02 3.600000000000e+02 0.000000000000e+00 0.000000000000e+00 0.000000000000e+00 1.000000000000e+00 0.000000000000e+00
P3: 5.542562584220e+02 0.000000000000e+00 9.600000000000e+02 -4.433652414024e+02 0.000000000000e+00 5.542562584220e+02 3.600000000000e+02 0.000000000000e+00 0.000000000000e+00 0.000000000000e+00 1.000000000000e+00 0.000000000000e+00
P4: 9.600000000000e+02 0.000000000000e+00 -5.542562584220e+02 -2.234757532081e+03 3.600000000000e+02 5.542562584220e+02 2.204364238465e-14 -3.724477292295e+02 1.000000000000e+00 0.000000000000e+00 6.123233995737e-17 -1.034577025638e+00
P5: 5.542562584220e+02 9.600000000000e+02 5.878304635907e-14 2.399746994019e+04 0.000000000000e+00 9.600000000000e+02 -5.542562584220e+02 2.399746994019e+04 0.000000000000e+00 1.000000000000e+00 6.123233995737e-17 2.499736452103e+01
R0_rect: 1.000000000000e+00 0.000000000000e+00 0.000000000000e+00 0.000000000000e+00 1.000000000000e+00 0.000000000000e+00 0.000000000000e+00 0.000000000000e+00 1.000000000000e+00
Tr_velo_to_p2: 0.000000000000e+00 -1.000000000000e+00 0.000000000000e+00 -5.713816095872e-08 0.000000000000e+00 0.000000000000e+00 -1.000000000000e+00 -5.000002118091e-01 1.000000000000e+00 0.000000000000e+00 0.000000000000e+00 -2.240218856005e+00
imu_to_world: -9.943039191087e-01 -1.063922581627e-01 6.356402134004e-03 -6.931409454346e+01 1.063028585322e-01 -9.942481465128e-01 -1.305087827339e-02 8.494343566895e+01 7.708353450737e-03 -1.230083569822e-02 9.998946298127e-01 -1.708989584586e-04
p2_to_world: -1.063922581627e-01 -6.356402134004e-03 -9.943039191087e-01 -7.152860260010e+01 -9.942481465128e-01 1.305087827339e-02 1.063028585322e-01 8.515497589111e+01 -1.230083569822e-02 -9.998946298127e-01 7.708353450737e-03 2.054673671722e+00
