P0: -5.542562584220e+02 0.000000000000e+00 -9.600000000000e+02 -4.300713117915e+03 -4.408728476930e-14 5.542562584220e+02 -3.600000000000e+02 -1.612767419218e+03 -1.224646799147e-16 0.000000000000e+00 -1.000000000000e+00 -4.479909497829e+00
P1: -9.600000000000e+02 0.000000000000e+00 5.542562584220e+02 2.482404170403e+02 -3.600000000000e+02 5.542562584220e+02 2.204364238465e-14 -3.724752802757e+02 -1.000000000000e+00 0.000000000000e+00 6.123233995737e-17 -1.034653556321e+00
P2: 5.542562584220e+02 0.000000000000e+00 9.600000000000e+02 0.000000000000e+00 0.000000000000e+00 5.542562584220e+02 3.600000000000e+02 0.000000000000e+00 0.000000000000e+00 0.000000000000e+00 1.000000000000e+00 0.000000000000e+00
P3: 5.542562584220e+02 0.000000000000e+00 9.600000000000e+02 -4.434079888353e+02 0.000000000000e+00 5.542562584220e+02 3.600000000000e+02 0.000000000000e+00 0.000000000000e+00 0.000000000000e+00 1.000000000000e+00 0.000000000000e+00
P4: 9.600000000000e+02 0.000000000000e+00 -5.542562584220e+02 -2.234785837875e+03 3.600000000000e+02 5.542562584220e+02 2.204364238465e-14 -3.724768365078e+02 1.000000000000e+00 0.000000000000e+00 6.123233995737e-17 -1.034657879188e+00
P5: 5.542562584220e+02 9.600000000000e+02 5.878304635907e-14 2.399722137451e+04 0.000000000000e+00 9.600000000000e+02 -5.542562584220e+02 2.399722137451e+04 0.000000000000e+00 1.000000000000e+00 6.123233995737e-17 2.499710559845e+01
R0_rect: 1.000000000000e+00 0.000000000000e+00 0.000000000000e+00 0.000000000000e+00 1.000000000000e+00 0.000000000000e+00 0.000000000000e+00 0.000000000000e+00 1.000000000000e+00
Tr_velo_to_p2: 0.000000000000e+00 -1.000000000000e+00 0.000000000000e+00 -7.750906554871e-08 0.000000000000e+00 0.000000000000e+00 -1.000000000000e+00 -4.999999272163e-01 1.000000000000e+00 0.000000000000e+00 0.000000000000e+00 -2.240223307723e+00
imu_to_world: -9.998814310530e-01 2.410712958796e-03 -1.520895455065e-02 -1.012527923584e+02 -2.405352819233e-03 -9.999970384194e-01 -3.707158288991e-04 8.807569122314e+01 -1.520980319756e-02 -3.340889718076e-04 9.998842684387e-01 9.668420068920e-03
p2_to_world: 2.410712958796e-03 1.520895455065e-02 -9.998814310530e-01 -1.035237350464e+02 -9.999970384194e-01 3.707158288991e-04 -2.405352819233e-03 8.806954956055e+01 -3.340889718076e-04 -9.998842684387e-01 -1.520980319756e-02 2.013150215149e+00
