P0: -5.542562584220e+02 0.000000000000e+00 -9.600000000000e+02 -4.300848425695e+03 -4.408728476930e-14 5.542562584220e+02 -3.600000000000e+02 -1.612818159636e+03 -1.224646799147e-16 0.000000000000e+00 -1.000000000000e+00 -4.480050443433e+00
P1: -9.600000000000e+02 0.000000000000e+00 5.542562584220e+02 2.482998654591e+02 -3.600000000000e+02 5.542562584220e+02 2.204364238465e-14 -3.724736578961e+02 -1.000000000000e+00 0.000000000000e+00 6.123233995737e-17 -1.034649049711e+00
P2: 5.542562584220e+02 0.000000000000e+00 9.600000000000e+02 0.000000000000e+00 0.000000000000e+00 5.542562584220e+02 3.600000000000e+02 0.000000000000e+00 0.000000000000e+00 0.000000000000e+00 1.000000000000e+00 0.000000000000e+00
P3: 5.542562584220e+02 0.000000000000e+00 9.600000000000e+02 -4.434048237594e+02 0.000000000000e+00 5.542562584220e+02 3.600000000000e+02 0.000000000000e+00 0.000000000000e+00 0.000000000000e+00 1.000000000000e+00 0.000000000000e+00
P4: 9.600000000000e+02 0.000000000000e+00 -5.542562584220e+02 -2.234802404928e+03 3.600000000000e+02 5.542562584220e+02 2.204364238465e-14 -3.724758515408e+02 1.000000000000e+00 0.000000000000e+00 6.123233995737e-17 -1.034655143169e+00
P5: 5.542562584220e+02 9.600000000000e+02 5.878304635907e-14 2.399790367126e+04 0.000000000000e+00 9.600000000000e+02 -5.542562584220e+02 2.399790367126e+04 0.000000000000e+00 1.000000000000e+00 6.123233995737e-17 2.499781632423e+01
R0_rect: 1.000000000000e+00 0.000000000000e+00 0.000000000000e+00 0.000000000000e+00 1.000000000000e+00 0.000000000000e+00 0.000000000000e+00 0.000000000000e+00 1.000000000000e+00
Tr_velo_to_p2: 0.000000000000e+00 -1.000000000000e+00 0.000000000000e+00 2.117345951172e-06 0.000000000000e+00 0.000000000000e+00 -1.000000000000e+00 -4.999999349824e-01 1.000000000000e+00 0.000000000000e+00 0.000000000000e+00 -2.240215442717e+00
imu_to_world: -9.948668641081e-01 -1.003750361281e-01 -1.283646454222e-02 -9.096227264404e+01 1.003426917730e-01 -9.949479775135e-01 3.141058663117e-03 8.771440124512e+01 -1.308689831150e-02 1.836889777140e-03 9.999126756515e-01 8.858982473612e-03
p2_to_world: -1.003750361281e-01 1.283646454222e-02 -9.948668641081e-01 -9.321714782715e+01 -9.949479775135e-01 -3.141058663117e-03 1.003426917730e-01 8.794559478760e+01 1.836889777140e-03 -9.999126756515e-01 -1.308689831150e-02 2.017154455185e+00
