P0: -5.542562584220e+02 0.000000000000e+00 -9.600000000000e+02 -4.301061933949e+03 -4.408728476930e-14 5.542562584220e+02 -3.600000000000e+02 -1.612898225231e+03 -1.224646799147e-16 0.000000000000e+00 -1.000000000000e+00 -4.480272847863e+00
P1: -9.600000000000e+02 0.000000000000e+00 5.542562584220e+02 2.483455675238e+02 -3.600000000000e+02 5.542562584220e+02 2.204364238465e-14 -3.724534390177e+02 -1.000000000000e+00 0.000000000000e+00 6.123233995737e-17 -1.034592886160e+00
P2: 5.542562584220e+02 0.000000000000e+00 9.600000000000e+02 0.000000000000e+00 0.000000000000e+00 5.542562584220e+02 3.600000000000e+02 0.000000000000e+00 0.000000000000e+00 0.000000000000e+00 1.000000000000e+00 0.000000000000e+00
P3: 5.542562584220e+02 0.000000000000e+00 9.600000000000e+02 -4.433826675800e+02 0.000000000000e+00 5.542562584220e+02 3.600000000000e+02 0.000000000000e+00 0.000000000000e+00 0.000000000000e+00 1.000000000000e+00 0.000000000000e+00
P4: 9.600000000000e+02 0.000000000000e+00 -5.542562584220e+02 -2.234872669757e+03 3.600000000000e+02 5.542562584220e+02 2.204364238465e-14 -3.724538312461e+02 1.000000000000e+00 0.000000000000e+00 6.123233995737e-17 -1.034593975684e+00
P5: 5.542562584220e+02 9.600000000000e+02 5.878304635907e-14 2.399771026611e+04 0.000000000000e+00 9.600000000000e+02 -5.542562584220e+02 2.399771026611e+04 0.000000000000e+00 1.000000000000e+00 6.123233995737e-17 2.499761486053e+01
R0_rect: 1.000000000000e+00 0.000000000000e+00 0.000000000000e+00 0.000000000000e+00 1.000000000000e+00 0.000000000000e+00 0.000000000000e+00 0.000000000000e+00 1.000000000000e+00
Tr_velo_to_p2: 0.000000000000e+00 -1.000000000000e+00 0.000000000000e+00 5.004185875428e-06 0.000000000000e+00 0.000000000000e+00 -1.000000000000e+00 -4.999999203736e-01 1.000000000000e+00 0.000000000000e+00 0.000000000000e+00 -2.240220086062e+00
imu_to_world: -9.809073112050e-01 -1.941917016448e-01 1.050856017073e-02 -6.309975051880e+01 1.942869916618e-01 -9.809038156627e-01 8.959312992346e-03 8.432541656494e+01 8.568062533036e-03 1.082993215983e-02 9.999046458907e-01 -2.777671674266e-03
p2_to_world: -1.941917016448e-01 -1.050856017073e-02 -9.809073112050e-01 -6.527577972412e+01 -9.809038156627e-01 -8.959312992346e-03 1.942869916618e-01 8.477892303467e+01 1.082993215983e-02 -9.999046458907e-01 8.568062533036e-03 2.054013252258e+00
