P0: -5.542562584220e+02 0.000000000000e+00 -9.600000000000e+02 -4.301088319505e+03 -4.408728476930e-14 5.542562584220e+02 -3.600000000000e+02 -1.612908119815e+03 -1.224646799147e-16 0.000000000000e+00 -1.000000000000e+00 -4.480300332818e+00
P1: -9.600000000000e+02 0.000000000000e+00 5.542562584220e+02 2.483466989516e+02 -3.600000000000e+02 5.542562584220e+02 2.204364238465e-14 -3.724766137672e+02 -1.000000000000e+00 0.000000000000e+00 6.123233995737e-17 -1.034657260464e+00
P2: 5.542562584220e+02 0.000000000000e+00 9.600000000000e+02 0.000000000000e+00 0.000000000000e+00 5.542562584220e+02 3.600000000000e+02 0.000000000000e+00 0.000000000000e+00 0.000000000000e+00 1.000000000000e+00 0.000000000000e+00
P3: 5.542562584220e+02 0.000000000000e+00 9.600000000000e+02 -4.434027141008e+02 0.000000000000e+00 5.542562584220e+02 3.600000000000e+02 0.000000000000e+00 0.000000000000e+00 0.000000000000e+00 1.000000000000e+00 0.000000000000e+00
P4: 9.600000000000e+02 0.000000000000e+00 -5.542562584220e+02 -2.234877140093e+03 3.600000000000e+02 5.542562584220e+02 2.204364238465e-14 -3.724726091338e+02 1.000000000000e+00 0.000000000000e+00 6.123233995737e-17 -1.034646136483e+00
P5: 5.542562584220e+02 9.600000000000e+02 5.878304635907e-14 2.399927604675e+04 0.000000000000e+00 9.600000000000e+02 -5.542562584220e+02 2.399927604675e+04 0.000000000000e+00 1.000000000000e+00 6.123233995737e-17 2.499924588203e+01
R0_rect: 1.000000000000e+00 0.000000000000e+00 0.000000000000e+00 0.000000000000e+00 1.000000000000e+00 0.000000000000e+00 0.000000000000e+00 0.000000000000e+00 1.000000000000e+00
Tr_velo_to_p2: 0.000000000000e+00 -1.000000000000e+00 0.000000000000e+00 -1.134930752229e-05 0.000000000000e+00 0.000000000000e+00 -1.000000000000e+00 -4.999999985929e-01 1.000000000000e+00 0.000000000000e+00 0.000000000000e+00 -2.240214691499e+00
imu_to_world: -9.999598196681e-01 4.492525844135e-03 7.757335934448e-03 -1.015225067139e+02 -4.491270912265e-03 -9.999898981379e-01 1.791864836925e-04 8.807360839844e+01 7.758062570819e-03 1.443389866811e-04 9.999698953626e-01 -3.257050993852e-04
p2_to_world: 4.492525844135e-03 -7.757335934448e-03 -9.999598196681e-01 -1.037468261719e+02 -9.999898981379e-01 -1.791864836925e-04 -4.491270912265e-03 8.806391143799e+01 1.443389866811e-04 -9.999698953626e-01 7.758062570819e-03 2.054783582687e+00
