P0: -5.542562584220e+02 0.000000000000e+00 -9.600000000000e+02 -4.301217806043e+03 -4.408728476930e-14 5.542562584220e+02 -3.600000000000e+02 -1.612956677266e+03 -1.224646799147e-16 0.000000000000e+00 -1.000000000000e+00 -4.480435214629e+00
P1: -9.600000000000e+02 0.000000000000e+00 5.542562584220e+02 2.483884610628e+02 -3.600000000000e+02 5.542562584220e+02 2.204364238465e-14 -3.724748014518e+02 -1.000000000000e+00 0.000000000000e+00 6.123233995737e-17 -1.034652226255e+00
P2: 5.542562584220e+02 0.000000000000e+00 9.600000000000e+02 0.000000000000e+00 0.000000000000e+00 5.542562584220e+02 3.600000000000e+02 0.000000000000e+00 0.000000000000e+00 0.000000000000e+00 1.000000000000e+00 0.000000000000e+00
P3: 5.542562584220e+02 0.000000000000e+00 9.600000000000e+02 -4.434073159248e+02 0.000000000000e+00 5.542562584220e+02 3.600000000000e+02 0.000000000000e+00 0.000000000000e+00 0.000000000000e+00 1.000000000000e+00 0.000000000000e+00
P4: 9.600000000000e+02 0.000000000000e+00 -5.542562584220e+02 -2.234931282139e+03 3.600000000000e+02 5.542562584220e+02 2.204364238465e-14 -3.724785159330e+02 1.000000000000e+00 0.000000000000e+00 6.123233995737e-17 -1.034662544258e+00
P5: 5.542562584220e+02 9.600000000000e+02 5.878304635907e-14 2.399999107361e+04 0.000000000000e+00 9.600000000000e+02 -5.542562584220e+02 2.399999107361e+04 0.000000000000e+00 1.000000000000e+00 6.123233995737e-17 2.499999070168e+01
R0_rect: 1.000000000000e+00 0.000000000000e+00 0.000000000000e+00 0.000000000000e+00 1.000000000000e+00 0.000000000000e+00 0.000000000000e+00 0.000000000000e+00 1.000000000000e+00
Tr_velo_to_p2: 0.000000000000e+00 -1.000000000000e+00 0.000000000000e+00 6.094533447399e-06 0.000000000000e+00 0.000000000000e+00 -1.000000000000e+00 -5.000002076039e-01 1.000000000000e+00 0.000000000000e+00 0.000000000000e+00 -2.240217265434e+00
imu_to_world: -9.905568743069e-01 -1.371023989211e-01 -1.047544104107e-04 -8.375025177002e+01 1.371022957852e-01 -9.905566550194e-01 6.882494023070e-04 8.685042572021e+01 -1.981258224872e-04 6.673881065319e-04 9.999997576696e-01 3.262671409175e-03
p2_to_world: -1.371023989211e-01 1.047544104107e-04 -9.905568743069e-01 -8.596952819824e+01 -9.905566550194e-01 -6.882494023070e-04 1.371022957852e-01 8.715897369385e+01 6.673881065319e-04 -9.999997576696e-01 -1.981258224872e-04 2.040609121323e+00
