P0: -5.542562584220e+02 0.000000000000e+00 -9.600000000000e+02 -4.301084063687e+03 -4.408728476930e-14 5.542562584220e+02 -3.600000000000e+02 -1.612906523883e+03 -1.224646799147e-16 0.000000000000e+00 -1.000000000000e+00 -4.480295899674e+00
P1: -9.600000000000e+02 0.000000000000e+00 5.542562584220e+02 2.484067533222e+02 -3.600000000000e+02 5.542562584220e+02 2.204364238465e-14 -3.724661451943e+02 -1.000000000000e+00 0.000000000000e+00 6.123233995737e-17 -1.034628181095e+00
P2: 5.542562584220e+02 0.000000000000e+00 9.600000000000e+02 0.000000000000e+00 0.000000000000e+00 5.542562584220e+02 3.600000000000e+02 0.000000000000e+00 0.000000000000e+00 0.000000000000e+00 1.000000000000e+00 0.000000000000e+00
P3: 5.542562584220e+02 0.000000000000e+00 9.600000000000e+02 -4.433938678381e+02 0.000000000000e+00 5.542562584220e+02 3.600000000000e+02 0.000000000000e+00 0.000000000000e+00 0.000000000000e+00 1.000000000000e+00 0.000000000000e+00
P4: 9.600000000000e+02 0.000000000000e+00 -5.542562584220e+02 -2.234825422194e+03 3.600000000000e+02 5.542562584220e+02 2.204364238465e-14 -3.724661952716e+02 1.000000000000e+00 0.000000000000e+00 6.123233995737e-17 -1.034628320199e+00
P5: 5.542562584220e+02 9.600000000000e+02 5.878304635907e-14 2.399857040405e+04 0.000000000000e+00 9.600000000000e+02 -5.542562584220e+02 2.399857040405e+04 0.000000000000e+00 1.000000000000e+00 6.123233995737e-17 2.499851083755e+01
R0_rect: 1.000000000000e+00 0.000000000000e+00 0.000000000000e+00 0.000000000000e+00 1.000000000000e+00 0.000000000000e+00 0.000000000000e+00 0.000000000000e+00 1.000000000000e+00
Tr_velo_to_p2: 0.000000000000e+00 -1.000000000000e+00 0.000000000000e+00 -7.319814858660e-07 0.000000000000e+00 0.000000000000e+00 -1.000000000000e+00 -5.000000072316e-01 1.000000000000e+00 0.000000000000e+00 0.000000000000e+00 -2.240217719116e+00
imu_to_world: -9.231838359867e-01 -3.843339459151e-01 -4.361535295643e-03 -6.011969757080e+01 3.842781105526e-01 -9.231632112628e-01 1.000095600444e-02 8.367121887207e+01 -7.870115813673e-03 7.556678385199e-03 9.999404771729e-01 3.093467652798e-02
p2_to_world: -3.843339459151e-01 4.361535295643e-03 -9.231838359867e-01 -6.219671630859e+01 -9.231632112628e-01 -1.000095600444e-02 3.842781105526e-01 8.455246734619e+01 7.556678385199e-03 -9.999404771729e-01 -7.870115813673e-03 2.050973415375e+00
