P0: -5.542562584220e+02 0.000000000000e+00 -9.600000000000e+02 -4.301208449390e+03 -4.408728476930e-14 5.542562584220e+02 -3.600000000000e+02 -1.612953168521e+03 -1.224646799147e-16 0.000000000000e+00 -1.000000000000e+00 -4.480425468114e+00
P1: -9.600000000000e+02 0.000000000000e+00 5.542562584220e+02 2.483848291811e+02 -3.600000000000e+02 5.542562584220e+02 2.204364238465e-14 -3.724760040885e+02 -1.000000000000e+00 0.000000000000e+00 6.123233995737e-17 -1.034655566912e+00
P2: 5.542562584220e+02 0.000000000000e+00 9.600000000000e+02 0.000000000000e+00 0.000000000000e+00 5.542562584220e+02 3.600000000000e+02 0.000000000000e+00 0.000000000000e+00 0.000000000000e+00 1.000000000000e+00 0.000000000000e+00
P3: 5.542562584220e+02 0.000000000000e+00 9.600000000000e+02 -4.434030231701e+02 0.000000000000e+00 5.542562584220e+02 3.600000000000e+02 0.000000000000e+00 0.000000000000e+00 0.000000000000e+00 1.000000000000e+00 0.000000000000e+00
P4: 9.600000000000e+02 0.000000000000e+00 -5.542562584220e+02 -2.234927672635e+03 3.600000000000e+02 5.542562584220e+02 2.204364238465e-14 -3.724792388733e+02 1.000000000000e+00 0.000000000000e+00 6.123233995737e-17 -1.034664552426e+00
P5: 5.542562584220e+02 9.600000000000e+02 5.878304635907e-14 2.399993934631e+04 0.000000000000e+00 9.600000000000e+02 -5.542562584220e+02 2.399993934631e+04 0.000000000000e+00 1.000000000000e+00 6.123233995737e-17 2.499993681908e+01
R0_rect: 1.000000000000e+00 0.000000000000e+00 0.000000000000e+00 0.000000000000e+00 1.000000000000e+00 0.000000000000e+00 0.000000000000e+00 0.000000000000e+00 1.000000000000e+00
Tr_velo_to_p2: 0.000000000000e+00 -1.000000000000e+00 0.000000000000e+00 -2.554330071880e-06 0.000000000000e+00 0.000000000000e+00 -1.000000000000e+00 -5.000000615746e-01 1.000000000000e+00 0.000000000000e+00 0.000000000000e+00 -2.240212109693e+00
imu_to_world: -9.999868048107e-01 -4.642006535816e-03 -2.200449931437e-03 -9.998899841309e+01 4.641595550726e-03 -9.999892093352e-01 1.918432590441e-04 8.808359527588e+01 -2.201316724781e-03 1.816271290246e-04 9.999975606052e-01 3.974756691605e-03
p2_to_world: -4.642006535816e-03 2.200449931437e-03 -9.999868048107e-01 -1.022336730957e+02 -9.999892093352e-01 -1.918432590441e-04 4.641595550726e-03 8.809438323975e+01 1.816271290246e-04 -9.999975606052e-01 -2.201316724781e-03 2.036829233170e+00
