P0: -5.542562584220e+02 0.000000000000e+00 -9.600000000000e+02 -4.301220802390e+03 -4.408728476930e-14 5.542562584220e+02 -3.600000000000e+02 -1.612957800896e+03 -1.224646799147e-16 0.000000000000e+00 -1.000000000000e+00 -4.480438335823e+00
P1: -9.600000000000e+02 0.000000000000e+00 5.542562584220e+02 2.483891345394e+02 -3.600000000000e+02 5.542562584220e+02 2.204364238465e-14 -3.724753324438e+02 -1.000000000000e+00 0.000000000000e+00 6.123233995737e-17 -1.034653701233e+00
P2: 5.542562584220e+02 0.000000000000e+00 9.600000000000e+02 0.000000000000e+00 0.000000000000e+00 5.542562584220e+02 3.600000000000e+02 0.000000000000e+00 0.000000000000e+00 0.000000000000e+00 1.000000000000e+00 0.000000000000e+00
P3: 5.542562584220e+02 0.000000000000e+00 9.600000000000e+02 -4.434066986169e+02 0.000000000000e+00 5.542562584220e+02 3.600000000000e+02 0.000000000000e+00 0.000000000000e+00 0.000000000000e+00 1.000000000000e+00 0.000000000000e+00
P4: 9.600000000000e+02 0.000000000000e+00 -5.542562584220e+02 -2.234923670864e+03 3.600000000000e+02 5.542562584220e+02 2.204364238465e-14 -3.724744437518e+02 1.000000000000e+00 0.000000000000e+00 6.123233995737e-17 -1.034651232644e+00
P5: 5.542562584220e+02 9.600000000000e+02 5.878304635907e-14 2.399998146057e+04 0.000000000000e+00 9.600000000000e+02 -5.542562584220e+02 2.399998146057e+04 0.000000000000e+00 1.000000000000e+00 6.123233995737e-17 2.499998068810e+01
R0_rect: 1.000000000000e+00 0.000000000000e+00 0.000000000000e+00 0.000000000000e+00 1.000000000000e+00 0.000000000000e+00 0.000000000000e+00 0.000000000000e+00 1.000000000000e+00
Tr_velo_to_p2: 0.000000000000e+00 -1.000000000000e+00 0.000000000000e+00 -7.461506475683e-06 0.000000000000e+00 0.000000000000e+00 -1.000000000000e+00 -5.000004167552e-01 1.000000000000e+00 0.000000000000e+00 0.000000000000e+00 -2.240223708777e+00
imu_to_world: -9.999515106799e-01 9.765172421319e-03 -1.271887036293e-03 -1.033218841553e+02 -9.765115978018e-03 -9.999523188390e-01 -5.058026101101e-05 8.805351257324e+01 -1.272320316213e-03 -3.815768398820e-05 9.999991898722e-01 3.570817410946e-03
p2_to_world: 9.765172421319e-03 1.271887036293e-03 -9.999515106799e-01 -1.055645904541e+02 -9.999523188390e-01 5.058026101101e-05 -9.765115978018e-03 8.803153228760e+01 -3.815768398820e-05 -9.999991898722e-01 -1.272320316213e-03 2.038509607315e+00
