P0: -5.542562584220e+02 0.000000000000e+00 -9.600000000000e+02 -4.301219871562e+03 -4.408728476930e-14 5.542562584220e+02 -3.600000000000e+02 -1.612957451836e+03 -1.224646799147e-16 0.000000000000e+00 -1.000000000000e+00 -4.480437366211e+00
P1: -9.600000000000e+02 0.000000000000e+00 5.542562584220e+02 2.483825024655e+02 -3.600000000000e+02 5.542562584220e+02 2.204364238465e-14 -3.724769925837e+02 -1.000000000000e+00 0.000000000000e+00 6.123233995737e-17 -1.034658312732e+00
P2: 5.542562584220e+02 0.000000000000e+00 9.600000000000e+02 0.000000000000e+00 0.000000000000e+00 5.542562584220e+02 3.600000000000e+02 0.000000000000e+00 0.000000000000e+00 0.000000000000e+00 1.000000000000e+00 0.000000000000e+00
P3: 5.542562584220e+02 0.000000000000e+00 9.600000000000e+02 -4.434029767062e+02 0.000000000000e+00 5.542562584220e+02 3.600000000000e+02 0.000000000000e+00 0.000000000000e+00 0.000000000000e+00 1.000000000000e+00 0.000000000000e+00
P4: 9.600000000000e+02 0.000000000000e+00 -5.542562584220e+02 -2.234927074914e+03 3.600000000000e+02 5.542562584220e+02 2.204364238465e-14 -3.724750949623e+02 1.000000000000e+00 0.000000000000e+00 6.123233995737e-17 -1.034653041562e+00
P5: 5.542562584220e+02 9.600000000000e+02 5.878304635907e-14 2.399995628357e+04 0.000000000000e+00 9.600000000000e+02 -5.542562584220e+02 2.399995628357e+04 0.000000000000e+00 1.000000000000e+00 6.123233995737e-17 2.499995446205e+01
R0_rect: 1.000000000000e+00 0.000000000000e+00 0.000000000000e+00 0.000000000000e+00 1.000000000000e+00 0.000000000000e+00 0.000000000000e+00 0.000000000000e+00 1.000000000000e+00
Tr_velo_to_p2: 0.000000000000e+00 -1.000000000000e+00 0.000000000000e+00 -1.467070020186e-06 0.000000000000e+00 0.000000000000e+00 -1.000000000000e+00 -4.999999365780e-01 1.000000000000e+00 0.000000000000e+00 0.000000000000e+00 -2.240221875453e+00
imu_to_world: -9.901544780419e-01 -1.399666723267e-01 1.854791487392e-03 -8.181256866455e+01 1.399677005802e-01 -9.901559739080e-01 4.360373953387e-04 8.658130645752e+01 1.775502168359e-03 6.913552791343e-04 9.999981848083e-01 2.401541918516e-03
p2_to_world: -1.399666723267e-01 -1.854791487392e-03 -9.901544780419e-01 -8.402695465088e+01 -9.901559739080e-01 -4.360373953387e-04 1.399677005802e-01 8.689575195312e+01 6.913552791343e-04 -9.999981848083e-01 1.775502168359e-03 2.044166326523e+00
