P0: -5.542562584220e+02 0.000000000000e+00 -9.600000000000e+02 -4.301101637525e+03 -4.408728476930e-14 5.542562584220e+02 -3.600000000000e+02 -1.612913114072e+03 -1.224646799147e-16 0.000000000000e+00 -1.000000000000e+00 -4.480314205755e+00
P1: -9.600000000000e+02 0.000000000000e+00 5.542562584220e+02 2.483582767503e+02 -3.600000000000e+02 5.542562584220e+02 2.204364238465e-14 -3.724755839685e+02 -1.000000000000e+00 0.000000000000e+00 6.123233995737e-17 -1.034654399913e+00
P2: 5.542562584220e+02 0.000000000000e+00 9.600000000000e+02 0.000000000000e+00 0.000000000000e+00 5.542562584220e+02 3.600000000000e+02 0.000000000000e+00 0.000000000000e+00 0.000000000000e+00 1.000000000000e+00 0.000000000000e+00
P3: 5.542562584220e+02 0.000000000000e+00 9.600000000000e+02 -4.434052388376e+02 0.000000000000e+00 5.542562584220e+02 3.600000000000e+02 0.000000000000e+00 0.000000000000e+00 0.000000000000e+00 1.000000000000e+00 0.000000000000e+00
P4: 9.600000000000e+02 0.000000000000e+00 -5.542562584220e+02 -2.234892959957e+03 3.600000000000e+02 5.542562584220e+02 2.204364238465e-14 -3.724787666913e+02 1.000000000000e+00 0.000000000000e+00 6.123233995737e-17 -1.034663240809e+00
P5: 5.542562584220e+02 9.600000000000e+02 5.878304635907e-14 2.399928474426e+04 0.000000000000e+00 9.600000000000e+02 -5.542562584220e+02 2.399928474426e+04 0.000000000000e+00 1.000000000000e+00 6.123233995737e-17 2.499925494194e+01
R0_rect: 1.000000000000e+00 0.000000000000e+00 0.000000000000e+00 0.000000000000e+00 1.000000000000e+00 0.000000000000e+00 0.000000000000e+00 0.000000000000e+00 1.000000000000e+00
Tr_velo_to_p2: 0.000000000000e+00 -1.000000000000e+00 0.000000000000e+00 2.848275904715e-06 0.000000000000e+00 0.000000000000e+00 -1.000000000000e+00 -5.000001527277e-01 1.000000000000e+00 0.000000000000e+00 0.000000000000e+00 -2.240226056417e+00
imu_to_world: -9.911258083585e-01 -1.327278556497e-01 7.276561020565e-03 -7.605214691162e+01 1.327125456635e-01 -9.911512887198e-01 -2.550116208745e-03 8.577214050293e+01 7.550644289026e-03 -1.561795052086e-03 9.999702738417e-01 -1.056297260220e-04
p2_to_world: -1.327278556497e-01 -7.276561020565e-03 -9.911258083585e-01 -7.825765991211e+01 -9.911512887198e-01 2.550116208745e-03 1.327125456635e-01 8.606424713135e+01 -1.561795052086e-03 -9.999702738417e-01 7.550644289026e-03 2.054539918900e+00
