P0: -5.542562584220e+02 0.000000000000e+00 -9.600000000000e+02 -4.301197385410e+03 -4.408728476930e-14 5.542562584220e+02 -3.600000000000e+02 -1.612949019529e+03 -1.224646799147e-16 0.000000000000e+00 -1.000000000000e+00 -4.480413943135e+00
P1: -9.600000000000e+02 0.000000000000e+00 5.542562584220e+02 2.483881424319e+02 -3.600000000000e+02 5.542562584220e+02 2.204364238465e-14 -3.724753099424e+02 -1.000000000000e+00 0.000000000000e+00 6.123233995737e-17 -1.034653638729e+00
P2: 5.542562584220e+02 0.000000000000e+00 9.600000000000e+02 0.000000000000e+00 0.000000000000e+00 5.542562584220e+02 3.600000000000e+02 0.000000000000e+00 0.000000000000e+00 0.000000000000e+00 1.000000000000e+00 0.000000000000e+00
P3: 5.542562584220e+02 0.000000000000e+00 9.600000000000e+02 -4.434066521532e+02 0.000000000000e+00 5.542562584220e+02 3.600000000000e+02 0.000000000000e+00 0.000000000000e+00 0.000000000000e+00 1.000000000000e+00 0.000000000000e+00
P4: 9.600000000000e+02 0.000000000000e+00 -5.542562584220e+02 -2.234916639985e+03 3.600000000000e+02 5.542562584220e+02 2.204364238465e-14 -3.724780527347e+02 1.000000000000e+00 0.000000000000e+00 6.123233995737e-17 -1.034661257597e+00
P5: 5.542562584220e+02 9.600000000000e+02 5.878304635907e-14 2.399980133057e+04 0.000000000000e+00 9.600000000000e+02 -5.542562584220e+02 2.399980133057e+04 0.000000000000e+00 1.000000000000e+00 6.123233995737e-17 2.499979305267e+01
R0_rect: 1.000000000000e+00 0.000000000000e+00 0.000000000000e+00 0.000000000000e+00 1.000000000000e+00 0.000000000000e+00 0.000000000000e+00 0.000000000000e+00 1.000000000000e+00
Tr_velo_to_p2: 0.000000000000e+00 -1.000000000000e+00 0.000000000000e+00 7.239839200631e-06 0.000000000000e+00 0.000000000000e+00 -1.000000000000e+00 -4.999998738223e-01 1.000000000000e+00 0.000000000000e+00 0.000000000000e+00 -2.240213771045e+00
imu_to_world: -9.937692375673e-01 -1.114291983471e-01 -2.497242618773e-03 -8.979762268066e+01 1.114210035551e-01 -9.937681075494e-01 3.210667293985e-03 8.760070800781e+01 -2.839442154078e-03 2.912417110121e-03 9.999917276632e-01 4.406048450619e-03
p2_to_world: -1.114291983471e-01 2.497242618773e-03 -9.937692375673e-01 -9.202896881104e+01 -9.937681075494e-01 -3.210667293985e-03 1.114210035551e-01 8.785686492920e+01 2.912417110121e-03 -9.999917276632e-01 -2.839442154078e-03 2.035819053650e+00
