P0: -5.542562584220e+02 0.000000000000e+00 -9.600000000000e+02 -4.301072744438e+03 -4.408728476930e-14 5.542562584220e+02 -3.600000000000e+02 -1.612902279164e+03 -1.224646799147e-16 0.000000000000e+00 -1.000000000000e+00 -4.480284108790e+00
P1: -9.600000000000e+02 0.000000000000e+00 5.542562584220e+02 2.483386433737e+02 -3.600000000000e+02 5.542562584220e+02 2.204364238465e-14 -3.724780696190e+02 -1.000000000000e+00 0.000000000000e+00 6.123233995737e-17 -1.034661304497e+00
P2: 5.542562584220e+02 0.000000000000e+00 9.600000000000e+02 0.000000000000e+00 0.000000000000e+00 5.542562584220e+02 3.600000000000e+02 0.000000000000e+00 0.000000000000e+00 0.000000000000e+00 1.000000000000e+00 0.000000000000e+00
P3: 5.542562584220e+02 0.000000000000e+00 9.600000000000e+02 -4.434052037736e+02 0.000000000000e+00 5.542562584220e+02 3.600000000000e+02 0.000000000000e+00 0.000000000000e+00 0.000000000000e+00 1.000000000000e+00 0.000000000000e+00
P4: 9.600000000000e+02 0.000000000000e+00 -5.542562584220e+02 -2.234883774317e+03 3.600000000000e+02 5.542562584220e+02 2.204364238465e-14 -3.724769112007e+02 1.000000000000e+00 0.000000000000e+00 6.123233995737e-17 -1.034658086669e+00
P5: 5.542562584220e+02 9.600000000000e+02 5.878304635907e-14 2.399923278809e+04 0.000000000000e+00 9.600000000000e+02 -5.542562584220e+02 2.399923278809e+04 0.000000000000e+00 1.000000000000e+00 6.123233995737e-17 2.499920082092e+01
R0_rect: 1.000000000000e+00 0.000000000000e+00 0.000000000000e+00 0.000000000000e+00 1.000000000000e+00 0.000000000000e+00 0.000000000000e+00 0.000000000000e+00 1.000000000000e+00
Tr_velo_to_p2: 0.000000000000e+00 -1.000000000000e+00 0.000000000000e+00 2.515326882876e-06 0.000000000000e+00 0.000000000000e+00 -1.000000000000e+00 -5.000000534869e-01 1.000000000000e+00 0.000000000000e+00 0.000000000000e+00 -2.240214986421e+00
imu_to_world: -9.999429103130e-01 7.100463548577e-03 7.984956616124e-03 -1.022060241699e+02 -7.098369857083e-03 -9.999747640548e-01 2.905148281807e-04 8.806638336182e+01 7.986817898145e-03 2.338180674260e-04 9.999680775250e-01 -4.612412885763e-04
p2_to_world: 7.100463548577e-03 -7.984956616124e-03 -9.999429103130e-01 -1.044298400879e+02 -9.999747640548e-01 -2.905148281807e-04 -7.098369857083e-03 8.805107116699e+01 2.338180674260e-04 -9.999680775250e-01 7.986817898145e-03 2.055156707764e+00
