P0: -5.542562584220e+02 0.000000000000e+00 -9.600000000000e+02 -4.299862077286e+03 -4.408728476930e-14 5.542562584220e+02 -3.600000000000e+02 -1.612448278982e+03 -1.224646799147e-16 0.000000000000e+00 -1.000000000000e+00 -4.479022997173e+00
P1: -9.600000000000e+02 0.000000000000e+00 5.542562584220e+02 2.480087098924e+02 -3.600000000000e+02 5.542562584220e+02 2.204364238465e-14 -3.724751240965e+02 -1.000000000000e+00 0.000000000000e+00 6.123233995737e-17 -1.034653122490e+00
P2: 5.542562584220e+02 0.000000000000e+00 9.600000000000e+02 0.000000000000e+00 0.000000000000e+00 5.542562584220e+02 3.600000000000e+02 0.000000000000e+00 0.000000000000e+00 0.000000000000e+00 1.000000000000e+00 0.000000000000e+00
P3: 5.542562584220e+02 0.000000000000e+00 9.600000000000e+02 -4.434113150920e+02 0.000000000000e+00 5.542562584220e+02 3.600000000000e+02 0.000000000000e+00 0.000000000000e+00 0.000000000000e+00 1.000000000000e+00 0.000000000000e+00
P4: 9.600000000000e+02 0.000000000000e+00 -5.542562584220e+02 -2.234518637295e+03 3.600000000000e+02 5.542562584220e+02 2.204364238465e-14 -3.724770054666e+02 1.000000000000e+00 0.000000000000e+00 6.123233995737e-17 -1.034658348518e+00
P5: 5.542562584220e+02 9.600000000000e+02 5.878304635907e-14 2.399239185333e+04 0.000000000000e+00 9.600000000000e+02 -5.542562584220e+02 2.399239185333e+04 0.000000000000e+00 1.000000000000e+00 6.123233995737e-17 2.499207484722e+01
R0_rect: 1.000000000000e+00 0.000000000000e+00 0.000000000000e+00 0.000000000000e+00 1.000000000000e+00 0.000000000000e+00 0.000000000000e+00 0.000000000000e+00 1.000000000000e+00
Tr_velo_to_p2: 0.000000000000e+00 -1.000000000000e+00 0.000000000000e+00 1.259138481270e-05 0.000000000000e+00 0.000000000000e+00 -1.000000000000e+00 -5.000003275955e-01 1.000000000000e+00 0.000000000000e+00 0.000000000000e+00 -2.240210032755e+00
imu_to_world: -9.923454121546e-01 -1.209689690114e-01 -2.484132669807e-02 -8.848995971680e+01 1.209045454592e-01 -9.926557338769e-01 4.084714013844e-03 8.745794677734e+01 -2.515300902691e-02 1.050017898569e-03 9.996830615747e-01 1.392379496247e-02
p2_to_world: -1.209689690114e-01 2.484132669807e-02 -9.923454121546e-01 -9.076364898682e+01 -9.926557338769e-01 -4.084714013844e-03 1.209045454592e-01 8.773712921143e+01 1.050017898569e-03 -9.996830615747e-01 -2.515300902691e-02 1.994720578194e+00
