P0: -5.542562584220e+02 0.000000000000e+00 -9.600000000000e+02 -4.301142703529e+03 -4.408728476930e-14 5.542562584220e+02 -3.600000000000e+02 -1.612928513823e+03 -1.224646799147e-16 0.000000000000e+00 -1.000000000000e+00 -4.480356982843e+00
P1: -9.600000000000e+02 0.000000000000e+00 5.542562584220e+02 2.483651356115e+02 -3.600000000000e+02 5.542562584220e+02 2.204364238465e-14 -3.724696794727e+02 -1.000000000000e+00 0.000000000000e+00 6.123233995737e-17 -1.034637998535e+00
P2: 5.542562584220e+02 0.000000000000e+00 9.600000000000e+02 0.000000000000e+00 0.000000000000e+00 5.542562584220e+02 3.600000000000e+02 0.000000000000e+00 0.000000000000e+00 0.000000000000e+00 1.000000000000e+00 0.000000000000e+00
P3: 5.542562584220e+02 0.000000000000e+00 9.600000000000e+02 -4.434014583938e+02 0.000000000000e+00 5.542562584220e+02 3.600000000000e+02 0.000000000000e+00 0.000000000000e+00 0.000000000000e+00 1.000000000000e+00 0.000000000000e+00
P4: 9.600000000000e+02 0.000000000000e+00 -5.542562584220e+02 -2.234918658968e+03 3.600000000000e+02 5.542562584220e+02 2.204364238465e-14 -3.724746057905e+02 1.000000000000e+00 0.000000000000e+00 6.123233995737e-17 -1.034651682751e+00
P5: 5.542562584220e+02 9.600000000000e+02 5.878304635907e-14 2.399924491882e+04 0.000000000000e+00 9.600000000000e+02 -5.542562584220e+02 2.399924491882e+04 0.000000000000e+00 1.000000000000e+00 6.123233995737e-17 2.499921345711e+01
R0_rect: 1.000000000000e+00 0.000000000000e+00 0.000000000000e+00 0.000000000000e+00 1.000000000000e+00 0.000000000000e+00 0.000000000000e+00 0.000000000000e+00 1.000000000000e+00
Tr_velo_to_p2: 0.000000000000e+00 -1.000000000000e+00 0.000000000000e+00 -6.949073852853e-07 0.000000000000e+00 0.000000000000e+00 -1.000000000000e+00 -5.000000584843e-01 1.000000000000e+00 0.000000000000e+00 0.000000000000e+00 -2.240215107963e+00
imu_to_world: -9.979414075632e-01 -6.382040521561e-02 6.316878102905e-03 -6.782592773438e+01 6.385100854004e-02 -9.979480542741e-01 4.767565303332e-03 8.476953125000e+01 5.999648262330e-03 5.161089867151e-03 9.999686831957e-01 6.041717133485e-04
p2_to_world: -6.382040521561e-02 -6.316878102905e-03 -9.979414075632e-01 -7.004866027832e+01 -9.979480542741e-01 -4.767565303332e-03 6.385100854004e-02 8.492228698730e+01 5.161089867151e-03 -9.999686831957e-01 5.999648262330e-03 2.051771879196e+00
