P0: -5.542562584220e+02 0.000000000000e+00 -9.600000000000e+02 -4.301217902918e+03 -4.408728476930e-14 5.542562584220e+02 -3.600000000000e+02 -1.612956713594e+03 -1.224646799147e-16 0.000000000000e+00 -1.000000000000e+00 -4.480435315540e+00
P1: -9.600000000000e+02 0.000000000000e+00 5.542562584220e+02 2.483862764639e+02 -3.600000000000e+02 5.542562584220e+02 2.204364238465e-14 -3.724767552324e+02 -1.000000000000e+00 0.000000000000e+00 6.123233995737e-17 -1.034657653423e+00
P2: 5.542562584220e+02 0.000000000000e+00 9.600000000000e+02 0.000000000000e+00 0.000000000000e+00 5.542562584220e+02 3.600000000000e+02 0.000000000000e+00 0.000000000000e+00 0.000000000000e+00 1.000000000000e+00 0.000000000000e+00
P3: 5.542562584220e+02 0.000000000000e+00 9.600000000000e+02 -4.434011859960e+02 0.000000000000e+00 5.542562584220e+02 3.600000000000e+02 0.000000000000e+00 0.000000000000e+00 0.000000000000e+00 1.000000000000e+00 0.000000000000e+00
P4: 9.600000000000e+02 0.000000000000e+00 -5.542562584220e+02 -2.234926680912e+03 3.600000000000e+02 5.542562584220e+02 2.204364238465e-14 -3.724764990693e+02 1.000000000000e+00 0.000000000000e+00 6.123233995737e-17 -1.034656941859e+00
P5: 5.542562584220e+02 9.600000000000e+02 5.878304635907e-14 2.399998603821e+04 0.000000000000e+00 9.600000000000e+02 -5.542562584220e+02 2.399998603821e+04 0.000000000000e+00 1.000000000000e+00 6.123233995737e-17 2.499998545647e+01
R0_rect: 1.000000000000e+00 0.000000000000e+00 0.000000000000e+00 0.000000000000e+00 1.000000000000e+00 0.000000000000e+00 0.000000000000e+00 0.000000000000e+00 1.000000000000e+00
Tr_velo_to_p2: 0.000000000000e+00 -1.000000000000e+00 0.000000000000e+00 -6.857515278040e-06 0.000000000000e+00 0.000000000000e+00 -1.000000000000e+00 -4.999999664458e-01 1.000000000000e+00 0.000000000000e+00 0.000000000000e+00 -2.240218209458e+00
imu_to_world: -9.997260506064e-01 -2.338799733254e-02 9.084710689223e-04 -9.774810028076e+01 2.338840158604e-02 -9.997263584395e-01 4.369353887397e-04 8.807636260986e+01 8.980034297750e-04 4.580633767442e-04 9.999994918838e-01 2.628473564982e-03
p2_to_world: -2.338799733254e-02 -9.084710689223e-04 -9.997260506064e-01 -9.998585510254e+01 -9.997263584395e-01 -4.369353887397e-04 2.338840158604e-02 8.812964630127e+01 4.580633767442e-04 -9.999994918838e-01 8.980034297750e-04 2.042430162430e+00
