P0: -5.542562584220e+02 0.000000000000e+00 -9.600000000000e+02 -4.301081889155e+03 -4.408728476930e-14 5.542562584220e+02 -3.600000000000e+02 -1.612905708433e+03 -1.224646799147e-16 0.000000000000e+00 -1.000000000000e+00 -4.480293634536e+00
P1: -9.600000000000e+02 0.000000000000e+00 5.542562584220e+02 2.483512606247e+02 -3.600000000000e+02 5.542562584220e+02 2.204364238465e-14 -3.724770212936e+02 -1.000000000000e+00 0.000000000000e+00 6.123233995737e-17 -1.034658392482e+00
P2: 5.542562584220e+02 0.000000000000e+00 9.600000000000e+02 0.000000000000e+00 0.000000000000e+00 5.542562584220e+02 3.600000000000e+02 0.000000000000e+00 0.000000000000e+00 0.000000000000e+00 1.000000000000e+00 0.000000000000e+00
P3: 5.542562584220e+02 0.000000000000e+00 9.600000000000e+02 -4.434033206444e+02 0.000000000000e+00 5.542562584220e+02 3.600000000000e+02 0.000000000000e+00 0.000000000000e+00 0.000000000000e+00 1.000000000000e+00 0.000000000000e+00
P4: 9.600000000000e+02 0.000000000000e+00 -5.542562584220e+02 -2.234879036067e+03 3.600000000000e+02 5.542562584220e+02 2.204364238465e-14 -3.724768376115e+02 1.000000000000e+00 0.000000000000e+00 6.123233995737e-17 -1.034657882254e+00
P5: 5.542562584220e+02 9.600000000000e+02 5.878304635907e-14 2.399921882629e+04 0.000000000000e+00 9.600000000000e+02 -5.542562584220e+02 2.399921882629e+04 0.000000000000e+00 1.000000000000e+00 6.123233995737e-17 2.499918627739e+01
R0_rect: 1.000000000000e+00 0.000000000000e+00 0.000000000000e+00 0.000000000000e+00 1.000000000000e+00 0.000000000000e+00 0.000000000000e+00 0.000000000000e+00 1.000000000000e+00
Tr_velo_to_p2: 0.000000000000e+00 -1.000000000000e+00 0.000000000000e+00 -5.740575546479e-06 0.000000000000e+00 0.000000000000e+00 -1.000000000000e+00 -5.000000843344e-01 1.000000000000e+00 0.000000000000e+00 0.000000000000e+00 -2.240221901931e+00
imu_to_world: -9.937598949053e-01 -1.112720146681e-01 7.733694423714e-03 -7.088154602051e+01 1.112575623985e-01 -9.937889994302e-01 -2.275834040895e-03 8.511082458496e+01 7.938897082022e-03 -1.401200607385e-03 9.999675047470e-01 -2.736290043686e-04
p2_to_world: -1.112720146681e-01 -7.733694423714e-03 -9.937598949053e-01 -7.309202575684e+01 -9.937889994302e-01 2.275834040895e-03 1.112575623985e-01 8.535543060303e+01 -1.401200607385e-03 -9.999675047470e-01 7.938897082022e-03 2.055236101151e+00
