P0: -5.542562584220e+02 0.000000000000e+00 -9.600000000000e+02 -4.301220388965e+03 -4.408728476930e-14 5.542562584220e+02 -3.600000000000e+02 -1.612957645862e+03 -1.224646799147e-16 0.000000000000e+00 -1.000000000000e+00 -4.480437905172e+00
P1: -9.600000000000e+02 0.000000000000e+00 5.542562584220e+02 2.483793847110e+02 -3.600000000000e+02 5.542562584220e+02 2.204364238465e-14 -3.724791423834e+02 -1.000000000000e+00 0.000000000000e+00 6.123233995737e-17 -1.034664284398e+00
P2: 5.542562584220e+02 0.000000000000e+00 9.600000000000e+02 0.000000000000e+00 0.000000000000e+00 5.542562584220e+02 3.600000000000e+02 0.000000000000e+00 0.000000000000e+00 0.000000000000e+00 1.000000000000e+00 0.000000000000e+00
P3: 5.542562584220e+02 0.000000000000e+00 9.600000000000e+02 -4.434005251301e+02 0.000000000000e+00 5.542562584220e+02 3.600000000000e+02 0.000000000000e+00 0.000000000000e+00 0.000000000000e+00 1.000000000000e+00 0.000000000000e+00
P4: 9.600000000000e+02 0.000000000000e+00 -5.542562584220e+02 -2.234919493489e+03 3.600000000000e+02 5.542562584220e+02 2.204364238465e-14 -3.724735475175e+02 1.000000000000e+00 0.000000000000e+00 6.123233995737e-17 -1.034648743104e+00
P5: 5.542562584220e+02 9.600000000000e+02 5.878304635907e-14 2.399997093201e+04 0.000000000000e+00 9.600000000000e+02 -5.542562584220e+02 2.399997093201e+04 0.000000000000e+00 1.000000000000e+00 6.123233995737e-17 2.499996972084e+01
R0_rect: 1.000000000000e+00 0.000000000000e+00 0.000000000000e+00 0.000000000000e+00 1.000000000000e+00 0.000000000000e+00 0.000000000000e+00 0.000000000000e+00 1.000000000000e+00
Tr_velo_to_p2: 0.000000000000e+00 -1.000000000000e+00 0.000000000000e+00 2.117594043391e-06 0.000000000000e+00 0.000000000000e+00 -1.000000000000e+00 -5.000000789166e-01 1.000000000000e+00 0.000000000000e+00 0.000000000000e+00 -2.240223412478e+00
imu_to_world: -9.908488626235e-01 -1.349730857297e-01 8.930657089270e-04 -8.472643280029e+01 1.349741280113e-01 -9.908483559765e-01 1.232974533889e-03 8.698228454590e+01 7.184743120044e-04 1.342232179866e-03 9.999988411030e-01 2.864913083613e-03
p2_to_world: -1.349730857297e-01 -8.930657089270e-04 -9.908488626235e-01 -8.694433593750e+01 -9.908483559765e-01 -1.232974533889e-03 1.349741280113e-01 8.728716278076e+01 1.342232179866e-03 -9.999988411030e-01 7.184743120044e-04 2.042262792587e+00
