P0: -5.542562584220e+02 0.000000000000e+00 -9.600000000000e+02 -4.301211218085e+03 -4.408728476930e-14 5.542562584220e+02 -3.600000000000e+02 -1.612954206782e+03 -1.224646799147e-16 0.000000000000e+00 -1.000000000000e+00 -4.480428352171e+00
P1: -9.600000000000e+02 0.000000000000e+00 5.542562584220e+02 2.483743910965e+02 -3.600000000000e+02 5.542562584220e+02 2.204364238465e-14 -3.724786562450e+02 -1.000000000000e+00 0.000000000000e+00 6.123233995737e-17 -1.034662934014e+00
P2: 5.542562584220e+02 0.000000000000e+00 9.600000000000e+02 0.000000000000e+00 0.000000000000e+00 5.542562584220e+02 3.600000000000e+02 0.000000000000e+00 0.000000000000e+00 0.000000000000e+00 1.000000000000e+00 0.000000000000e+00
P3: 5.542562584220e+02 0.000000000000e+00 9.600000000000e+02 -4.434061528200e+02 0.000000000000e+00 5.542562584220e+02 3.600000000000e+02 0.000000000000e+00 0.000000000000e+00 0.000000000000e+00 1.000000000000e+00 0.000000000000e+00
P4: 9.600000000000e+02 0.000000000000e+00 -5.542562584220e+02 -2.234922074937e+03 3.600000000000e+02 5.542562584220e+02 2.204364238465e-14 -3.724768575782e+02 1.000000000000e+00 0.000000000000e+00 6.123233995737e-17 -1.034657937717e+00
P5: 5.542562584220e+02 9.600000000000e+02 5.878304635907e-14 2.399999633789e+04 0.000000000000e+00 9.600000000000e+02 -5.542562584220e+02 2.399999633789e+04 0.000000000000e+00 1.000000000000e+00 6.123233995737e-17 2.499999618530e+01
R0_rect: 1.000000000000e+00 0.000000000000e+00 0.000000000000e+00 0.000000000000e+00 1.000000000000e+00 0.000000000000e+00 0.000000000000e+00 0.000000000000e+00 1.000000000000e+00
Tr_velo_to_p2: 0.000000000000e+00 -1.000000000000e+00 0.000000000000e+00 -7.237548334588e-07 0.000000000000e+00 0.000000000000e+00 -1.000000000000e+00 -4.999998418842e-01 1.000000000000e+00 0.000000000000e+00 0.000000000000e+00 -2.240210086112e+00
imu_to_world: -9.999629430213e-01 8.598208592773e-03 4.282442384089e-04 -1.027786407471e+02 -8.598175159116e-03 -9.999630318205e-01 7.985146999615e-05 8.805996704102e+01 4.289149865945e-04 7.616639196921e-05 9.999999051153e-01 2.836182946339e-03
p2_to_world: 8.598208592773e-03 -4.282442384089e-04 -9.999629430213e-01 -1.050178985596e+02 -9.999630318205e-01 -7.985146999615e-05 -8.598175159116e-03 8.804087066650e+01 7.616639196921e-05 -9.999999051153e-01 4.289149865945e-04 2.041587829590e+00
