P0: -5.542562584220e+02 0.000000000000e+00 -9.600000000000e+02 -4.301196643025e+03 -4.408728476930e-14 5.542562584220e+02 -3.600000000000e+02 -1.612948741134e+03 -1.224646799147e-16 0.000000000000e+00 -1.000000000000e+00 -4.480413169817e+00
P1: -9.600000000000e+02 0.000000000000e+00 5.542562584220e+02 2.483756014872e+02 -3.600000000000e+02 5.542562584220e+02 2.204364238465e-14 -3.724770765711e+02 -1.000000000000e+00 0.000000000000e+00 6.123233995737e-17 -1.034658546031e+00
P2: 5.542562584220e+02 0.000000000000e+00 9.600000000000e+02 0.000000000000e+00 0.000000000000e+00 5.542562584220e+02 3.600000000000e+02 0.000000000000e+00 0.000000000000e+00 0.000000000000e+00 1.000000000000e+00 0.000000000000e+00
P3: 5.542562584220e+02 0.000000000000e+00 9.600000000000e+02 -4.434030981830e+02 0.000000000000e+00 5.542562584220e+02 3.600000000000e+02 0.000000000000e+00 0.000000000000e+00 0.000000000000e+00 1.000000000000e+00 0.000000000000e+00
P4: 9.600000000000e+02 0.000000000000e+00 -5.542562584220e+02 -2.234911130706e+03 3.600000000000e+02 5.542562584220e+02 2.204364238465e-14 -3.724734357738e+02 1.000000000000e+00 0.000000000000e+00 6.123233995737e-17 -1.034648432705e+00
P5: 5.542562584220e+02 9.600000000000e+02 5.878304635907e-14 2.399982559204e+04 0.000000000000e+00 9.600000000000e+02 -5.542562584220e+02 2.399982559204e+04 0.000000000000e+00 1.000000000000e+00 6.123233995737e-17 2.499981832504e+01
R0_rect: 1.000000000000e+00 0.000000000000e+00 0.000000000000e+00 0.000000000000e+00 1.000000000000e+00 0.000000000000e+00 0.000000000000e+00 0.000000000000e+00 1.000000000000e+00
Tr_velo_to_p2: 0.000000000000e+00 -1.000000000000e+00 0.000000000000e+00 -8.197469760098e-06 0.000000000000e+00 0.000000000000e+00 -1.000000000000e+00 -5.000001179395e-01 1.000000000000e+00 0.000000000000e+00 0.000000000000e+00 -2.240226641112e+00
imu_to_world: -9.899192365562e-01 -1.415828853968e-01 3.767181787135e-03 -8.084165191650e+01 1.415815684227e-01 -9.899264017181e-01 -6.153571650884e-04 8.644536590576e+01 3.816356754139e-03 -7.579038911776e-05 9.999927148119e-01 1.511229667813e-03
p2_to_world: -1.415828853968e-01 -3.767181787135e-03 -9.899192365562e-01 -8.305161285400e+01 -9.899264017181e-01 6.153571650884e-04 1.415815684227e-01 8.676128387451e+01 -7.579038911776e-05 -9.999927148119e-01 3.816356754139e-03 2.047836780548e+00
