P0: -5.542562584220e+02 0.000000000000e+00 -9.600000000000e+02 -4.300914489157e+03 -4.408728476930e-14 5.542562584220e+02 -3.600000000000e+02 -1.612842933434e+03 -1.224646799147e-16 0.000000000000e+00 -1.000000000000e+00 -4.480119259538e+00
P1: -9.600000000000e+02 0.000000000000e+00 5.542562584220e+02 2.482999142225e+02 -3.600000000000e+02 5.542562584220e+02 2.204364238465e-14 -3.724772475450e+02 -1.000000000000e+00 0.000000000000e+00 6.123233995737e-17 -1.034659020958e+00
P2: 5.542562584220e+02 0.000000000000e+00 9.600000000000e+02 0.000000000000e+00 0.000000000000e+00 5.542562584220e+02 3.600000000000e+02 0.000000000000e+00 0.000000000000e+00 0.000000000000e+00 1.000000000000e+00 0.000000000000e+00
P3: 5.542562584220e+02 0.000000000000e+00 9.600000000000e+02 -4.434001175347e+02 0.000000000000e+00 5.542562584220e+02 3.600000000000e+02 0.000000000000e+00 0.000000000000e+00 0.000000000000e+00 1.000000000000e+00 0.000000000000e+00
P4: 9.600000000000e+02 0.000000000000e+00 -5.542562584220e+02 -2.234823074552e+03 3.600000000000e+02 5.542562584220e+02 2.204364238465e-14 -3.724732153056e+02 1.000000000000e+00 0.000000000000e+00 6.123233995737e-17 -1.034647820293e+00
P5: 5.542562584220e+02 9.600000000000e+02 5.878304635907e-14 2.399828933716e+04 0.000000000000e+00 9.600000000000e+02 -5.542562584220e+02 2.399828933716e+04 0.000000000000e+00 1.000000000000e+00 6.123233995737e-17 2.499821805954e+01
R0_rect: 1.000000000000e+00 0.000000000000e+00 0.000000000000e+00 0.000000000000e+00 1.000000000000e+00 0.000000000000e+00 0.000000000000e+00 0.000000000000e+00 1.000000000000e+00
Tr_velo_to_p2: 0.000000000000e+00 -1.000000000000e+00 0.000000000000e+00 -5.351280791684e-06 0.000000000000e+00 0.000000000000e+00 -1.000000000000e+00 -5.000001266898e-01 1.000000000000e+00 0.000000000000e+00 0.000000000000e+00 -2.240220998577e+00
imu_to_world: -9.955202838000e-01 -9.381547621745e-02 -1.174823241827e-02 -9.224417114258e+01 9.379746174417e-02 -9.955891346732e-01 2.076316687077e-03 8.783626556396e+01 -1.189120318602e-02 9.650609967634e-04 9.999288314395e-01 8.023295551538e-03
p2_to_world: -9.381547621745e-02 1.174823241827e-02 -9.955202838000e-01 -9.449829101562e+01 -9.955891346732e-01 -2.076316687077e-03 9.379746174417e-02 8.805062103271e+01 9.650609967634e-04 -9.999288314395e-01 -1.189120318602e-02 2.019030094147e+00
