P0: -5.542562584220e+02 0.000000000000e+00 -9.600000000000e+02 -4.301211501005e+03 -4.408728476930e-14 5.542562584220e+02 -3.600000000000e+02 -1.612954312877e+03 -1.224646799147e-16 0.000000000000e+00 -1.000000000000e+00 -4.480428646880e+00
P1: -9.600000000000e+02 0.000000000000e+00 5.542562584220e+02 2.483830003036e+02 -3.600000000000e+02 5.542562584220e+02 2.204364238465e-14 -3.724770509731e+02 -1.000000000000e+00 0.000000000000e+00 6.123233995737e-17 -1.034658474925e+00
P2: 5.542562584220e+02 0.000000000000e+00 9.600000000000e+02 0.000000000000e+00 0.000000000000e+00 5.542562584220e+02 3.600000000000e+02 0.000000000000e+00 0.000000000000e+00 0.000000000000e+00 1.000000000000e+00 0.000000000000e+00
P3: 5.542562584220e+02 0.000000000000e+00 9.600000000000e+02 -4.434008813661e+02 0.000000000000e+00 5.542562584220e+02 3.600000000000e+02 0.000000000000e+00 0.000000000000e+00 0.000000000000e+00 1.000000000000e+00 0.000000000000e+00
P4: 9.600000000000e+02 0.000000000000e+00 -5.542562584220e+02 -2.234919513018e+03 3.600000000000e+02 5.542562584220e+02 2.204364238465e-14 -3.724743047437e+02 1.000000000000e+00 0.000000000000e+00 6.123233995737e-17 -1.034650846510e+00
P5: 5.542562584220e+02 9.600000000000e+02 5.878304635907e-14 2.399997138977e+04 0.000000000000e+00 9.600000000000e+02 -5.542562584220e+02 2.399997138977e+04 0.000000000000e+00 1.000000000000e+00 6.123233995737e-17 2.499997019768e+01
R0_rect: 1.000000000000e+00 0.000000000000e+00 0.000000000000e+00 0.000000000000e+00 1.000000000000e+00 0.000000000000e+00 0.000000000000e+00 0.000000000000e+00 1.000000000000e+00
Tr_velo_to_p2: 0.000000000000e+00 -1.000000000000e+00 0.000000000000e+00 -6.274583841870e-06 0.000000000000e+00 0.000000000000e+00 -1.000000000000e+00 -5.000000304926e-01 1.000000000000e+00 0.000000000000e+00 0.000000000000e+00 -2.240220944062e+00
imu_to_world: -9.976380874427e-01 -6.868228092270e-02 9.953747584364e-04 -9.432948303223e+01 6.868337419560e-02 -9.976378920712e-01 1.109239748920e-03 8.797667694092e+01 9.168384597815e-04 1.174985518626e-03 9.999988894075e-01 2.625689143315e-03
p2_to_world: -6.868228092270e-02 -9.953747584364e-04 -9.976380874427e-01 -9.656237792969e+01 -9.976378920712e-01 -1.109239748920e-03 6.868337419560e-02 8.813279724121e+01 1.174985518626e-03 -9.999988894075e-01 9.168384597815e-04 2.042468309402e+00
