P0: -5.542562584220e+02 0.000000000000e+00 -9.600000000000e+02 -4.299988261325e+03 -4.408728476930e-14 5.542562584220e+02 -3.600000000000e+02 -1.612495597997e+03 -1.224646799147e-16 0.000000000000e+00 -1.000000000000e+00 -4.479154438880e+00
P1: -9.600000000000e+02 0.000000000000e+00 5.542562584220e+02 2.480231100613e+02 -3.600000000000e+02 5.542562584220e+02 2.204364238465e-14 -3.724783424574e+02 -1.000000000000e+00 0.000000000000e+00 6.123233995737e-17 -1.034662062382e+00
P2: 5.542562584220e+02 0.000000000000e+00 9.600000000000e+02 0.000000000000e+00 0.000000000000e+00 5.542562584220e+02 3.600000000000e+02 0.000000000000e+00 0.000000000000e+00 0.000000000000e+00 1.000000000000e+00 0.000000000000e+00
P3: 5.542562584220e+02 0.000000000000e+00 9.600000000000e+02 -4.434045983449e+02 0.000000000000e+00 5.542562584220e+02 3.600000000000e+02 0.000000000000e+00 0.000000000000e+00 0.000000000000e+00 1.000000000000e+00 0.000000000000e+00
P4: 9.600000000000e+02 0.000000000000e+00 -5.542562584220e+02 -2.234565664402e+03 3.600000000000e+02 5.542562584220e+02 2.204364238465e-14 -3.724760970945e+02 1.000000000000e+00 0.000000000000e+00 6.123233995737e-17 -1.034655825263e+00
P5: 5.542562584220e+02 9.600000000000e+02 5.878304635907e-14 2.399314739227e+04 0.000000000000e+00 9.600000000000e+02 -5.542562584220e+02 2.399314739227e+04 0.000000000000e+00 1.000000000000e+00 6.123233995737e-17 2.499286186695e+01
R0_rect: 1.000000000000e+00 0.000000000000e+00 0.000000000000e+00 0.000000000000e+00 1.000000000000e+00 0.000000000000e+00 0.000000000000e+00 0.000000000000e+00 1.000000000000e+00
Tr_velo_to_p2: 0.000000000000e+00 -1.000000000000e+00 0.000000000000e+00 -3.352118764161e-07 0.000000000000e+00 0.000000000000e+00 -1.000000000000e+00 -5.000001191411e-01 1.000000000000e+00 0.000000000000e+00 0.000000000000e+00 -2.240217444558e+00
imu_to_world: -9.950203901686e-01 -9.680008768441e-02 -2.375218248764e-02 -9.191564178467e+01 9.676631168151e-02 -9.953038109313e-01 2.569993990815e-03 8.780843353271e+01 -2.388941339154e-02 2.587853297573e-04 9.997145737449e-01 1.315059140325e-02
p2_to_world: -9.680008768441e-02 2.375218248764e-02 -9.950203901686e-01 -9.419309997559e+01 -9.953038109313e-01 -2.569993990815e-03 9.676631168151e-02 8.803044891357e+01 2.587853297573e-04 -9.997145737449e-01 -2.388941339154e-02 1.996842265129e+00
