P0: -5.542562584220e+02 0.000000000000e+00 -9.600000000000e+02 -4.301092080114e+03 -4.408728476930e-14 5.542562584220e+02 -3.600000000000e+02 -1.612909530043e+03 -1.224646799147e-16 0.000000000000e+00 -1.000000000000e+00 -4.480304250118e+00
P1: -9.600000000000e+02 0.000000000000e+00 5.542562584220e+02 2.483584990579e+02 -3.600000000000e+02 5.542562584220e+02 2.204364238465e-14 -3.724746274573e+02 -1.000000000000e+00 0.000000000000e+00 6.123233995737e-17 -1.034651742937e+00
P2: 5.542562584220e+02 0.000000000000e+00 9.600000000000e+02 0.000000000000e+00 0.000000000000e+00 5.542562584220e+02 3.600000000000e+02 0.000000000000e+00 0.000000000000e+00 0.000000000000e+00 1.000000000000e+00 0.000000000000e+00
P3: 5.542562584220e+02 0.000000000000e+00 9.600000000000e+02 -4.434056383851e+02 0.000000000000e+00 5.542562584220e+02 3.600000000000e+02 0.000000000000e+00 0.000000000000e+00 0.000000000000e+00 1.000000000000e+00 0.000000000000e+00
P4: 9.600000000000e+02 0.000000000000e+00 -5.542562584220e+02 -2.234885902671e+03 3.600000000000e+02 5.542562584220e+02 2.204364238465e-14 -3.724775267571e+02 1.000000000000e+00 0.000000000000e+00 6.123233995737e-17 -1.034659796547e+00
P5: 5.542562584220e+02 9.600000000000e+02 5.878304635907e-14 2.399931655884e+04 0.000000000000e+00 9.600000000000e+02 -5.542562584220e+02 2.399931655884e+04 0.000000000000e+00 1.000000000000e+00 6.123233995737e-17 2.499928808212e+01
R0_rect: 1.000000000000e+00 0.000000000000e+00 0.000000000000e+00 0.000000000000e+00 1.000000000000e+00 0.000000000000e+00 0.000000000000e+00 0.000000000000e+00 1.000000000000e+00
Tr_velo_to_p2: 0.000000000000e+00 -1.000000000000e+00 0.000000000000e+00 2.912859756760e-06 0.000000000000e+00 0.000000000000e+00 -1.000000000000e+00 -5.000000055152e-01 1.000000000000e+00 0.000000000000e+00 0.000000000000e+00 -2.240212745595e+00
imu_to_world: -9.901823325582e-01 -1.395971899458e-01 7.181423868373e-03 -7.889445495605e+01 1.395840719890e-01 -9.902075547246e-01 -2.299002663493e-03 8.616808319092e+01 7.432034479644e-03 -1.274019433668e-03 9.999715704649e-01 -5.493240314536e-05
p2_to_world: -1.395971899458e-01 -7.181423868373e-03 -9.901823325582e-01 -8.109803771973e+01 -9.902075547246e-01 2.299002663493e-03 1.395840719890e-01 8.647610473633e+01 -1.274019433668e-03 -9.999715704649e-01 7.432034479644e-03 2.054327487946e+00
