P0: -5.542562584220e+02 0.000000000000e+00 -9.600000000000e+02 -4.300984124731e+03 -4.408728476930e-14 5.542562584220e+02 -3.600000000000e+02 -1.612869046774e+03 -1.224646799147e-16 0.000000000000e+00 -1.000000000000e+00 -4.480191796595e+00
P1: -9.600000000000e+02 0.000000000000e+00 5.542562584220e+02 2.483200739721e+02 -3.600000000000e+02 5.542562584220e+02 2.204364238465e-14 -3.724472099944e+02 -1.000000000000e+00 0.000000000000e+00 6.123233995737e-17 -1.034575583318e+00
P2: 5.542562584220e+02 0.000000000000e+00 9.600000000000e+02 0.000000000000e+00 0.000000000000e+00 5.542562584220e+02 3.600000000000e+02 0.000000000000e+00 0.000000000000e+00 0.000000000000e+00 1.000000000000e+00 0.000000000000e+00
P3: 5.542562584220e+02 0.000000000000e+00 9.600000000000e+02 -4.433687413334e+02 0.000000000000e+00 5.542562584220e+02 3.600000000000e+02 0.000000000000e+00 0.000000000000e+00 0.000000000000e+00 1.000000000000e+00 0.000000000000e+00
P4: 9.600000000000e+02 0.000000000000e+00 -5.542562584220e+02 -2.234850164358e+03 3.600000000000e+02 5.542562584220e+02 2.204364238465e-14 -3.724463098652e+02 1.000000000000e+00 0.000000000000e+00 6.123233995737e-17 -1.034573082959e+00
P5: 5.542562584220e+02 9.600000000000e+02 5.878304635907e-14 2.399682632446e+04 0.000000000000e+00 9.600000000000e+02 -5.542562584220e+02 2.399682632446e+04 0.000000000000e+00 1.000000000000e+00 6.123233995737e-17 2.499669408798e+01
R0_rect: 1.000000000000e+00 0.000000000000e+00 0.000000000000e+00 0.000000000000e+00 1.000000000000e+00 0.000000000000e+00 0.000000000000e+00 0.000000000000e+00 1.000000000000e+00
Tr_velo_to_p2: 0.000000000000e+00 -1.000000000000e+00 0.000000000000e+00 6.321271476400e-07 0.000000000000e+00 0.000000000000e+00 -1.000000000000e+00 -4.999998370021e-01 1.000000000000e+00 0.000000000000e+00 0.000000000000e+00 -2.240216893061e+00
imu_to_world: -8.056621381725e-01 -5.921652862106e-01 1.577317097198e-02 -5.834330749512e+01 5.922843077934e-01 -8.057194799229e-01 3.926628893621e-03 8.299363708496e+01 1.038353778965e-02 1.250573788109e-02 9.998678856044e-01 4.966045171022e-02
p2_to_world: -5.921652862106e-01 -1.577317097198e-02 -8.056621381725e-01 -6.011602401733e+01 -8.057194799229e-01 -3.926628893621e-03 5.922843077934e-01 8.432848358154e+01 1.250573788109e-02 -9.998678856044e-01 1.038353778965e-02 2.110443592072e+00
