P0: -5.542562584220e+02 0.000000000000e+00 -9.600000000000e+02 -4.301213338491e+03 -4.408728476930e-14 5.542562584220e+02 -3.600000000000e+02 -1.612955001934e+03 -1.224646799147e-16 0.000000000000e+00 -1.000000000000e+00 -4.480430560928e+00
P1: -9.600000000000e+02 0.000000000000e+00 5.542562584220e+02 2.483786527605e+02 -3.600000000000e+02 5.542562584220e+02 2.204364238465e-14 -3.724784236135e+02 -1.000000000000e+00 0.000000000000e+00 6.123233995737e-17 -1.034662287815e+00
P2: 5.542562584220e+02 0.000000000000e+00 9.600000000000e+02 0.000000000000e+00 0.000000000000e+00 5.542562584220e+02 3.600000000000e+02 0.000000000000e+00 0.000000000000e+00 0.000000000000e+00 1.000000000000e+00 0.000000000000e+00
P3: 5.542562584220e+02 0.000000000000e+00 9.600000000000e+02 -4.434020214256e+02 0.000000000000e+00 5.542562584220e+02 3.600000000000e+02 0.000000000000e+00 0.000000000000e+00 0.000000000000e+00 1.000000000000e+00 0.000000000000e+00
P4: 9.600000000000e+02 0.000000000000e+00 -5.542562584220e+02 -2.234919206208e+03 3.600000000000e+02 5.542562584220e+02 2.204364238465e-14 -3.724751096300e+02 1.000000000000e+00 0.000000000000e+00 6.123233995737e-17 -1.034653082305e+00
P5: 5.542562584220e+02 9.600000000000e+02 5.878304635907e-14 2.399998649597e+04 0.000000000000e+00 9.600000000000e+02 -5.542562584220e+02 2.399998649597e+04 0.000000000000e+00 1.000000000000e+00 6.123233995737e-17 2.499998593330e+01
R0_rect: 1.000000000000e+00 0.000000000000e+00 0.000000000000e+00 0.000000000000e+00 1.000000000000e+00 0.000000000000e+00 0.000000000000e+00 0.000000000000e+00 1.000000000000e+00
Tr_velo_to_p2: 0.000000000000e+00 -1.000000000000e+00 0.000000000000e+00 -1.860130354629e-06 0.000000000000e+00 0.000000000000e+00 -1.000000000000e+00 -4.999998966133e-01 1.000000000000e+00 0.000000000000e+00 0.000000000000e+00 -2.240216023784e+00
imu_to_world: -9.999909250119e-01 4.123918887300e-03 1.069199151382e-03 -1.014065246582e+02 -4.123890901403e-03 -9.999914963231e-01 2.837795428721e-05 8.807456207275e+01 1.069307087639e-03 2.396843610544e-05 9.999994280038e-01 2.538178814575e-03
p2_to_world: 4.123918887300e-03 -1.069199151382e-03 -9.999909250119e-01 -1.036445388794e+02 -9.999914963231e-01 -2.837795428721e-05 -4.123890901403e-03 8.806537628174e+01 2.396843610544e-05 -9.999994280038e-01 1.069307087639e-03 2.042723417282e+00
