P0: -5.542562584220e+02 0.000000000000e+00 -9.600000000000e+02 -4.300952154328e+03 -4.408728476930e-14 5.542562584220e+02 -3.600000000000e+02 -1.612857057873e+03 -1.224646799147e-16 0.000000000000e+00 -1.000000000000e+00 -4.480158494092e+00
P1: -9.600000000000e+02 0.000000000000e+00 5.542562584220e+02 2.483018819730e+02 -3.600000000000e+02 5.542562584220e+02 2.204364238465e-14 -3.724788496696e+02 -1.000000000000e+00 0.000000000000e+00 6.123233995737e-17 -1.034663471305e+00
P2: 5.542562584220e+02 0.000000000000e+00 9.600000000000e+02 0.000000000000e+00 0.000000000000e+00 5.542562584220e+02 3.600000000000e+02 0.000000000000e+00 0.000000000000e+00 0.000000000000e+00 1.000000000000e+00 0.000000000000e+00
P3: 5.542562584220e+02 0.000000000000e+00 9.600000000000e+02 -4.434033087081e+02 0.000000000000e+00 5.542562584220e+02 3.600000000000e+02 0.000000000000e+00 0.000000000000e+00 0.000000000000e+00 1.000000000000e+00 0.000000000000e+00
P4: 9.600000000000e+02 0.000000000000e+00 -5.542562584220e+02 -2.234842704172e+03 3.600000000000e+02 5.542562584220e+02 2.204364238465e-14 -3.724730169652e+02 1.000000000000e+00 0.000000000000e+00 6.123233995737e-17 -1.034647269348e+00
P5: 5.542562584220e+02 9.600000000000e+02 5.878304635907e-14 2.399854431152e+04 0.000000000000e+00 9.600000000000e+02 -5.542562584220e+02 2.399854431152e+04 0.000000000000e+00 1.000000000000e+00 6.123233995737e-17 2.499848365784e+01
R0_rect: 1.000000000000e+00 0.000000000000e+00 0.000000000000e+00 0.000000000000e+00 1.000000000000e+00 0.000000000000e+00 0.000000000000e+00 0.000000000000e+00 1.000000000000e+00
Tr_velo_to_p2: 0.000000000000e+00 -1.000000000000e+00 0.000000000000e+00 -1.102161318446e-05 0.000000000000e+00 0.000000000000e+00 -1.000000000000e+00 -5.000001225764e-01 1.000000000000e+00 0.000000000000e+00 0.000000000000e+00 -2.240221031455e+00
imu_to_world: -9.999185163304e-01 6.483192175563e-03 1.099676856353e-02 -1.020148086548e+02 -6.479033632278e-03 -9.999789252475e-01 4.137440033757e-04 8.806841278076e+01 1.099921919123e-02 3.424618566266e-04 9.999394481153e-01 -1.759268343449e-03
p2_to_world: 6.483192175563e-03 -1.099676856353e-02 -9.999185163304e-01 -1.042324371338e+02 -9.999789252475e-01 -4.137440033757e-04 -6.479033632278e-03 8.805474090576e+01 3.424618566266e-04 -9.999394481153e-01 1.099921919123e-02 2.060548782349e+00
