P0: -5.542562584220e+02 0.000000000000e+00 -9.600000000000e+02 -4.301091092936e+03 -4.408728476930e-14 5.542562584220e+02 -3.600000000000e+02 -1.612909159851e+03 -1.224646799147e-16 0.000000000000e+00 -1.000000000000e+00 -4.480303221808e+00
P1: -9.600000000000e+02 0.000000000000e+00 5.542562584220e+02 2.483567776655e+02 -3.600000000000e+02 5.542562584220e+02 2.204364238465e-14 -3.724755117765e+02 -1.000000000000e+00 0.000000000000e+00 6.123233995737e-17 -1.034654199379e+00
P2: 5.542562584220e+02 0.000000000000e+00 9.600000000000e+02 0.000000000000e+00 0.000000000000e+00 5.542562584220e+02 3.600000000000e+02 0.000000000000e+00 0.000000000000e+00 0.000000000000e+00 1.000000000000e+00 0.000000000000e+00
P3: 5.542562584220e+02 0.000000000000e+00 9.600000000000e+02 -4.434064516122e+02 0.000000000000e+00 5.542562584220e+02 3.600000000000e+02 0.000000000000e+00 0.000000000000e+00 0.000000000000e+00 1.000000000000e+00 0.000000000000e+00
P4: 9.600000000000e+02 0.000000000000e+00 -5.542562584220e+02 -2.234879775528e+03 3.600000000000e+02 5.542562584220e+02 2.204364238465e-14 -3.724770531566e+02 1.000000000000e+00 0.000000000000e+00 6.123233995737e-17 -1.034658480991e+00
P5: 5.542562584220e+02 9.600000000000e+02 5.878304635907e-14 2.399925315857e+04 0.000000000000e+00 9.600000000000e+02 -5.542562584220e+02 2.399925315857e+04 0.000000000000e+00 1.000000000000e+00 6.123233995737e-17 2.499922204018e+01
R0_rect: 1.000000000000e+00 0.000000000000e+00 0.000000000000e+00 0.000000000000e+00 1.000000000000e+00 0.000000000000e+00 0.000000000000e+00 0.000000000000e+00 1.000000000000e+00
Tr_velo_to_p2: 0.000000000000e+00 -1.000000000000e+00 0.000000000000e+00 7.674445745506e-07 0.000000000000e+00 0.000000000000e+00 -1.000000000000e+00 -4.999997540588e-01 1.000000000000e+00 0.000000000000e+00 0.000000000000e+00 -2.240216828110e+00
imu_to_world: -9.918763489219e-01 -1.269906218572e-01 7.395296450288e-03 -7.425151062012e+01 1.269737445703e-01 -9.919023748219e-01 -2.710537314553e-03 8.553183746338e+01 7.679624930695e-03 -1.749509372676e-03 9.999689808078e-01 -1.605995203136e-04
p2_to_world: -1.269906218572e-01 -7.395296450288e-03 -9.918763489219e-01 -7.645845794678e+01 -9.919023748219e-01 2.710537314553e-03 1.269737445703e-01 8.581076049805e+01 -1.749509372676e-03 -9.999689808078e-01 7.679624930695e-03 2.054771184921e+00
