P0: -5.542562584220e+02 0.000000000000e+00 -9.600000000000e+02 -4.301210680677e+03 -4.408728476930e-14 5.542562584220e+02 -3.600000000000e+02 -1.612954005254e+03 -1.224646799147e-16 0.000000000000e+00 -1.000000000000e+00 -4.480427792372e+00
P1: -9.600000000000e+02 0.000000000000e+00 5.542562584220e+02 2.484070329090e+02 -3.600000000000e+02 5.542562584220e+02 2.204364238465e-14 -3.724640294436e+02 -1.000000000000e+00 0.000000000000e+00 6.123233995737e-17 -1.034622304010e+00
P2: 5.542562584220e+02 0.000000000000e+00 9.600000000000e+02 0.000000000000e+00 0.000000000000e+00 5.542562584220e+02 3.600000000000e+02 0.000000000000e+00 0.000000000000e+00 0.000000000000e+00 1.000000000000e+00 0.000000000000e+00
P3: 5.542562584220e+02 0.000000000000e+00 9.600000000000e+02 -4.433913728805e+02 0.000000000000e+00 5.542562584220e+02 3.600000000000e+02 0.000000000000e+00 0.000000000000e+00 0.000000000000e+00 1.000000000000e+00 0.000000000000e+00
P4: 9.600000000000e+02 0.000000000000e+00 -5.542562584220e+02 -2.234909130190e+03 3.600000000000e+02 5.542562584220e+02 2.204364238465e-14 -3.724687806390e+02 1.000000000000e+00 0.000000000000e+00 6.123233995737e-17 -1.034635501775e+00
P5: 5.542562584220e+02 9.600000000000e+02 5.878304635907e-14 2.399924674988e+04 0.000000000000e+00 9.600000000000e+02 -5.542562584220e+02 2.399924674988e+04 0.000000000000e+00 1.000000000000e+00 6.123233995737e-17 2.499921536446e+01
R0_rect: 1.000000000000e+00 0.000000000000e+00 0.000000000000e+00 0.000000000000e+00 1.000000000000e+00 0.000000000000e+00 0.000000000000e+00 0.000000000000e+00 1.000000000000e+00
Tr_velo_to_p2: 0.000000000000e+00 -1.000000000000e+00 0.000000000000e+00 3.337448192271e-07 0.000000000000e+00 0.000000000000e+00 -1.000000000000e+00 -5.000000317169e-01 1.000000000000e+00 0.000000000000e+00 0.000000000000e+00 -2.240212201591e+00
imu_to_world: -9.942904615909e-01 -1.066761303666e-01 2.584801594116e-03 -6.575255584717e+01 1.066927243215e-01 -9.942639136323e-01 7.478811768885e-03 8.463542938232e+01 1.772164249684e-03 7.711890729744e-03 9.999686925975e-01 1.926498371176e-03
p2_to_world: -1.066761303666e-01 -2.584801594116e-03 -9.942904615909e-01 -6.797471618652e+01 -9.942639136323e-01 -7.478811768885e-03 1.066927243215e-01 8.488968658447e+01 7.711890729744e-03 -9.999686925975e-01 1.772164249684e-03 2.043623685837e+00
