P0: -5.542562584220e+02 0.000000000000e+00 -9.600000000000e+02 -4.300829579955e+03 -4.408728476930e-14 5.542562584220e+02 -3.600000000000e+02 -1.612811092483e+03 -1.224646799147e-16 0.000000000000e+00 -1.000000000000e+00 -4.480030812454e+00
P1: -9.600000000000e+02 0.000000000000e+00 5.542562584220e+02 2.482911106876e+02 -3.600000000000e+02 5.542562584220e+02 2.204364238465e-14 -3.724761464899e+02 -1.000000000000e+00 0.000000000000e+00 6.123233995737e-17 -1.034655962472e+00
P2: 5.542562584220e+02 0.000000000000e+00 9.600000000000e+02 0.000000000000e+00 0.000000000000e+00 5.542562584220e+02 3.600000000000e+02 0.000000000000e+00 0.000000000000e+00 0.000000000000e+00 1.000000000000e+00 0.000000000000e+00
P3: 5.542562584220e+02 0.000000000000e+00 9.600000000000e+02 -4.433967196657e+02 0.000000000000e+00 5.542562584220e+02 3.600000000000e+02 0.000000000000e+00 0.000000000000e+00 0.000000000000e+00 1.000000000000e+00 0.000000000000e+00
P4: 9.600000000000e+02 0.000000000000e+00 -5.542562584220e+02 -2.234785985463e+03 3.600000000000e+02 5.542562584220e+02 2.204364238465e-14 -3.724733393710e+02 1.000000000000e+00 0.000000000000e+00 6.123233995737e-17 -1.034648164919e+00
P5: 5.542562584220e+02 9.600000000000e+02 5.878304635907e-14 2.399778076172e+04 0.000000000000e+00 9.600000000000e+02 -5.542562584220e+02 2.399778076172e+04 0.000000000000e+00 1.000000000000e+00 6.123233995737e-17 2.499768829346e+01
R0_rect: 1.000000000000e+00 0.000000000000e+00 0.000000000000e+00 0.000000000000e+00 1.000000000000e+00 0.000000000000e+00 0.000000000000e+00 0.000000000000e+00 1.000000000000e+00
Tr_velo_to_p2: 0.000000000000e+00 -1.000000000000e+00 0.000000000000e+00 -7.152665228010e-06 0.000000000000e+00 0.000000000000e+00 -1.000000000000e+00 -5.000005022783e-01 1.000000000000e+00 0.000000000000e+00 0.000000000000e+00 -2.240213654769e+00
imu_to_world: -9.919079400097e-01 -1.262960060783e-01 -1.295983774873e-02 -8.655438995361e+01 1.262526638093e-01 -9.919895907622e-01 4.112991673422e-03 8.721609497070e+01 -1.337547856610e-02 2.443495059747e-03 9.999075586798e-01 9.024351835251e-03
p2_to_world: -1.262960060783e-01 1.295983774873e-02 -9.919079400097e-01 -8.880288696289e+01 -9.919895907622e-01 -4.112991673422e-03 1.262526638093e-01 8.750730133057e+01 2.443495059747e-03 -9.999075586798e-01 -1.337547856610e-02 2.016662597656e+00
