P0: -5.542562584220e+02 0.000000000000e+00 -9.600000000000e+02 -4.301213941189e+03 -4.408728476930e-14 5.542562584220e+02 -3.600000000000e+02 -1.612955227946e+03 -1.224646799147e-16 0.000000000000e+00 -1.000000000000e+00 -4.480431188738e+00
P1: -9.600000000000e+02 0.000000000000e+00 5.542562584220e+02 2.483938391899e+02 -3.600000000000e+02 5.542562584220e+02 2.204364238465e-14 -3.724737733224e+02 -1.000000000000e+00 0.000000000000e+00 6.123233995737e-17 -1.034649370340e+00
P2: 5.542562584220e+02 0.000000000000e+00 9.600000000000e+02 0.000000000000e+00 0.000000000000e+00 5.542562584220e+02 3.600000000000e+02 0.000000000000e+00 0.000000000000e+00 0.000000000000e+00 1.000000000000e+00 0.000000000000e+00
P3: 5.542562584220e+02 0.000000000000e+00 9.600000000000e+02 -4.434077340253e+02 0.000000000000e+00 5.542562584220e+02 3.600000000000e+02 0.000000000000e+00 0.000000000000e+00 0.000000000000e+00 1.000000000000e+00 0.000000000000e+00
P4: 9.600000000000e+02 0.000000000000e+00 -5.542562584220e+02 -2.234932604132e+03 3.600000000000e+02 5.542562584220e+02 2.204364238465e-14 -3.724793803563e+02 1.000000000000e+00 0.000000000000e+00 6.123233995737e-17 -1.034664945434e+00
P5: 5.542562584220e+02 9.600000000000e+02 5.878304635907e-14 2.399999473572e+04 0.000000000000e+00 9.600000000000e+02 -5.542562584220e+02 2.399999473572e+04 0.000000000000e+00 1.000000000000e+00 6.123233995737e-17 2.499999451637e+01
R0_rect: 1.000000000000e+00 0.000000000000e+00 0.000000000000e+00 0.000000000000e+00 1.000000000000e+00 0.000000000000e+00 0.000000000000e+00 0.000000000000e+00 1.000000000000e+00
Tr_velo_to_p2: 0.000000000000e+00 -1.000000000000e+00 0.000000000000e+00 3.712212456811e-06 0.000000000000e+00 0.000000000000e+00 -1.000000000000e+00 -5.000000227094e-01 1.000000000000e+00 0.000000000000e+00 0.000000000000e+00 -2.240209339833e+00
imu_to_world: -9.998259925274e-01 -1.864562333812e-02 5.704356566306e-04 -9.825178527832e+01 1.864583776726e-02 -9.998260817071e-01 3.729237675227e-04 8.808113861084e+01 5.633830513319e-04 3.834951267106e-04 9.999997677655e-01 2.773508429527e-03
p2_to_world: -1.864562333812e-02 -5.704356566306e-04 -9.998259925274e-01 -1.004904479980e+02 -9.998260817071e-01 -3.729237675227e-04 1.864583776726e-02 8.812367248535e+01 3.834951267106e-04 -9.999997677655e-01 5.633830513319e-04 2.041826009750e+00
