P0: -5.542562584220e+02 0.000000000000e+00 -9.600000000000e+02 -4.301220827100e+03 -4.408728476930e-14 5.542562584220e+02 -3.600000000000e+02 -1.612957810162e+03 -1.224646799147e-16 0.000000000000e+00 -1.000000000000e+00 -4.480438361562e+00
P1: -9.600000000000e+02 0.000000000000e+00 5.542562584220e+02 2.483845647028e+02 -3.600000000000e+02 5.542562584220e+02 2.204364238465e-14 -3.724771002518e+02 -1.000000000000e+00 0.000000000000e+00 6.123233995737e-17 -1.034658611811e+00
P2: 5.542562584220e+02 0.000000000000e+00 9.600000000000e+02 0.000000000000e+00 0.000000000000e+00 5.542562584220e+02 3.600000000000e+02 0.000000000000e+00 0.000000000000e+00 0.000000000000e+00 1.000000000000e+00 0.000000000000e+00
P3: 5.542562584220e+02 0.000000000000e+00 9.600000000000e+02 -4.434067097751e+02 0.000000000000e+00 5.542562584220e+02 3.600000000000e+02 0.000000000000e+00 0.000000000000e+00 0.000000000000e+00 1.000000000000e+00 0.000000000000e+00
P4: 9.600000000000e+02 0.000000000000e+00 -5.542562584220e+02 -2.234926716018e+03 3.600000000000e+02 5.542562584220e+02 2.204364238465e-14 -3.724756188935e+02 1.000000000000e+00 0.000000000000e+00 6.123233995737e-17 -1.034654496926e+00
P5: 5.542562584220e+02 9.600000000000e+02 5.878304635907e-14 2.399999290466e+04 0.000000000000e+00 9.600000000000e+02 -5.542562584220e+02 2.399999290466e+04 0.000000000000e+00 1.000000000000e+00 6.123233995737e-17 2.499999260902e+01
R0_rect: 1.000000000000e+00 0.000000000000e+00 0.000000000000e+00 0.000000000000e+00 1.000000000000e+00 0.000000000000e+00 0.000000000000e+00 0.000000000000e+00 1.000000000000e+00
Tr_velo_to_p2: 0.000000000000e+00 -1.000000000000e+00 0.000000000000e+00 -4.530150250569e-06 0.000000000000e+00 0.000000000000e+00 -1.000000000000e+00 -4.999999615909e-01 1.000000000000e+00 0.000000000000e+00 0.000000000000e+00 -2.240225637577e+00
imu_to_world: -9.999996941100e-01 -2.410406488871e-04 -7.440963236680e-04 -1.006993560791e+02 2.410160095946e-04 -9.999999704044e-01 3.320253358800e-05 8.807978057861e+01 -7.441043048062e-04 3.302318430499e-05 9.999997226091e-01 3.341249655932e-03
p2_to_world: -2.410406488871e-04 7.440963236680e-04 -9.999996941100e-01 -1.029410934448e+02 -9.999999704044e-01 -3.320253358800e-05 2.410160095946e-04 8.808039093018e+01 3.302318430499e-05 -9.999997226091e-01 -7.441043048062e-04 2.039464712143e+00
