P0: -5.542562584220e+02 0.000000000000e+00 -9.600000000000e+02 -4.301221277434e+03 -4.408728476930e-14 5.542562584220e+02 -3.600000000000e+02 -1.612957979038e+03 -1.224646799147e-16 0.000000000000e+00 -1.000000000000e+00 -4.480438830661e+00
P1: -9.600000000000e+02 0.000000000000e+00 5.542562584220e+02 2.483822420631e+02 -3.600000000000e+02 5.542562584220e+02 2.204364238465e-14 -3.724773451450e+02 -1.000000000000e+00 0.000000000000e+00 6.123233995737e-17 -1.034659292069e+00
P2: 5.542562584220e+02 0.000000000000e+00 9.600000000000e+02 0.000000000000e+00 0.000000000000e+00 5.542562584220e+02 3.600000000000e+02 0.000000000000e+00 0.000000000000e+00 0.000000000000e+00 1.000000000000e+00 0.000000000000e+00
P3: 5.542562584220e+02 0.000000000000e+00 9.600000000000e+02 -4.434032620673e+02 0.000000000000e+00 5.542562584220e+02 3.600000000000e+02 0.000000000000e+00 0.000000000000e+00 0.000000000000e+00 1.000000000000e+00 0.000000000000e+00
P4: 9.600000000000e+02 0.000000000000e+00 -5.542562584220e+02 -2.234922694795e+03 3.600000000000e+02 5.542562584220e+02 2.204364238465e-14 -3.724765587389e+02 1.000000000000e+00 0.000000000000e+00 6.123233995737e-17 -1.034657107608e+00
P5: 5.542562584220e+02 9.600000000000e+02 5.878304635907e-14 2.399999725342e+04 0.000000000000e+00 9.600000000000e+02 -5.542562584220e+02 2.399999725342e+04 0.000000000000e+00 1.000000000000e+00 6.123233995737e-17 2.499999713898e+01
R0_rect: 1.000000000000e+00 0.000000000000e+00 0.000000000000e+00 0.000000000000e+00 1.000000000000e+00 0.000000000000e+00 0.000000000000e+00 0.000000000000e+00 1.000000000000e+00
Tr_velo_to_p2: 0.000000000000e+00 -1.000000000000e+00 0.000000000000e+00 -7.827679675294e-06 0.000000000000e+00 0.000000000000e+00 -1.000000000000e+00 -4.999997264740e-01 1.000000000000e+00 0.000000000000e+00 0.000000000000e+00 -2.240215437622e+00
imu_to_world: -9.999504794242e-01 -9.951807492274e-03 -1.506573849620e-05 -9.926119232178e+01 9.951802400179e-03 -9.999504324734e-01 3.069612523552e-04 8.808480072021e+01 -1.811981101584e-05 3.067961202047e-04 9.999999527739e-01 3.025888698176e-03
p2_to_world: -9.951807492274e-03 1.506573849620e-05 -9.999504794242e-01 -1.015013275146e+02 -9.999504324734e-01 -3.069612523552e-04 9.951802400179e-03 8.810771942139e+01 3.067961202047e-04 -9.999999527739e-01 -1.811981101584e-05 2.040776252747e+00
