P0: -5.542562584220e+02 0.000000000000e+00 -9.600000000000e+02 -4.301180210890e+03 -4.408728476930e-14 5.542562584220e+02 -3.600000000000e+02 -1.612942579084e+03 -1.224646799147e-16 0.000000000000e+00 -1.000000000000e+00 -4.480396053010e+00
P1: -9.600000000000e+02 0.000000000000e+00 5.542562584220e+02 2.483706527148e+02 -3.600000000000e+02 5.542562584220e+02 2.204364238465e-14 -3.724760345269e+02 -1.000000000000e+00 0.000000000000e+00 6.123233995737e-17 -1.034655651463e+00
P2: 5.542562584220e+02 0.000000000000e+00 9.600000000000e+02 0.000000000000e+00 0.000000000000e+00 5.542562584220e+02 3.600000000000e+02 0.000000000000e+00 0.000000000000e+00 0.000000000000e+00 1.000000000000e+00 0.000000000000e+00
P3: 5.542562584220e+02 0.000000000000e+00 9.600000000000e+02 -4.434050905772e+02 0.000000000000e+00 5.542562584220e+02 3.600000000000e+02 0.000000000000e+00 0.000000000000e+00 0.000000000000e+00 1.000000000000e+00 0.000000000000e+00
P4: 9.600000000000e+02 0.000000000000e+00 -5.542562584220e+02 -2.234914803512e+03 3.600000000000e+02 5.542562584220e+02 2.204364238465e-14 -3.724752483907e+02 1.000000000000e+00 0.000000000000e+00 6.123233995737e-17 -1.034653467752e+00
P5: 5.542562584220e+02 9.600000000000e+02 5.878304635907e-14 2.399978988647e+04 0.000000000000e+00 9.600000000000e+02 -5.542562584220e+02 2.399978988647e+04 0.000000000000e+00 1.000000000000e+00 6.123233995737e-17 2.499978113174e+01
R0_rect: 1.000000000000e+00 0.000000000000e+00 0.000000000000e+00 0.000000000000e+00 1.000000000000e+00 0.000000000000e+00 0.000000000000e+00 0.000000000000e+00 1.000000000000e+00
Tr_velo_to_p2: 0.000000000000e+00 -1.000000000000e+00 0.000000000000e+00 -7.005195612461e-06 0.000000000000e+00 0.000000000000e+00 -1.000000000000e+00 -4.999998903225e-01 1.000000000000e+00 0.000000000000e+00 0.000000000000e+00 -2.240222645213e+00
imu_to_world: -9.966385403463e-01 -8.182501036224e-02 4.035786852729e-03 -9.328861999512e+01 8.182979450620e-02 -9.966457817489e-01 1.034627092967e-03 8.791404724121e+01 3.937591570206e-03 1.361396844567e-03 9.999913209480e-01 1.346277887933e-03
p2_to_world: -8.182501036224e-02 -4.035786852729e-03 -9.966385403463e-01 -9.551308441162e+01 -9.966457817489e-01 -1.034627092967e-03 8.182979450620e-02 8.809947204590e+01 1.361396844567e-03 -9.999913209480e-01 3.937591570206e-03 2.047940731049e+00
