P0: -5.542562584220e+02 0.000000000000e+00 -9.600000000000e+02 -4.301095340869e+03 -4.408728476930e-14 5.542562584220e+02 -3.600000000000e+02 -1.612910752826e+03 -1.224646799147e-16 0.000000000000e+00 -1.000000000000e+00 -4.480307646738e+00
P1: -9.600000000000e+02 0.000000000000e+00 5.542562584220e+02 2.484392493565e+02 -3.600000000000e+02 5.542562584220e+02 2.204364238465e-14 -3.724594798399e+02 -1.000000000000e+00 0.000000000000e+00 6.123233995737e-17 -1.034609666222e+00
P2: 5.542562584220e+02 0.000000000000e+00 9.600000000000e+02 0.000000000000e+00 0.000000000000e+00 5.542562584220e+02 3.600000000000e+02 0.000000000000e+00 0.000000000000e+00 0.000000000000e+00 1.000000000000e+00 0.000000000000e+00
P3: 5.542562584220e+02 0.000000000000e+00 9.600000000000e+02 -4.433827452578e+02 0.000000000000e+00 5.542562584220e+02 3.600000000000e+02 0.000000000000e+00 0.000000000000e+00 0.000000000000e+00 1.000000000000e+00 0.000000000000e+00
P4: 9.600000000000e+02 0.000000000000e+00 -5.542562584220e+02 -2.234790604997e+03 3.600000000000e+02 5.542562584220e+02 2.204364238465e-14 -3.724562178994e+02 1.000000000000e+00 0.000000000000e+00 6.123233995737e-17 -1.034600605276e+00
P5: 5.542562584220e+02 9.600000000000e+02 5.878304635907e-14 2.399803665161e+04 0.000000000000e+00 9.600000000000e+02 -5.542562584220e+02 2.399803665161e+04 0.000000000000e+00 1.000000000000e+00 6.123233995737e-17 2.499795484543e+01
R0_rect: 1.000000000000e+00 0.000000000000e+00 0.000000000000e+00 0.000000000000e+00 1.000000000000e+00 0.000000000000e+00 0.000000000000e+00 0.000000000000e+00 1.000000000000e+00
Tr_velo_to_p2: 0.000000000000e+00 -1.000000000000e+00 0.000000000000e+00 1.555435219051e-06 0.000000000000e+00 0.000000000000e+00 -1.000000000000e+00 -5.000000475131e-01 1.000000000000e+00 0.000000000000e+00 0.000000000000e+00 -2.240220885361e+00
imu_to_world: -9.656566276398e-01 -2.597805071887e-01 -4.622291638788e-03 -6.181256103516e+01 2.597115976524e-01 -9.656126203557e-01 1.192281236575e-02 8.409646606445e+01 -7.560657384869e-03 1.031288003477e-02 9.999182371401e-01 1.192371360958e-02
p2_to_world: -2.597805071887e-01 4.622291638788e-03 -9.656566276398e-01 -6.398526382446e+01 -9.656126203557e-01 -1.192281236575e-02 2.597115976524e-01 8.470256805420e+01 1.031288003477e-02 -9.999182371401e-01 -7.560657384869e-03 2.032610416412e+00
