P0: -5.542562584220e+02 0.000000000000e+00 -9.600000000000e+02 -4.300978195485e+03 -4.408728476930e-14 5.542562584220e+02 -3.600000000000e+02 -1.612866823307e+03 -1.224646799147e-16 0.000000000000e+00 -1.000000000000e+00 -4.480185620297e+00
P1: -9.600000000000e+02 0.000000000000e+00 5.542562584220e+02 2.483044254915e+02 -3.600000000000e+02 5.542562584220e+02 2.204364238465e-14 -3.724796648248e+02 -1.000000000000e+00 0.000000000000e+00 6.123233995737e-17 -1.034665735624e+00
P2: 5.542562584220e+02 0.000000000000e+00 9.600000000000e+02 0.000000000000e+00 0.000000000000e+00 5.542562584220e+02 3.600000000000e+02 0.000000000000e+00 0.000000000000e+00 0.000000000000e+00 1.000000000000e+00 0.000000000000e+00
P3: 5.542562584220e+02 0.000000000000e+00 9.600000000000e+02 -4.434042081339e+02 0.000000000000e+00 5.542562584220e+02 3.600000000000e+02 0.000000000000e+00 0.000000000000e+00 0.000000000000e+00 1.000000000000e+00 0.000000000000e+00
P4: 9.600000000000e+02 0.000000000000e+00 -5.542562584220e+02 -2.234853608728e+03 3.600000000000e+02 5.542562584220e+02 2.204364238465e-14 -3.724748166127e+02 1.000000000000e+00 0.000000000000e+00 6.123233995737e-17 -1.034652268369e+00
P5: 5.542562584220e+02 9.600000000000e+02 5.878304635907e-14 2.399863197327e+04 0.000000000000e+00 9.600000000000e+02 -5.542562584220e+02 2.399863197327e+04 0.000000000000e+00 1.000000000000e+00 6.123233995737e-17 2.499857497215e+01
R0_rect: 1.000000000000e+00 0.000000000000e+00 0.000000000000e+00 0.000000000000e+00 1.000000000000e+00 0.000000000000e+00 0.000000000000e+00 0.000000000000e+00 1.000000000000e+00
Tr_velo_to_p2: 0.000000000000e+00 -1.000000000000e+00 0.000000000000e+00 1.441497493498e-06 0.000000000000e+00 0.000000000000e+00 -1.000000000000e+00 -4.999998711094e-01 1.000000000000e+00 0.000000000000e+00 0.000000000000e+00 -2.240222157588e+00
imu_to_world: -9.999296170704e-01 5.187740739366e-03 1.066996961116e-02 -1.016620254517e+02 -5.183790943336e-03 -9.999864849412e-01 3.978018641904e-04 8.807206726074e+01 1.067188909883e-02 3.424629738938e-04 9.999429951263e-01 -1.590086496435e-03
p2_to_world: 5.187740739366e-03 -1.066996961116e-02 -9.999296170704e-01 -1.038803482056e+02 -9.999864849412e-01 -3.978018641904e-04 -5.183790943336e-03 8.806126403809e+01 3.424629738938e-04 -9.999429951263e-01 1.067188909883e-02 2.059992074966e+00
