P0: -5.542562584220e+02 0.000000000000e+00 -9.600000000000e+02 -4.298515626199e+03 -4.408728476930e-14 5.542562584220e+02 -3.600000000000e+02 -1.611943359825e+03 -1.224646799147e-16 0.000000000000e+00 -1.000000000000e+00 -4.477620443957e+00
P1: -9.600000000000e+02 0.000000000000e+00 5.542562584220e+02 2.475989950670e+02 -3.600000000000e+02 5.542562584220e+02 2.204364238465e-14 -3.724758413870e+02 -1.000000000000e+00 0.000000000000e+00 6.123233995737e-17 -1.034655114964e+00
P2: 5.542562584220e+02 0.000000000000e+00 9.600000000000e+02 0.000000000000e+00 0.000000000000e+00 5.542562584220e+02 3.600000000000e+02 0.000000000000e+00 0.000000000000e+00 0.000000000000e+00 1.000000000000e+00 0.000000000000e+00
P3: 5.542562584220e+02 0.000000000000e+00 9.600000000000e+02 -4.434023269390e+02 0.000000000000e+00 5.542562584220e+02 3.600000000000e+02 0.000000000000e+00 0.000000000000e+00 0.000000000000e+00 1.000000000000e+00 0.000000000000e+00
P4: 9.600000000000e+02 0.000000000000e+00 -5.542562584220e+02 -2.234154830704e+03 3.600000000000e+02 5.542562584220e+02 2.204364238465e-14 -3.724775933381e+02 1.000000000000e+00 0.000000000000e+00 6.123233995737e-17 -1.034659981495e+00
P5: 5.542562584220e+02 9.600000000000e+02 5.878304635907e-14 2.398486724854e+04 0.000000000000e+00 9.600000000000e+02 -5.542562584220e+02 2.398486724854e+04 0.000000000000e+00 1.000000000000e+00 6.123233995737e-17 2.498423671722e+01
R0_rect: 1.000000000000e+00 0.000000000000e+00 0.000000000000e+00 0.000000000000e+00 1.000000000000e+00 0.000000000000e+00 0.000000000000e+00 0.000000000000e+00 1.000000000000e+00
Tr_velo_to_p2: 0.000000000000e+00 -1.000000000000e+00 0.000000000000e+00 -1.407935401979e-06 0.000000000000e+00 0.000000000000e+00 -1.000000000000e+00 -4.999998775777e-01 1.000000000000e+00 0.000000000000e+00 0.000000000000e+00 -2.240220253802e+00
imu_to_world: -9.918284370419e-01 -1.226052824891e-01 -3.527458264553e-02 -8.785638427734e+01 1.225390022887e-01 -9.924554634955e-01 4.043005822910e-03 8.738257598877e+01 -3.550414614010e-02 -3.125440172449e-04 9.993694801839e-01 1.857410185039e-02
p2_to_world: -1.226052824891e-01 3.527458264553e-02 -9.918284370419e-01 -9.015018463135e+01 -9.924554634955e-01 -4.043005822910e-03 1.225390022887e-01 8.766532897949e+01 -3.125440172449e-04 -9.993694801839e-01 -3.550414614010e-02 1.975543022156e+00
