P0: -5.542562584220e+02 0.000000000000e+00 -9.600000000000e+02 -4.301196023886e+03 -4.408728476930e-14 5.542562584220e+02 -3.600000000000e+02 -1.612948508957e+03 -1.224646799147e-16 0.000000000000e+00 -1.000000000000e+00 -4.480412524881e+00
P1: -9.600000000000e+02 0.000000000000e+00 5.542562584220e+02 2.483790542301e+02 -3.600000000000e+02 5.542562584220e+02 2.204364238465e-14 -3.724763143293e+02 -1.000000000000e+00 0.000000000000e+00 6.123233995737e-17 -1.034656428692e+00
P2: 5.542562584220e+02 0.000000000000e+00 9.600000000000e+02 0.000000000000e+00 0.000000000000e+00 5.542562584220e+02 3.600000000000e+02 0.000000000000e+00 0.000000000000e+00 0.000000000000e+00 1.000000000000e+00 0.000000000000e+00
P3: 5.542562584220e+02 0.000000000000e+00 9.600000000000e+02 -4.434048883109e+02 0.000000000000e+00 5.542562584220e+02 3.600000000000e+02 0.000000000000e+00 0.000000000000e+00 0.000000000000e+00 1.000000000000e+00 0.000000000000e+00
P4: 9.600000000000e+02 0.000000000000e+00 -5.542562584220e+02 -2.234917384671e+03 3.600000000000e+02 5.542562584220e+02 2.204364238465e-14 -3.724746421151e+02 1.000000000000e+00 0.000000000000e+00 6.123233995737e-17 -1.034651783653e+00
P5: 5.542562584220e+02 9.600000000000e+02 5.878304635907e-14 2.399985786438e+04 0.000000000000e+00 9.600000000000e+02 -5.542562584220e+02 2.399985786438e+04 0.000000000000e+00 1.000000000000e+00 6.123233995737e-17 2.499985194206e+01
R0_rect: 1.000000000000e+00 0.000000000000e+00 0.000000000000e+00 0.000000000000e+00 1.000000000000e+00 0.000000000000e+00 0.000000000000e+00 0.000000000000e+00 1.000000000000e+00
Tr_velo_to_p2: 0.000000000000e+00 -1.000000000000e+00 0.000000000000e+00 -4.088577512037e-06 0.000000000000e+00 0.000000000000e+00 -1.000000000000e+00 -5.000000978841e-01 1.000000000000e+00 0.000000000000e+00 0.000000000000e+00 -2.240217753162e+00
imu_to_world: -9.969849092227e-01 -7.752665617248e-02 3.272363822537e-03 -9.363623809814e+01 7.753049881028e-02 -9.969894129810e-01 1.064029173838e-03 8.793656158447e+01 3.180021462573e-03 1.314529028740e-03 9.999940797209e-01 1.662516267970e-03
p2_to_world: -7.752665617248e-02 -3.272363822537e-03 -9.969849092227e-01 -9.586303710938e+01 -9.969894129810e-01 -1.064029173838e-03 7.753049881028e-02 8.811241149902e+01 1.314529028740e-03 -9.999940797209e-01 3.180021462573e-03 2.046565294266e+00
