P0: -5.542562584220e+02 0.000000000000e+00 -9.600000000000e+02 -4.301203784129e+03 -4.408728476930e-14 5.542562584220e+02 -3.600000000000e+02 -1.612951419048e+03 -1.224646799147e-16 0.000000000000e+00 -1.000000000000e+00 -4.480420608468e+00
P1: -9.600000000000e+02 0.000000000000e+00 5.542562584220e+02 2.483828692516e+02 -3.600000000000e+02 5.542562584220e+02 2.204364238465e-14 -3.724763027127e+02 -1.000000000000e+00 0.000000000000e+00 6.123233995737e-17 -1.034656396424e+00
P2: 5.542562584220e+02 0.000000000000e+00 9.600000000000e+02 0.000000000000e+00 0.000000000000e+00 5.542562584220e+02 3.600000000000e+02 0.000000000000e+00 0.000000000000e+00 0.000000000000e+00 1.000000000000e+00 0.000000000000e+00
P3: 5.542562584220e+02 0.000000000000e+00 9.600000000000e+02 -4.433996417463e+02 0.000000000000e+00 5.542562584220e+02 3.600000000000e+02 0.000000000000e+00 0.000000000000e+00 0.000000000000e+00 1.000000000000e+00 0.000000000000e+00
P4: 9.600000000000e+02 0.000000000000e+00 -5.542562584220e+02 -2.234918830644e+03 3.600000000000e+02 5.542562584220e+02 2.204364238465e-14 -3.724763610157e+02 1.000000000000e+00 0.000000000000e+00 6.123233995737e-17 -1.034656558377e+00
P5: 5.542562584220e+02 9.600000000000e+02 5.878304635907e-14 2.399991210938e+04 0.000000000000e+00 9.600000000000e+02 -5.542562584220e+02 2.399991210938e+04 0.000000000000e+00 1.000000000000e+00 6.123233995737e-17 2.499990844727e+01
R0_rect: 1.000000000000e+00 0.000000000000e+00 0.000000000000e+00 0.000000000000e+00 1.000000000000e+00 0.000000000000e+00 0.000000000000e+00 0.000000000000e+00 1.000000000000e+00
Tr_velo_to_p2: 0.000000000000e+00 -1.000000000000e+00 0.000000000000e+00 -7.310809123429e-06 0.000000000000e+00 0.000000000000e+00 -1.000000000000e+00 -4.999999592515e-01 1.000000000000e+00 0.000000000000e+00 0.000000000000e+00 -2.240211838460e+00
imu_to_world: -9.959124989618e-01 -9.029545062067e-02 -2.241876172651e-03 -9.258751678467e+01 9.029225681751e-02 -9.959142011996e-01 1.487349234882e-03 8.786373901367e+01 -2.367017187068e-03 1.278845634207e-03 9.999963808852e-01 4.010424017906e-03
p2_to_world: -9.029545062067e-02 2.241876172651e-03 -9.959124989618e-01 -9.482314300537e+01 -9.959142011996e-01 -1.487349234882e-03 9.029225681751e-02 8.806903839111e+01 1.278845634207e-03 -9.999963808852e-01 -2.367017187068e-03 2.036491394043e+00
