P0: -5.542562584220e+02 0.000000000000e+00 -9.600000000000e+02 -4.300879335127e+03 -4.408728476930e-14 5.542562584220e+02 -3.600000000000e+02 -1.612829750673e+03 -1.224646799147e-16 0.000000000000e+00 -1.000000000000e+00 -4.480082640758e+00
P1: -9.600000000000e+02 0.000000000000e+00 5.542562584220e+02 2.484009019476e+02 -3.600000000000e+02 5.542562584220e+02 2.204364238465e-14 -3.724588856134e+02 -1.000000000000e+00 0.000000000000e+00 6.123233995737e-17 -1.034608015593e+00
P2: 5.542562584220e+02 0.000000000000e+00 9.600000000000e+02 0.000000000000e+00 0.000000000000e+00 5.542562584220e+02 3.600000000000e+02 0.000000000000e+00 0.000000000000e+00 0.000000000000e+00 1.000000000000e+00 0.000000000000e+00
P3: 5.542562584220e+02 0.000000000000e+00 9.600000000000e+02 -4.433874736582e+02 0.000000000000e+00 5.542562584220e+02 3.600000000000e+02 0.000000000000e+00 0.000000000000e+00 0.000000000000e+00 1.000000000000e+00 0.000000000000e+00
P4: 9.600000000000e+02 0.000000000000e+00 -5.542562584220e+02 -2.234713405047e+03 3.600000000000e+02 5.542562584220e+02 2.204364238465e-14 -3.724598055759e+02 1.000000000000e+00 0.000000000000e+00 6.123233995737e-17 -1.034610571044e+00
P5: 5.542562584220e+02 9.600000000000e+02 5.878304635907e-14 2.399700279236e+04 0.000000000000e+00 9.600000000000e+02 -5.542562584220e+02 2.399700279236e+04 0.000000000000e+00 1.000000000000e+00 6.123233995737e-17 2.499687790871e+01
R0_rect: 1.000000000000e+00 0.000000000000e+00 0.000000000000e+00 0.000000000000e+00 1.000000000000e+00 0.000000000000e+00 0.000000000000e+00 0.000000000000e+00 1.000000000000e+00
Tr_velo_to_p2: 0.000000000000e+00 -1.000000000000e+00 0.000000000000e+00 7.392404394128e-06 0.000000000000e+00 0.000000000000e+00 -1.000000000000e+00 -5.000001569495e-01 1.000000000000e+00 0.000000000000e+00 0.000000000000e+00 -2.240218023352e+00
imu_to_world: -9.402421081397e-01 -3.404030896078e-01 -8.397301144684e-03 -6.065049743652e+01 3.402789492844e-01 -9.402293189284e-01 1.338149846878e-02 8.382236480713e+01 -1.245049215846e-02 9.724423520015e-03 9.998752026289e-01 2.389957383275e-02
p2_to_world: -3.404030896078e-01 8.397301144684e-03 -9.402421081397e-01 -6.277395248413e+01 -9.402293189284e-01 -1.338149846878e-02 3.402789492844e-01 8.461193084717e+01 9.724423520015e-03 -9.998752026289e-01 -1.245049215846e-02 2.033544301987e+00
