P0: -5.542562584220e+02 0.000000000000e+00 -9.600000000000e+02 -4.301225145196e+03 -4.408728476930e-14 5.542562584220e+02 -3.600000000000e+02 -1.612959429448e+03 -1.224646799147e-16 0.000000000000e+00 -1.000000000000e+00 -4.480442859579e+00
P1: -9.600000000000e+02 0.000000000000e+00 5.542562584220e+02 2.483877385901e+02 -3.600000000000e+02 5.542562584220e+02 2.204364238465e-14 -3.724758919639e+02 -1.000000000000e+00 0.000000000000e+00 6.123233995737e-17 -1.034655255455e+00
P2: 5.542562584220e+02 0.000000000000e+00 9.600000000000e+02 0.000000000000e+00 0.000000000000e+00 5.542562584220e+02 3.600000000000e+02 0.000000000000e+00 0.000000000000e+00 0.000000000000e+00 1.000000000000e+00 0.000000000000e+00
P3: 5.542562584220e+02 0.000000000000e+00 9.600000000000e+02 -4.434071518634e+02 0.000000000000e+00 5.542562584220e+02 3.600000000000e+02 0.000000000000e+00 0.000000000000e+00 0.000000000000e+00 1.000000000000e+00 0.000000000000e+00
P4: 9.600000000000e+02 0.000000000000e+00 -5.542562584220e+02 -2.234930253423e+03 3.600000000000e+02 5.542562584220e+02 2.204364238465e-14 -3.724775759047e+02 1.000000000000e+00 0.000000000000e+00 6.123233995737e-17 -1.034659933069e+00
P5: 5.542562584220e+02 9.600000000000e+02 5.878304635907e-14 2.399999610901e+04 0.000000000000e+00 9.600000000000e+02 -5.542562584220e+02 2.399999610901e+04 0.000000000000e+00 1.000000000000e+00 6.123233995737e-17 2.499999594688e+01
R0_rect: 1.000000000000e+00 0.000000000000e+00 0.000000000000e+00 0.000000000000e+00 1.000000000000e+00 0.000000000000e+00 0.000000000000e+00 0.000000000000e+00 1.000000000000e+00
Tr_velo_to_p2: 0.000000000000e+00 -1.000000000000e+00 0.000000000000e+00 1.504622961398e-06 0.000000000000e+00 0.000000000000e+00 -1.000000000000e+00 -5.000000977464e-01 1.000000000000e+00 0.000000000000e+00 0.000000000000e+00 -2.240230477333e+00
imu_to_world: -9.999988382674e-01 -1.437927754328e-03 -5.057939716481e-04 -1.004673919678e+02 1.437839993004e-03 -9.999989511986e-01 1.738328518102e-04 8.808103942871e+01 -5.060434002529e-04 1.731053990623e-04 9.999998569773e-01 3.237337339669e-03
p2_to_world: -1.437927754328e-03 5.057939716481e-04 -9.999988382674e-01 -1.027086410522e+02 -9.999989511986e-01 -1.738328518102e-04 1.437839993004e-03 8.808461761475e+01 1.731053990623e-04 -9.999998569773e-01 -5.060434002529e-04 2.039894342422e+00
