P0: -5.542562584220e+02 0.000000000000e+00 -9.600000000000e+02 -4.300880845874e+03 -4.408728476930e-14 5.542562584220e+02 -3.600000000000e+02 -1.612830317203e+03 -1.224646799147e-16 0.000000000000e+00 -1.000000000000e+00 -4.480084214452e+00
P1: -9.600000000000e+02 0.000000000000e+00 5.542562584220e+02 2.484823789237e+02 -3.600000000000e+02 5.542562584220e+02 2.204364238465e-14 -3.724400433215e+02 -1.000000000000e+00 0.000000000000e+00 6.123233995737e-17 -1.034555675893e+00
P2: 5.542562584220e+02 0.000000000000e+00 9.600000000000e+02 0.000000000000e+00 0.000000000000e+00 5.542562584220e+02 3.600000000000e+02 0.000000000000e+00 0.000000000000e+00 0.000000000000e+00 1.000000000000e+00 0.000000000000e+00
P3: 5.542562584220e+02 0.000000000000e+00 9.600000000000e+02 -4.433669790486e+02 0.000000000000e+00 5.542562584220e+02 3.600000000000e+02 0.000000000000e+00 0.000000000000e+00 0.000000000000e+00 1.000000000000e+00 0.000000000000e+00
P4: 9.600000000000e+02 0.000000000000e+00 -5.542562584220e+02 -2.234640364593e+03 3.600000000000e+02 5.542562584220e+02 2.204364238465e-14 -3.724430543463e+02 1.000000000000e+00 0.000000000000e+00 6.123233995737e-17 -1.034564039851e+00
P5: 5.542562584220e+02 9.600000000000e+02 5.878304635907e-14 2.399584785461e+04 0.000000000000e+00 9.600000000000e+02 -5.542562584220e+02 2.399584785461e+04 0.000000000000e+00 1.000000000000e+00 6.123233995737e-17 2.499567484856e+01
R0_rect: 1.000000000000e+00 0.000000000000e+00 0.000000000000e+00 0.000000000000e+00 1.000000000000e+00 0.000000000000e+00 0.000000000000e+00 0.000000000000e+00 1.000000000000e+00
Tr_velo_to_p2: 0.000000000000e+00 -1.000000000000e+00 0.000000000000e+00 3.397016489432e-07 0.000000000000e+00 0.000000000000e+00 -1.000000000000e+00 -5.000000130434e-01 1.000000000000e+00 0.000000000000e+00 0.000000000000e+00 -2.240218746837e+00
imu_to_world: -9.549517157425e-01 -2.966555682418e-01 -7.917981531974e-03 -6.121557617188e+01 2.964955728824e-01 -9.548859091478e-01 1.683079831911e-02 8.396115875244e+01 -1.255371903309e-02 1.372495326175e-02 9.998269999337e-01 1.779506728053e-02
p2_to_world: -2.966555682418e-01 7.917981531974e-03 -9.549517157425e-01 -6.337100982666e+01 -9.548859091478e-01 -1.683079831911e-02 2.964955728824e-01 8.465967559814e+01 1.372495326175e-02 -9.998269999337e-01 -1.255371903309e-02 2.027110338211e+00
