P0: -5.542562584220e+02 0.000000000000e+00 -9.600000000000e+02 -4.301097639283e+03 -4.408728476930e-14 5.542562584220e+02 -3.600000000000e+02 -1.612911614731e+03 -1.224646799147e-16 0.000000000000e+00 -1.000000000000e+00 -4.480310040920e+00
P1: -9.600000000000e+02 0.000000000000e+00 5.542562584220e+02 2.483473287920e+02 -3.600000000000e+02 5.542562584220e+02 2.204364238465e-14 -3.724781774520e+02 -1.000000000000e+00 0.000000000000e+00 6.123233995737e-17 -1.034661604033e+00
P2: 5.542562584220e+02 0.000000000000e+00 9.600000000000e+02 0.000000000000e+00 0.000000000000e+00 5.542562584220e+02 3.600000000000e+02 0.000000000000e+00 0.000000000000e+00 0.000000000000e+00 1.000000000000e+00 0.000000000000e+00
P3: 5.542562584220e+02 0.000000000000e+00 9.600000000000e+02 -4.433993552060e+02 0.000000000000e+00 5.542562584220e+02 3.600000000000e+02 0.000000000000e+00 0.000000000000e+00 0.000000000000e+00 1.000000000000e+00 0.000000000000e+00
P4: 9.600000000000e+02 0.000000000000e+00 -5.542562584220e+02 -2.234884075310e+03 3.600000000000e+02 5.542562584220e+02 2.204364238465e-14 -3.724765697229e+02 1.000000000000e+00 0.000000000000e+00 6.123233995737e-17 -1.034657138119e+00
P5: 5.542562584220e+02 9.600000000000e+02 5.878304635907e-14 2.399930694580e+04 0.000000000000e+00 9.600000000000e+02 -5.542562584220e+02 2.399930694580e+04 0.000000000000e+00 1.000000000000e+00 6.123233995737e-17 2.499927806854e+01
R0_rect: 1.000000000000e+00 0.000000000000e+00 0.000000000000e+00 0.000000000000e+00 1.000000000000e+00 0.000000000000e+00 0.000000000000e+00 0.000000000000e+00 1.000000000000e+00
Tr_velo_to_p2: 0.000000000000e+00 -1.000000000000e+00 0.000000000000e+00 9.733966692889e-07 0.000000000000e+00 0.000000000000e+00 -1.000000000000e+00 -5.000001685434e-01 1.000000000000e+00 0.000000000000e+00 0.000000000000e+00 -2.240219053689e+00
imu_to_world: -9.904732642741e-01 -1.375164079657e-01 7.207655544940e-03 -7.792832946777e+01 1.375025976455e-01 -9.904985464007e-01 -2.380172039679e-03 8.603150939941e+01 7.466485049457e-03 -1.366425409312e-03 9.999711918263e-01 -6.973342533456e-05
p2_to_world: -1.375164079657e-01 -7.207655544940e-03 -9.904732642741e-01 -8.013251495361e+01 -9.904985464007e-01 2.380172039679e-03 1.375025976455e-01 8.633469390869e+01 -1.366425409312e-03 -9.999711918263e-01 7.466485049457e-03 2.054388999939e+00
