P0: -5.542562584220e+02 0.000000000000e+00 -9.600000000000e+02 -4.301102276641e+03 -4.408728476930e-14 5.542562584220e+02 -3.600000000000e+02 -1.612913353740e+03 -1.224646799147e-16 0.000000000000e+00 -1.000000000000e+00 -4.480314871501e+00
P1: -9.600000000000e+02 0.000000000000e+00 5.542562584220e+02 2.483576814907e+02 -3.600000000000e+02 5.542562584220e+02 2.204364238465e-14 -3.724744369122e+02 -1.000000000000e+00 0.000000000000e+00 6.123233995737e-17 -1.034651213645e+00
P2: 5.542562584220e+02 0.000000000000e+00 9.600000000000e+02 0.000000000000e+00 0.000000000000e+00 5.542562584220e+02 3.600000000000e+02 0.000000000000e+00 0.000000000000e+00 0.000000000000e+00 1.000000000000e+00 0.000000000000e+00
P3: 5.542562584220e+02 0.000000000000e+00 9.600000000000e+02 -4.434023747592e+02 0.000000000000e+00 5.542562584220e+02 3.600000000000e+02 0.000000000000e+00 0.000000000000e+00 0.000000000000e+00 1.000000000000e+00 0.000000000000e+00
P4: 9.600000000000e+02 0.000000000000e+00 -5.542562584220e+02 -2.234889580672e+03 3.600000000000e+02 5.542562584220e+02 2.204364238465e-14 -3.724762012616e+02 1.000000000000e+00 0.000000000000e+00 6.123233995737e-17 -1.034656114615e+00
P5: 5.542562584220e+02 9.600000000000e+02 5.878304635907e-14 2.399940513611e+04 0.000000000000e+00 9.600000000000e+02 -5.542562584220e+02 2.399940513611e+04 0.000000000000e+00 1.000000000000e+00 6.123233995737e-17 2.499938035011e+01
R0_rect: 1.000000000000e+00 0.000000000000e+00 0.000000000000e+00 0.000000000000e+00 1.000000000000e+00 0.000000000000e+00 0.000000000000e+00 0.000000000000e+00 1.000000000000e+00
Tr_velo_to_p2: 0.000000000000e+00 -1.000000000000e+00 0.000000000000e+00 -6.695580574879e-06 0.000000000000e+00 0.000000000000e+00 -1.000000000000e+00 -4.999997036002e-01 1.000000000000e+00 0.000000000000e+00 0.000000000000e+00 -2.240216121414e+00
imu_to_world: -9.987837241308e-01 -4.880699561435e-02 -6.996398389673e-03 -9.579828643799e+01 4.880366682319e-02 -9.988081822905e-01 6.458282484101e-04 8.803916168213e+01 -7.019580894657e-03 3.035928471241e-04 9.999753163531e-01 6.060442421585e-03
p2_to_world: -4.880699561435e-02 6.996398389673e-03 -9.987837241308e-01 -9.805003356934e+01 -9.988081822905e-01 -6.458282484101e-04 4.880366682319e-02 8.814980316162e+01 3.035928471241e-04 -9.999753163531e-01 -7.019580894657e-03 2.028075933456e+00
