P0: -5.542562584220e+02 0.000000000000e+00 -9.600000000000e+02 -4.301222599958e+03 -4.408728476930e-14 5.542562584220e+02 -3.600000000000e+02 -1.612958474984e+03 -1.224646799147e-16 0.000000000000e+00 -1.000000000000e+00 -4.480440208290e+00
P1: -9.600000000000e+02 0.000000000000e+00 5.542562584220e+02 2.483800179398e+02 -3.600000000000e+02 5.542562584220e+02 2.204364238465e-14 -3.724785772391e+02 -1.000000000000e+00 0.000000000000e+00 6.123233995737e-17 -1.034662714553e+00
P2: 5.542562584220e+02 0.000000000000e+00 9.600000000000e+02 0.000000000000e+00 0.000000000000e+00 5.542562584220e+02 3.600000000000e+02 0.000000000000e+00 0.000000000000e+00 0.000000000000e+00 1.000000000000e+00 0.000000000000e+00
P3: 5.542562584220e+02 0.000000000000e+00 9.600000000000e+02 -4.434012053580e+02 0.000000000000e+00 5.542562584220e+02 3.600000000000e+02 0.000000000000e+00 0.000000000000e+00 0.000000000000e+00 1.000000000000e+00 0.000000000000e+00
P4: 9.600000000000e+02 0.000000000000e+00 -5.542562584220e+02 -2.234922581805e+03 3.600000000000e+02 5.542562584220e+02 2.204364238465e-14 -3.724750424195e+02 1.000000000000e+00 0.000000000000e+00 6.123233995737e-17 -1.034652895610e+00
P5: 5.542562584220e+02 9.600000000000e+02 5.878304635907e-14 2.399999427795e+04 0.000000000000e+00 9.600000000000e+02 -5.542562584220e+02 2.399999427795e+04 0.000000000000e+00 1.000000000000e+00 6.123233995737e-17 2.499999403954e+01
R0_rect: 1.000000000000e+00 0.000000000000e+00 0.000000000000e+00 0.000000000000e+00 1.000000000000e+00 0.000000000000e+00 0.000000000000e+00 0.000000000000e+00 1.000000000000e+00
Tr_velo_to_p2: 0.000000000000e+00 -1.000000000000e+00 0.000000000000e+00 -9.583346482033e-08 0.000000000000e+00 0.000000000000e+00 -1.000000000000e+00 -4.999999516812e-01 1.000000000000e+00 0.000000000000e+00 0.000000000000e+00 -2.240209848875e+00
imu_to_world: -9.993830590184e-01 -3.512117465401e-02 6.661801937212e-05 -9.675489807129e+01 3.512120197675e-02 -9.993829513234e-01 4.666645011337e-04 8.806188201904e+01 5.018710736229e-05 4.687163015919e-04 9.999998888931e-01 2.998346695676e-03
p2_to_world: -3.512117465401e-02 -6.661801937212e-05 -9.993830590184e-01 -9.899359893799e+01 -9.993829513234e-01 -4.666645011337e-04 3.512120197675e-02 8.814151000977e+01 4.687163015919e-04 -9.999998888931e-01 5.018710736229e-05 2.040901422501e+00
