P0: -5.542562584220e+02 0.000000000000e+00 -9.600000000000e+02 -4.301222336964e+03 -4.408728476930e-14 5.542562584220e+02 -3.600000000000e+02 -1.612958376361e+03 -1.224646799147e-16 0.000000000000e+00 -1.000000000000e+00 -4.480439934337e+00
P1: -9.600000000000e+02 0.000000000000e+00 5.542562584220e+02 2.483843530309e+02 -3.600000000000e+02 5.542562584220e+02 2.204364238465e-14 -3.724755515668e+02 -1.000000000000e+00 0.000000000000e+00 6.123233995737e-17 -1.034654309908e+00
P2: 5.542562584220e+02 0.000000000000e+00 9.600000000000e+02 0.000000000000e+00 0.000000000000e+00 5.542562584220e+02 3.600000000000e+02 0.000000000000e+00 0.000000000000e+00 0.000000000000e+00 1.000000000000e+00 0.000000000000e+00
P3: 5.542562584220e+02 0.000000000000e+00 9.600000000000e+02 -4.434075228653e+02 0.000000000000e+00 5.542562584220e+02 3.600000000000e+02 0.000000000000e+00 0.000000000000e+00 0.000000000000e+00 1.000000000000e+00 0.000000000000e+00
P4: 9.600000000000e+02 0.000000000000e+00 -5.542562584220e+02 -2.234930072358e+03 3.600000000000e+02 5.542562584220e+02 2.204364238465e-14 -3.724780907730e+02 1.000000000000e+00 0.000000000000e+00 6.123233995737e-17 -1.034661363258e+00
P5: 5.542562584220e+02 9.600000000000e+02 5.878304635907e-14 2.399998283386e+04 0.000000000000e+00 9.600000000000e+02 -5.542562584220e+02 2.399998283386e+04 0.000000000000e+00 1.000000000000e+00 6.123233995737e-17 2.499998211861e+01
R0_rect: 1.000000000000e+00 0.000000000000e+00 0.000000000000e+00 0.000000000000e+00 1.000000000000e+00 0.000000000000e+00 0.000000000000e+00 0.000000000000e+00 1.000000000000e+00
Tr_velo_to_p2: 0.000000000000e+00 -1.000000000000e+00 0.000000000000e+00 5.103405081078e-06 0.000000000000e+00 0.000000000000e+00 -1.000000000000e+00 -5.000001601695e-01 1.000000000000e+00 0.000000000000e+00 0.000000000000e+00 -2.240213436604e+00
imu_to_world: -9.979375003116e-01 -6.419101005846e-02 5.096071332269e-04 -9.467710876465e+01 6.419153958389e-02 -9.979369885715e-01 1.101402158231e-03 8.799440002441e+01 4.378556908695e-04 1.131842983088e-03 9.999992636067e-01 2.829775447026e-03
p2_to_world: -6.419101005846e-02 -5.096071332269e-04 -9.979375003116e-01 -9.691166687012e+01 -9.979369885715e-01 -1.101402158231e-03 6.419153958389e-02 8.814044952393e+01 1.131842983088e-03 -9.999992636067e-01 4.378556908695e-04 2.041599988937e+00
