P0: -5.542562584220e+02 0.000000000000e+00 -9.600000000000e+02 -4.301094149823e+03 -4.408728476930e-14 5.542562584220e+02 -3.600000000000e+02 -1.612910306184e+03 -1.224646799147e-16 0.000000000000e+00 -1.000000000000e+00 -4.480306406066e+00
P1: -9.600000000000e+02 0.000000000000e+00 5.542562584220e+02 2.483522884193e+02 -3.600000000000e+02 5.542562584220e+02 2.204364238465e-14 -3.724768388021e+02 -1.000000000000e+00 0.000000000000e+00 6.123233995737e-17 -1.034657885561e+00
P2: 5.542562584220e+02 0.000000000000e+00 9.600000000000e+02 0.000000000000e+00 0.000000000000e+00 5.542562584220e+02 3.600000000000e+02 0.000000000000e+00 0.000000000000e+00 0.000000000000e+00 1.000000000000e+00 0.000000000000e+00
P3: 5.542562584220e+02 0.000000000000e+00 9.600000000000e+02 -4.434039735715e+02 0.000000000000e+00 5.542562584220e+02 3.600000000000e+02 0.000000000000e+00 0.000000000000e+00 0.000000000000e+00 1.000000000000e+00 0.000000000000e+00
P4: 9.600000000000e+02 0.000000000000e+00 -5.542562584220e+02 -2.234875490495e+03 3.600000000000e+02 5.542562584220e+02 2.204364238465e-14 -3.724748262430e+02 1.000000000000e+00 0.000000000000e+00 6.123233995737e-17 -1.034652295119e+00
P5: 5.542562584220e+02 9.600000000000e+02 5.878304635907e-14 2.399923645020e+04 0.000000000000e+00 9.600000000000e+02 -5.542562584220e+02 2.399923645020e+04 0.000000000000e+00 1.000000000000e+00 6.123233995737e-17 2.499920463562e+01
R0_rect: 1.000000000000e+00 0.000000000000e+00 0.000000000000e+00 0.000000000000e+00 1.000000000000e+00 0.000000000000e+00 0.000000000000e+00 0.000000000000e+00 1.000000000000e+00
Tr_velo_to_p2: 0.000000000000e+00 -1.000000000000e+00 0.000000000000e+00 4.083444335000e-07 0.000000000000e+00 0.000000000000e+00 -1.000000000000e+00 -4.999999124417e-01 1.000000000000e+00 0.000000000000e+00 0.000000000000e+00 -2.240222776733e+00
imu_to_world: -9.922821166043e-01 -1.237754394004e-01 7.472728317487e-03 -7.337985229492e+01 1.237574715378e-01 -9.923084808825e-01 -2.822588746187e-03 8.541916656494e+01 7.764618847079e-03 -1.875998373310e-03 9.999680951532e-01 -1.963050744962e-04
p2_to_world: -1.237754394004e-01 -7.472728317487e-03 -9.922821166043e-01 -7.558755493164e+01 -9.923084808825e-01 2.822588746187e-03 1.237574715378e-01 8.569065856934e+01 -1.875998373310e-03 -9.999680951532e-01 7.764618847079e-03 2.054924011230e+00
