P0: -5.542562584220e+02 0.000000000000e+00 -9.600000000000e+02 -4.301212971124e+03 -4.408728476930e-14 5.542562584220e+02 -3.600000000000e+02 -1.612954864172e+03 -1.224646799147e-16 0.000000000000e+00 -1.000000000000e+00 -4.480430178255e+00
P1: -9.600000000000e+02 0.000000000000e+00 5.542562584220e+02 2.483867618128e+02 -3.600000000000e+02 5.542562584220e+02 2.204364238465e-14 -3.724739692713e+02 -1.000000000000e+00 0.000000000000e+00 6.123233995737e-17 -1.034649914642e+00
P2: 5.542562584220e+02 0.000000000000e+00 9.600000000000e+02 0.000000000000e+00 0.000000000000e+00 5.542562584220e+02 3.600000000000e+02 0.000000000000e+00 0.000000000000e+00 0.000000000000e+00 1.000000000000e+00 0.000000000000e+00
P3: 5.542562584220e+02 0.000000000000e+00 9.600000000000e+02 -4.434041132173e+02 0.000000000000e+00 5.542562584220e+02 3.600000000000e+02 0.000000000000e+00 0.000000000000e+00 0.000000000000e+00 1.000000000000e+00 0.000000000000e+00
P4: 9.600000000000e+02 0.000000000000e+00 -5.542562584220e+02 -2.234926324409e+03 3.600000000000e+02 5.542562584220e+02 2.204364238465e-14 -3.724780500112e+02 1.000000000000e+00 0.000000000000e+00 6.123233995737e-17 -1.034661250031e+00
P5: 5.542562584220e+02 9.600000000000e+02 5.878304635907e-14 2.399995079041e+04 0.000000000000e+00 9.600000000000e+02 -5.542562584220e+02 2.399995079041e+04 0.000000000000e+00 1.000000000000e+00 6.123233995737e-17 2.499994874001e+01
R0_rect: 1.000000000000e+00 0.000000000000e+00 0.000000000000e+00 0.000000000000e+00 1.000000000000e+00 0.000000000000e+00 0.000000000000e+00 0.000000000000e+00 1.000000000000e+00
Tr_velo_to_p2: 0.000000000000e+00 -1.000000000000e+00 0.000000000000e+00 4.205078638848e-06 0.000000000000e+00 0.000000000000e+00 -1.000000000000e+00 -4.999999093187e-01 1.000000000000e+00 0.000000000000e+00 0.000000000000e+00 -2.240220317214e+00
imu_to_world: -9.999658004305e-01 8.033095758034e-03 1.966555830432e-03 -1.025874862671e+02 -8.033057177741e-03 -9.999677340971e-01 2.751628057605e-05 8.806230163574e+01 1.966713418649e-03 1.171788410202e-05 9.999980659486e-01 2.164185978472e-03
p2_to_world: 8.033095758034e-03 -1.966555830432e-03 -9.999658004305e-01 -1.048236236572e+02 -9.999677340971e-01 -2.751628057605e-05 -8.033057177741e-03 8.804436492920e+01 1.171788410202e-05 -9.999980659486e-01 1.966713418649e-03 2.044357061386e+00
