P0: -5.542562584220e+02 0.000000000000e+00 -9.600000000000e+02 -4.300977582977e+03 -4.408728476930e-14 5.542562584220e+02 -3.600000000000e+02 -1.612866593616e+03 -1.224646799147e-16 0.000000000000e+00 -1.000000000000e+00 -4.480184982268e+00
P1: -9.600000000000e+02 0.000000000000e+00 5.542562584220e+02 2.483367457078e+02 -3.600000000000e+02 5.542562584220e+02 2.204364238465e-14 -3.724323014881e+02 -1.000000000000e+00 0.000000000000e+00 6.123233995737e-17 -1.034534170800e+00
P2: 5.542562584220e+02 0.000000000000e+00 9.600000000000e+02 0.000000000000e+00 0.000000000000e+00 5.542562584220e+02 3.600000000000e+02 0.000000000000e+00 0.000000000000e+00 0.000000000000e+00 1.000000000000e+00 0.000000000000e+00
P3: 5.542562584220e+02 0.000000000000e+00 9.600000000000e+02 -4.433516144508e+02 0.000000000000e+00 5.542562584220e+02 3.600000000000e+02 0.000000000000e+00 0.000000000000e+00 0.000000000000e+00 1.000000000000e+00 0.000000000000e+00
P4: 9.600000000000e+02 0.000000000000e+00 -5.542562584220e+02 -2.234824988182e+03 3.600000000000e+02 5.542562584220e+02 2.204364238465e-14 -3.724299963345e+02 1.000000000000e+00 0.000000000000e+00 6.123233995737e-17 -1.034527767596e+00
P5: 5.542562584220e+02 9.600000000000e+02 5.878304635907e-14 2.399573890686e+04 0.000000000000e+00 9.600000000000e+02 -5.542562584220e+02 2.399573890686e+04 0.000000000000e+00 1.000000000000e+00 6.123233995737e-17 2.499556136131e+01
R0_rect: 1.000000000000e+00 0.000000000000e+00 0.000000000000e+00 0.000000000000e+00 1.000000000000e+00 0.000000000000e+00 0.000000000000e+00 0.000000000000e+00 1.000000000000e+00
Tr_velo_to_p2: 0.000000000000e+00 -1.000000000000e+00 0.000000000000e+00 4.941900691794e-06 0.000000000000e+00 0.000000000000e+00 -1.000000000000e+00 -5.000001502499e-01 1.000000000000e+00 0.000000000000e+00 0.000000000000e+00 -2.240222018030e+00
imu_to_world: -7.726327321258e-01 -6.345961582160e-01 1.806591335706e-02 -5.798629379272e+01 6.347654041585e-01 -7.726863605888e-01 5.354422797608e-03 8.279475402832e+01 1.056138870575e-02 1.560461910866e-02 9.998224607054e-01 4.997825622559e-02
p2_to_world: -6.345961582160e-01 -1.806591335706e-02 -7.726327321258e-01 -5.968034362793e+01 -7.726863605888e-01 -5.354422797608e-03 6.347654041585e-01 8.422767639160e+01 1.560461910866e-02 -9.998224607054e-01 1.056138870575e-02 2.111067056656e+00
