P0: -5.542562584220e+02 0.000000000000e+00 -9.600000000000e+02 -4.300873298258e+03 -4.408728476930e-14 5.542562584220e+02 -3.600000000000e+02 -1.612827486847e+03 -1.224646799147e-16 0.000000000000e+00 -1.000000000000e+00 -4.480076352352e+00
P1: -9.600000000000e+02 0.000000000000e+00 5.542562584220e+02 2.482994703485e+02 -3.600000000000e+02 5.542562584220e+02 2.204364238465e-14 -3.724784272812e+02 -1.000000000000e+00 0.000000000000e+00 6.123233995737e-17 -1.034662298003e+00
P2: 5.542562584220e+02 0.000000000000e+00 9.600000000000e+02 0.000000000000e+00 0.000000000000e+00 5.542562584220e+02 3.600000000000e+02 0.000000000000e+00 0.000000000000e+00 0.000000000000e+00 1.000000000000e+00 0.000000000000e+00
P3: 5.542562584220e+02 0.000000000000e+00 9.600000000000e+02 -4.434025422135e+02 0.000000000000e+00 5.542562584220e+02 3.600000000000e+02 0.000000000000e+00 0.000000000000e+00 0.000000000000e+00 1.000000000000e+00 0.000000000000e+00
P4: 9.600000000000e+02 0.000000000000e+00 -5.542562584220e+02 -2.234809313458e+03 3.600000000000e+02 5.542562584220e+02 2.204364238465e-14 -3.724762626660e+02 1.000000000000e+00 0.000000000000e+00 6.123233995737e-17 -1.034656285183e+00
P5: 5.542562584220e+02 9.600000000000e+02 5.878304635907e-14 2.399803161621e+04 0.000000000000e+00 9.600000000000e+02 -5.542562584220e+02 2.399803161621e+04 0.000000000000e+00 1.000000000000e+00 6.123233995737e-17 2.499794960022e+01
R0_rect: 1.000000000000e+00 0.000000000000e+00 0.000000000000e+00 0.000000000000e+00 1.000000000000e+00 0.000000000000e+00 0.000000000000e+00 0.000000000000e+00 1.000000000000e+00
Tr_velo_to_p2: 0.000000000000e+00 -1.000000000000e+00 0.000000000000e+00 -4.722039158839e-06 0.000000000000e+00 0.000000000000e+00 -1.000000000000e+00 -5.000000669727e-01 1.000000000000e+00 0.000000000000e+00 0.000000000000e+00 -2.240219542700e+00
imu_to_world: -9.930569535004e-01 -1.169923778399e-01 -1.227479661493e-02 -8.913728332520e+01 1.169562877980e-01 -9.931304644604e-01 3.620401259041e-03 8.753086090088e+01 -1.261403381537e-02 2.159649999195e-03 9.999181076782e-01 8.540378883481e-03
p2_to_world: -1.169923778399e-01 1.227479661493e-02 -9.930569535004e-01 -9.138696289062e+01 -9.931304644604e-01 -3.620401259041e-03 1.169562877980e-01 8.780023956299e+01 2.159649999195e-03 -9.999181076782e-01 -1.261403381537e-02 2.017906188965e+00
