P0: -5.542562584220e+02 0.000000000000e+00 -9.600000000000e+02 -4.301088280281e+03 -4.408728476930e-14 5.542562584220e+02 -3.600000000000e+02 -1.612908105106e+03 -1.224646799147e-16 0.000000000000e+00 -1.000000000000e+00 -4.480300291960e+00
P1: -9.600000000000e+02 0.000000000000e+00 5.542562584220e+02 2.483518549749e+02 -3.600000000000e+02 5.542562584220e+02 2.204364238465e-14 -3.724774827786e+02 -1.000000000000e+00 0.000000000000e+00 6.123233995737e-17 -1.034659674385e+00
P2: 5.542562584220e+02 0.000000000000e+00 9.600000000000e+02 0.000000000000e+00 0.000000000000e+00 5.542562584220e+02 3.600000000000e+02 0.000000000000e+00 0.000000000000e+00 0.000000000000e+00 1.000000000000e+00 0.000000000000e+00
P3: 5.542562584220e+02 0.000000000000e+00 9.600000000000e+02 -4.434051205177e+02 0.000000000000e+00 5.542562584220e+02 3.600000000000e+02 0.000000000000e+00 0.000000000000e+00 0.000000000000e+00 1.000000000000e+00 0.000000000000e+00
P4: 9.600000000000e+02 0.000000000000e+00 -5.542562584220e+02 -2.234876210082e+03 3.600000000000e+02 5.542562584220e+02 2.204364238465e-14 -3.724752846099e+02 1.000000000000e+00 0.000000000000e+00 6.123233995737e-17 -1.034653568361e+00
P5: 5.542562584220e+02 9.600000000000e+02 5.878304635907e-14 2.399927261353e+04 0.000000000000e+00 9.600000000000e+02 -5.542562584220e+02 2.399927261353e+04 0.000000000000e+00 1.000000000000e+00 6.123233995737e-17 2.499924230576e+01
R0_rect: 1.000000000000e+00 0.000000000000e+00 0.000000000000e+00 0.000000000000e+00 1.000000000000e+00 0.000000000000e+00 0.000000000000e+00 0.000000000000e+00 1.000000000000e+00
Tr_velo_to_p2: 0.000000000000e+00 -1.000000000000e+00 0.000000000000e+00 -2.122288530189e-06 0.000000000000e+00 0.000000000000e+00 -1.000000000000e+00 -5.000000489725e-01 1.000000000000e+00 0.000000000000e+00 0.000000000000e+00 -2.240216929279e+00
imu_to_world: -9.914894601249e-01 -1.299806218416e-01 7.327237327771e-03 -7.514231872559e+01 1.299644985346e-01 -9.915151404944e-01 -2.637288580959e-03 8.564955902100e+01 7.607863158209e-03 -1.662563106381e-03 9.999696776913e-01 -1.300819421886e-04
p2_to_world: -1.299806218416e-01 -7.327237327771e-03 -9.914894601249e-01 -7.734854125977e+01 -9.915151404944e-01 2.637288580959e-03 1.299644985346e-01 8.593533325195e+01 -1.662563106381e-03 -9.999696776913e-01 7.607863158209e-03 2.054642200470e+00
