P0: -5.542562584220e+02 0.000000000000e+00 -9.600000000000e+02 -4.301203562726e+03 -4.408728476930e-14 5.542562584220e+02 -3.600000000000e+02 -1.612951336022e+03 -1.224646799147e-16 0.000000000000e+00 -1.000000000000e+00 -4.480420377840e+00
P1: -9.600000000000e+02 0.000000000000e+00 5.542562584220e+02 2.483755180652e+02 -3.600000000000e+02 5.542562584220e+02 2.204364238465e-14 -3.724769067207e+02 -1.000000000000e+00 0.000000000000e+00 6.123233995737e-17 -1.034658074224e+00
P2: 5.542562584220e+02 0.000000000000e+00 9.600000000000e+02 0.000000000000e+00 0.000000000000e+00 5.542562584220e+02 3.600000000000e+02 0.000000000000e+00 0.000000000000e+00 0.000000000000e+00 1.000000000000e+00 0.000000000000e+00
P3: 5.542562584220e+02 0.000000000000e+00 9.600000000000e+02 -4.434035127578e+02 0.000000000000e+00 5.542562584220e+02 3.600000000000e+02 0.000000000000e+00 0.000000000000e+00 0.000000000000e+00 1.000000000000e+00 0.000000000000e+00
P4: 9.600000000000e+02 0.000000000000e+00 -5.542562584220e+02 -2.234925010650e+03 3.600000000000e+02 5.542562584220e+02 2.204364238465e-14 -3.724765806027e+02 1.000000000000e+00 0.000000000000e+00 6.123233995737e-17 -1.034657168341e+00
P5: 5.542562584220e+02 9.600000000000e+02 5.878304635907e-14 2.399987159729e+04 0.000000000000e+00 9.600000000000e+02 -5.542562584220e+02 2.399987159729e+04 0.000000000000e+00 1.000000000000e+00 6.123233995737e-17 2.499986624718e+01
R0_rect: 1.000000000000e+00 0.000000000000e+00 0.000000000000e+00 0.000000000000e+00 1.000000000000e+00 0.000000000000e+00 0.000000000000e+00 0.000000000000e+00 1.000000000000e+00
Tr_velo_to_p2: 0.000000000000e+00 -1.000000000000e+00 0.000000000000e+00 3.942318707852e-06 0.000000000000e+00 0.000000000000e+00 -1.000000000000e+00 -5.000002210348e-01 1.000000000000e+00 0.000000000000e+00 0.000000000000e+00 -2.240220380348e+00
imu_to_world: -9.962927417212e-01 -8.597656685921e-02 2.966941989414e-03 -9.293942260742e+01 8.598084056999e-02 -9.962958840635e-01 1.344043542871e-03 8.788954162598e+01 2.840395842783e-03 1.594160992492e-03 9.999946953870e-01 1.814760849811e-03
p2_to_world: -8.597656685921e-02 -2.966941989414e-03 -9.962927417212e-01 -9.516529083252e+01 -9.962958840635e-01 -1.344043542871e-03 8.598084056999e-02 8.808489227295e+01 1.594160992492e-03 -9.999946953870e-01 2.840395842783e-03 2.045957803726e+00
