P0: -5.542562584220e+02 0.000000000000e+00 -9.600000000000e+02 -4.301098569625e+03 -4.408728476930e-14 5.542562584220e+02 -3.600000000000e+02 -1.612911963610e+03 -1.224646799147e-16 0.000000000000e+00 -1.000000000000e+00 -4.480311010026e+00
P1: -9.600000000000e+02 0.000000000000e+00 5.542562584220e+02 2.483480684017e+02 -3.600000000000e+02 5.542562584220e+02 2.204364238465e-14 -3.724620575392e+02 -1.000000000000e+00 0.000000000000e+00 6.123233995737e-17 -1.034616826498e+00
P2: 5.542562584220e+02 0.000000000000e+00 9.600000000000e+02 0.000000000000e+00 0.000000000000e+00 5.542562584220e+02 3.600000000000e+02 0.000000000000e+00 0.000000000000e+00 0.000000000000e+00 1.000000000000e+00 0.000000000000e+00
P3: 5.542562584220e+02 0.000000000000e+00 9.600000000000e+02 -4.433839156691e+02 0.000000000000e+00 5.542562584220e+02 3.600000000000e+02 0.000000000000e+00 0.000000000000e+00 0.000000000000e+00 1.000000000000e+00 0.000000000000e+00
P4: 9.600000000000e+02 0.000000000000e+00 -5.542562584220e+02 -2.234882191640e+03 3.600000000000e+02 5.542562584220e+02 2.204364238465e-14 -3.724576943192e+02 1.000000000000e+00 0.000000000000e+00 6.123233995737e-17 -1.034604706442e+00
P5: 5.542562584220e+02 9.600000000000e+02 5.878304635907e-14 2.399824081421e+04 0.000000000000e+00 9.600000000000e+02 -5.542562584220e+02 2.399824081421e+04 0.000000000000e+00 1.000000000000e+00 6.123233995737e-17 2.499816751480e+01
R0_rect: 1.000000000000e+00 0.000000000000e+00 0.000000000000e+00 0.000000000000e+00 1.000000000000e+00 0.000000000000e+00 0.000000000000e+00 0.000000000000e+00 1.000000000000e+00
Tr_velo_to_p2: 0.000000000000e+00 -1.000000000000e+00 0.000000000000e+00 -4.428260666376e-06 0.000000000000e+00 0.000000000000e+00 -1.000000000000e+00 -5.000000268225e-01 1.000000000000e+00 0.000000000000e+00 0.000000000000e+00 -2.240224268038e+00
imu_to_world: -9.893867797645e-01 -1.450355529626e-01 8.859368153614e-03 -6.442684173584e+01 1.451086401895e-01 -9.893813190223e-01 8.251552097657e-03 8.450505065918e+01 7.568524928243e-03 9.449547423669e-03 9.999267090562e-01 -2.166099613532e-03
p2_to_world: -1.450355529626e-01 -8.859368153614e-03 -9.893867797645e-01 -6.662523651123e+01 -9.893813190223e-01 -8.251552097657e-03 1.451086401895e-01 8.484693145752e+01 9.449547423669e-03 -9.999267090562e-01 7.568524928243e-03 2.052430629730e+00
