P0: -5.542562584220e+02 0.000000000000e+00 -9.600000000000e+02 -4.301058516970e+03 -4.408728476930e-14 5.542562584220e+02 -3.600000000000e+02 -1.612896943864e+03 -1.224646799147e-16 0.000000000000e+00 -1.000000000000e+00 -4.480269288511e+00
P1: -9.600000000000e+02 0.000000000000e+00 5.542562584220e+02 2.483469226888e+02 -3.600000000000e+02 5.542562584220e+02 2.204364238465e-14 -3.724757654351e+02 -1.000000000000e+00 0.000000000000e+00 6.123233995737e-17 -1.034654903986e+00
P2: 5.542562584220e+02 0.000000000000e+00 9.600000000000e+02 0.000000000000e+00 0.000000000000e+00 5.542562584220e+02 3.600000000000e+02 0.000000000000e+00 0.000000000000e+00 0.000000000000e+00 1.000000000000e+00 0.000000000000e+00
P3: 5.542562584220e+02 0.000000000000e+00 9.600000000000e+02 -4.434020228803e+02 0.000000000000e+00 5.542562584220e+02 3.600000000000e+02 0.000000000000e+00 0.000000000000e+00 0.000000000000e+00 1.000000000000e+00 0.000000000000e+00
P4: 9.600000000000e+02 0.000000000000e+00 -5.542562584220e+02 -2.234868074962e+03 3.600000000000e+02 5.542562584220e+02 2.204364238465e-14 -3.724748156812e+02 1.000000000000e+00 0.000000000000e+00 6.123233995737e-17 -1.034652265781e+00
P5: 5.542562584220e+02 9.600000000000e+02 5.878304635907e-14 2.399905632019e+04 0.000000000000e+00 9.600000000000e+02 -5.542562584220e+02 2.399905632019e+04 0.000000000000e+00 1.000000000000e+00 6.123233995737e-17 2.499901700020e+01
R0_rect: 1.000000000000e+00 0.000000000000e+00 0.000000000000e+00 0.000000000000e+00 1.000000000000e+00 0.000000000000e+00 0.000000000000e+00 0.000000000000e+00 1.000000000000e+00
Tr_velo_to_p2: 0.000000000000e+00 -1.000000000000e+00 0.000000000000e+00 2.636275764335e-06 0.000000000000e+00 0.000000000000e+00 -1.000000000000e+00 -4.999999121117e-01 1.000000000000e+00 0.000000000000e+00 0.000000000000e+00 -2.240221713113e+00
imu_to_world: -9.983792914564e-01 -5.623133298600e-02 -8.765134437036e-03 -9.526878356934e+01 5.622263149194e-02 -9.984174915957e-01 1.236197379372e-03 8.802043151855e+01 -8.820776564600e-03 7.413949402870e-04 9.999608213497e-01 6.858972832561e-03
p2_to_world: -5.623133298600e-02 8.765134437036e-03 -9.983792914564e-01 -9.752323913574e+01 -9.984174915957e-01 -1.236197379372e-03 5.622263149194e-02 8.814889526367e+01 7.413949402870e-04 -9.999608213497e-01 -8.820776564600e-03 2.024809598923e+00
