P0: -5.542562584220e+02 0.000000000000e+00 -9.600000000000e+02 -4.301181901806e+03 -4.408728476930e-14 5.542562584220e+02 -3.600000000000e+02 -1.612943213177e+03 -1.224646799147e-16 0.000000000000e+00 -1.000000000000e+00 -4.480397814382e+00
P1: -9.600000000000e+02 0.000000000000e+00 5.542562584220e+02 2.483806443574e+02 -3.600000000000e+02 5.542562584220e+02 2.204364238465e-14 -3.724749922970e+02 -1.000000000000e+00 0.000000000000e+00 6.123233995737e-17 -1.034652756381e+00
P2: 5.542562584220e+02 0.000000000000e+00 9.600000000000e+02 0.000000000000e+00 0.000000000000e+00 5.542562584220e+02 3.600000000000e+02 0.000000000000e+00 0.000000000000e+00 0.000000000000e+00 1.000000000000e+00 0.000000000000e+00
P3: 5.542562584220e+02 0.000000000000e+00 9.600000000000e+02 -4.434051860377e+02 0.000000000000e+00 5.542562584220e+02 3.600000000000e+02 0.000000000000e+00 0.000000000000e+00 0.000000000000e+00 1.000000000000e+00 0.000000000000e+00
P4: 9.600000000000e+02 0.000000000000e+00 -5.542562584220e+02 -2.234919215121e+03 3.600000000000e+02 5.542562584220e+02 2.204364238465e-14 -3.724791753631e+02 1.000000000000e+00 0.000000000000e+00 6.123233995737e-17 -1.034664376009e+00
P5: 5.542562584220e+02 9.600000000000e+02 5.878304635907e-14 2.399976196289e+04 0.000000000000e+00 9.600000000000e+02 -5.542562584220e+02 2.399976196289e+04 0.000000000000e+00 1.000000000000e+00 6.123233995737e-17 2.499975204468e+01
R0_rect: 1.000000000000e+00 0.000000000000e+00 0.000000000000e+00 0.000000000000e+00 1.000000000000e+00 0.000000000000e+00 0.000000000000e+00 0.000000000000e+00 1.000000000000e+00
Tr_velo_to_p2: 0.000000000000e+00 -1.000000000000e+00 0.000000000000e+00 2.875521465468e-06 0.000000000000e+00 0.000000000000e+00 -1.000000000000e+00 -4.999996689268e-01 1.000000000000e+00 0.000000000000e+00 0.000000000000e+00 -2.240216484508e+00
imu_to_world: -9.991256364457e-01 -4.157396989301e-02 -4.423530751757e-03 -9.626541900635e+01 4.157180082896e-02 -9.991353499759e-01 5.812093690361e-04 8.805110931396e+01 -4.443869126596e-03 3.968070413736e-04 9.999900472362e-01 4.941171966493e-03
p2_to_world: -4.157396989301e-02 4.423530751757e-03 -9.991256364457e-01 -9.851269531250e+01 -9.991353499759e-01 -5.812093690361e-04 4.157180082896e-02 8.814543151855e+01 3.968070413736e-04 -9.999900472362e-01 -4.443869126596e-03 2.032756805420e+00
