P0: -5.542562584220e+02 0.000000000000e+00 -9.600000000000e+02 -4.301213827890e+03 -4.408728476930e-14 5.542562584220e+02 -3.600000000000e+02 -1.612955185459e+03 -1.224646799147e-16 0.000000000000e+00 -1.000000000000e+00 -4.480431070719e+00
P1: -9.600000000000e+02 0.000000000000e+00 5.542562584220e+02 2.483826339214e+02 -3.600000000000e+02 5.542562584220e+02 2.204364238465e-14 -3.724754486367e+02 -1.000000000000e+00 0.000000000000e+00 6.123233995737e-17 -1.034654023991e+00
P2: 5.542562584220e+02 0.000000000000e+00 9.600000000000e+02 0.000000000000e+00 0.000000000000e+00 5.542562584220e+02 3.600000000000e+02 0.000000000000e+00 0.000000000000e+00 0.000000000000e+00 1.000000000000e+00 0.000000000000e+00
P3: 5.542562584220e+02 0.000000000000e+00 9.600000000000e+02 -4.434079433552e+02 0.000000000000e+00 5.542562584220e+02 3.600000000000e+02 0.000000000000e+00 0.000000000000e+00 0.000000000000e+00 1.000000000000e+00 0.000000000000e+00
P4: 9.600000000000e+02 0.000000000000e+00 -5.542562584220e+02 -2.234930072923e+03 3.600000000000e+02 5.542562584220e+02 2.204364238465e-14 -3.724776031879e+02 1.000000000000e+00 0.000000000000e+00 6.123233995737e-17 -1.034660008855e+00
P5: 5.542562584220e+02 9.600000000000e+02 5.878304635907e-14 2.399999427795e+04 0.000000000000e+00 9.600000000000e+02 -5.542562584220e+02 2.399999427795e+04 0.000000000000e+00 1.000000000000e+00 6.123233995737e-17 2.499999403954e+01
R0_rect: 1.000000000000e+00 0.000000000000e+00 0.000000000000e+00 0.000000000000e+00 1.000000000000e+00 0.000000000000e+00 0.000000000000e+00 0.000000000000e+00 1.000000000000e+00
Tr_velo_to_p2: 0.000000000000e+00 -1.000000000000e+00 0.000000000000e+00 1.630612667054e-06 0.000000000000e+00 0.000000000000e+00 -1.000000000000e+00 -5.000001372648e-01 1.000000000000e+00 0.000000000000e+00 0.000000000000e+00 -2.240219249811e+00
imu_to_world: -9.999588569362e-01 9.053548849615e-03 -5.636382686847e-04 -1.029679260254e+02 -9.053557317798e-03 -9.999590156323e-01 1.247444023580e-05 8.805776214600e+01 -5.635022303725e-04 1.757685837115e-05 9.999998410781e-01 3.267053049058e-03
p2_to_world: 9.053548849615e-03 5.636382686847e-04 -9.999588569362e-01 -1.052091979980e+02 -9.999590156323e-01 -1.247444023580e-05 -9.053557317798e-03 8.803750610352e+01 1.757685837115e-05 -9.999998410781e-01 -5.635022303725e-04 2.039795160294e+00
