P0: -5.542562584220e+02 0.000000000000e+00 -9.600000000000e+02 -4.301198574783e+03 -4.408728476930e-14 5.542562584220e+02 -3.600000000000e+02 -1.612949465544e+03 -1.224646799147e-16 0.000000000000e+00 -1.000000000000e+00 -4.480415182066e+00
P1: -9.600000000000e+02 0.000000000000e+00 5.542562584220e+02 2.484191282773e+02 -3.600000000000e+02 5.542562584220e+02 2.204364238465e-14 -3.724531836816e+02 -1.000000000000e+00 0.000000000000e+00 6.123233995737e-17 -1.034592176893e+00
P2: 5.542562584220e+02 0.000000000000e+00 9.600000000000e+02 0.000000000000e+00 0.000000000000e+00 5.542562584220e+02 3.600000000000e+02 0.000000000000e+00 0.000000000000e+00 0.000000000000e+00 1.000000000000e+00 0.000000000000e+00
P3: 5.542562584220e+02 0.000000000000e+00 9.600000000000e+02 -4.433799123203e+02 0.000000000000e+00 5.542562584220e+02 3.600000000000e+02 0.000000000000e+00 0.000000000000e+00 0.000000000000e+00 1.000000000000e+00 0.000000000000e+00
P4: 9.600000000000e+02 0.000000000000e+00 -5.542562584220e+02 -2.234879114596e+03 3.600000000000e+02 5.542562584220e+02 2.204364238465e-14 -3.724532166383e+02 1.000000000000e+00 0.000000000000e+00 6.123233995737e-17 -1.034592268440e+00
P5: 5.542562584220e+02 9.600000000000e+02 5.878304635907e-14 2.399832595825e+04 0.000000000000e+00 9.600000000000e+02 -5.542562584220e+02 2.399832595825e+04 0.000000000000e+00 1.000000000000e+00 6.123233995737e-17 2.499825620651e+01
R0_rect: 1.000000000000e+00 0.000000000000e+00 0.000000000000e+00 0.000000000000e+00 1.000000000000e+00 0.000000000000e+00 0.000000000000e+00 0.000000000000e+00 1.000000000000e+00
Tr_velo_to_p2: 0.000000000000e+00 -1.000000000000e+00 0.000000000000e+00 2.068408954234e-06 0.000000000000e+00 0.000000000000e+00 -1.000000000000e+00 -5.000000083080e-01 1.000000000000e+00 0.000000000000e+00 0.000000000000e+00 -2.240218921675e+00
imu_to_world: -8.725156765283e-01 -4.885151124050e-01 8.329415604905e-03 -5.916180419922e+01 4.885757887758e-01 -8.724812843222e-01 8.373000032669e-03 8.335088348389e+01 3.176922172496e-03 1.137512458728e-02 9.999302544208e-01 4.358108341694e-02
p2_to_world: -4.885151124050e-01 -8.329415604905e-03 -8.725156765283e-01 -6.109945678711e+01 -8.724812843222e-01 -8.373000032669e-03 4.885757887758e-01 8.446247100830e+01 1.137512458728e-02 -9.999302544208e-01 3.176922172496e-03 2.088346958160e+00
