P0: -5.542562584220e+02 0.000000000000e+00 -9.600000000000e+02 -4.301091032989e+03 -4.408728476930e-14 5.542562584220e+02 -3.600000000000e+02 -1.612909137371e+03 -1.224646799147e-16 0.000000000000e+00 -1.000000000000e+00 -4.480303159364e+00
P1: -9.600000000000e+02 0.000000000000e+00 5.542562584220e+02 2.483500980880e+02 -3.600000000000e+02 5.542562584220e+02 2.204364238465e-14 -3.724790466864e+02 -1.000000000000e+00 0.000000000000e+00 6.123233995737e-17 -1.034664018573e+00
P2: 5.542562584220e+02 0.000000000000e+00 9.600000000000e+02 0.000000000000e+00 0.000000000000e+00 5.542562584220e+02 3.600000000000e+02 0.000000000000e+00 0.000000000000e+00 0.000000000000e+00 1.000000000000e+00 0.000000000000e+00
P3: 5.542562584220e+02 0.000000000000e+00 9.600000000000e+02 -4.434000371364e+02 0.000000000000e+00 5.542562584220e+02 3.600000000000e+02 0.000000000000e+00 0.000000000000e+00 0.000000000000e+00 1.000000000000e+00 0.000000000000e+00
P4: 9.600000000000e+02 0.000000000000e+00 -5.542562584220e+02 -2.234867574431e+03 3.600000000000e+02 5.542562584220e+02 2.204364238465e-14 -3.724725302149e+02 1.000000000000e+00 0.000000000000e+00 6.123233995737e-17 -1.034645917264e+00
P5: 5.542562584220e+02 9.600000000000e+02 5.878304635907e-14 2.399920051575e+04 0.000000000000e+00 9.600000000000e+02 -5.542562584220e+02 2.399920051575e+04 0.000000000000e+00 1.000000000000e+00 6.123233995737e-17 2.499916720390e+01
R0_rect: 1.000000000000e+00 0.000000000000e+00 0.000000000000e+00 0.000000000000e+00 1.000000000000e+00 0.000000000000e+00 0.000000000000e+00 0.000000000000e+00 1.000000000000e+00
Tr_velo_to_p2: 0.000000000000e+00 -1.000000000000e+00 0.000000000000e+00 -4.618335869872e-06 0.000000000000e+00 0.000000000000e+00 -1.000000000000e+00 -5.000000318572e-01 1.000000000000e+00 0.000000000000e+00 0.000000000000e+00 -2.240225301914e+00
imu_to_world: -9.927281790783e-01 -1.201419722107e-01 7.527879991000e-03 -7.252746582031e+01 1.201211311581e-01 -9.927542016502e-01 -3.163693272837e-03 8.531172943115e+01 7.853426839852e-03 -2.236430002164e-03 9.999666604781e-01 -2.327735855943e-04
p2_to_world: -1.201419722107e-01 -7.527879991000e-03 -9.927281790783e-01 -7.473606109619e+01 -9.927542016502e-01 3.163693272837e-03 1.201211311581e-01 8.557437133789e+01 -2.236430002164e-03 -9.999666604781e-01 7.853426839852e-03 2.055083513260e+00
