P0: -5.542562584220e+02 0.000000000000e+00 -9.600000000000e+02 -4.301214147919e+03 -4.408728476930e-14 5.542562584220e+02 -3.600000000000e+02 -1.612955305469e+03 -1.224646799147e-16 0.000000000000e+00 -1.000000000000e+00 -4.480431404082e+00
P1: -9.600000000000e+02 0.000000000000e+00 5.542562584220e+02 2.483888099782e+02 -3.600000000000e+02 5.542562584220e+02 2.204364238465e-14 -3.724746782764e+02 -1.000000000000e+00 0.000000000000e+00 6.123233995737e-17 -1.034651884101e+00
P2: 5.542562584220e+02 0.000000000000e+00 9.600000000000e+02 0.000000000000e+00 0.000000000000e+00 5.542562584220e+02 3.600000000000e+02 0.000000000000e+00 0.000000000000e+00 0.000000000000e+00 1.000000000000e+00 0.000000000000e+00
P3: 5.542562584220e+02 0.000000000000e+00 9.600000000000e+02 -4.434086882626e+02 0.000000000000e+00 5.542562584220e+02 3.600000000000e+02 0.000000000000e+00 0.000000000000e+00 0.000000000000e+00 1.000000000000e+00 0.000000000000e+00
P4: 9.600000000000e+02 0.000000000000e+00 -5.542562584220e+02 -2.234923582582e+03 3.600000000000e+02 5.542562584220e+02 2.204364238465e-14 -3.724766456827e+02 1.000000000000e+00 0.000000000000e+00 6.123233995737e-17 -1.034657349119e+00
P5: 5.542562584220e+02 9.600000000000e+02 5.878304635907e-14 2.399997207642e+04 0.000000000000e+00 9.600000000000e+02 -5.542562584220e+02 2.399997207642e+04 0.000000000000e+00 1.000000000000e+00 6.123233995737e-17 2.499997091293e+01
R0_rect: 1.000000000000e+00 0.000000000000e+00 0.000000000000e+00 0.000000000000e+00 1.000000000000e+00 0.000000000000e+00 0.000000000000e+00 0.000000000000e+00 1.000000000000e+00
Tr_velo_to_p2: 0.000000000000e+00 -1.000000000000e+00 0.000000000000e+00 1.995375946658e-06 0.000000000000e+00 0.000000000000e+00 -1.000000000000e+00 -5.000001838081e-01 1.000000000000e+00 0.000000000000e+00 0.000000000000e+00 -2.240221655933e+00
imu_to_world: -9.992597288924e-01 -3.844223541431e-02 -1.479442520193e-03 -9.651062011719e+01 3.844173532056e-02 -9.992607766534e-01 3.650035811948e-04 8.805706787109e+01 -1.492380435337e-03 3.078610418062e-04 9.999988390104e-01 3.664087504148e-03
p2_to_world: -3.844223541431e-02 1.479442520193e-03 -9.992597288924e-01 -9.875219726562e+01 -9.992607766534e-01 -3.650035811948e-04 3.844173532056e-02 8.814393615723e+01 3.078610418062e-04 -9.999988390104e-01 -1.492380435337e-03 2.038109302521e+00
