P0: -5.542562584220e+02 0.000000000000e+00 -9.600000000000e+02 -4.298767153805e+03 -4.408728476930e-14 5.542562584220e+02 -3.600000000000e+02 -1.612037682677e+03 -1.224646799147e-16 0.000000000000e+00 -1.000000000000e+00 -4.477882451880e+00
P1: -9.600000000000e+02 0.000000000000e+00 5.542562584220e+02 2.476550401307e+02 -3.600000000000e+02 5.542562584220e+02 2.204364238465e-14 -3.724756353973e+02 -1.000000000000e+00 0.000000000000e+00 6.123233995737e-17 -1.034654542770e+00
P2: 5.542562584220e+02 0.000000000000e+00 9.600000000000e+02 0.000000000000e+00 0.000000000000e+00 5.542562584220e+02 3.600000000000e+02 0.000000000000e+00 0.000000000000e+00 0.000000000000e+00 1.000000000000e+00 0.000000000000e+00
P3: 5.542562584220e+02 0.000000000000e+00 9.600000000000e+02 -4.434028132996e+02 0.000000000000e+00 5.542562584220e+02 3.600000000000e+02 0.000000000000e+00 0.000000000000e+00 0.000000000000e+00 1.000000000000e+00 0.000000000000e+00
P4: 9.600000000000e+02 0.000000000000e+00 -5.542562584220e+02 -2.234238727130e+03 3.600000000000e+02 5.542562584220e+02 2.204364238465e-14 -3.724754080828e+02 1.000000000000e+00 0.000000000000e+00 6.123233995737e-17 -1.034653911341e+00
P5: 5.542562584220e+02 9.600000000000e+02 5.878304635907e-14 2.398634742737e+04 0.000000000000e+00 9.600000000000e+02 -5.542562584220e+02 2.398634742737e+04 0.000000000000e+00 1.000000000000e+00 6.123233995737e-17 2.498577857018e+01
R0_rect: 1.000000000000e+00 0.000000000000e+00 0.000000000000e+00 0.000000000000e+00 1.000000000000e+00 0.000000000000e+00 0.000000000000e+00 0.000000000000e+00 1.000000000000e+00
Tr_velo_to_p2: 0.000000000000e+00 -1.000000000000e+00 0.000000000000e+00 -4.566920720206e-06 0.000000000000e+00 0.000000000000e+00 -1.000000000000e+00 -5.000000793659e-01 1.000000000000e+00 0.000000000000e+00 0.000000000000e+00 -2.240216641045e+00
imu_to_world: -9.945770746338e-01 -9.840732226115e-02 -3.365176872546e-02 -9.160324096680e+01 9.838949531734e-02 -9.951455743000e-01 2.189329187799e-03 8.778047943115e+01 -3.370385473743e-02 -1.133523922422e-03 9.994312208948e-01 1.751777157187e-02
p2_to_world: -9.840732226115e-02 3.365176872546e-02 -9.945770746338e-01 -9.389987945557e+01 -9.951455743000e-01 -2.189329187799e-03 9.838949531734e-02 8.800534820557e+01 -1.133523922422e-03 -9.994312208948e-01 -3.370385473743e-02 1.978645563126e+00
