P0: -5.542562584220e+02 0.000000000000e+00 -9.600000000000e+02 -4.301228087222e+03 -4.408728476930e-14 5.542562584220e+02 -3.600000000000e+02 -1.612960532708e+03 -1.224646799147e-16 0.000000000000e+00 -1.000000000000e+00 -4.480445924190e+00
P1: -9.600000000000e+02 0.000000000000e+00 5.542562584220e+02 2.483887693060e+02 -3.600000000000e+02 5.542562584220e+02 2.204364238465e-14 -3.724769643731e+02 -1.000000000000e+00 0.000000000000e+00 6.123233995737e-17 -1.034658234370e+00
P2: 5.542562584220e+02 0.000000000000e+00 9.600000000000e+02 0.000000000000e+00 0.000000000000e+00 5.542562584220e+02 3.600000000000e+02 0.000000000000e+00 0.000000000000e+00 0.000000000000e+00 1.000000000000e+00 0.000000000000e+00
P3: 5.542562584220e+02 0.000000000000e+00 9.600000000000e+02 -4.434039352350e+02 0.000000000000e+00 5.542562584220e+02 3.600000000000e+02 0.000000000000e+00 0.000000000000e+00 0.000000000000e+00 1.000000000000e+00 0.000000000000e+00
P4: 9.600000000000e+02 0.000000000000e+00 -5.542562584220e+02 -2.234925708248e+03 3.600000000000e+02 5.542562584220e+02 2.204364238465e-14 -3.724751546892e+02 1.000000000000e+00 0.000000000000e+00 6.123233995737e-17 -1.034653207470e+00
P5: 5.542562584220e+02 9.600000000000e+02 5.878304635907e-14 2.399999588013e+04 0.000000000000e+00 9.600000000000e+02 -5.542562584220e+02 2.399999588013e+04 0.000000000000e+00 1.000000000000e+00 6.123233995737e-17 2.499999570847e+01
R0_rect: 1.000000000000e+00 0.000000000000e+00 0.000000000000e+00 0.000000000000e+00 1.000000000000e+00 0.000000000000e+00 0.000000000000e+00 0.000000000000e+00 1.000000000000e+00
Tr_velo_to_p2: 0.000000000000e+00 -1.000000000000e+00 0.000000000000e+00 2.047188493889e-06 0.000000000000e+00 0.000000000000e+00 -1.000000000000e+00 -5.000000408384e-01 1.000000000000e+00 0.000000000000e+00 0.000000000000e+00 -2.240221094895e+00
imu_to_world: -9.999012272648e-01 -1.405268583429e-02 2.402814222923e-04 -9.875727081299e+01 1.405277180191e-02 -9.999011901516e-01 3.599140843533e-04 8.808378601074e+01 2.351999205666e-04 3.632551546505e-04 9.999999063633e-01 2.916025463492e-03
p2_to_world: -1.405268583429e-02 -2.402814222923e-04 -9.999012272648e-01 -1.009967880249e+02 -9.999011901516e-01 -3.599140843533e-04 1.405277180191e-02 8.811600494385e+01 3.632551546505e-04 -9.999999063633e-01 2.351999205666e-04 2.041233539581e+00
