P0: -5.542562584220e+02 0.000000000000e+00 -9.600000000000e+02 -4.301099656027e+03 -4.408728476930e-14 5.542562584220e+02 -3.600000000000e+02 -1.612912371010e+03 -1.224646799147e-16 0.000000000000e+00 -1.000000000000e+00 -4.480312141695e+00
P1: -9.600000000000e+02 0.000000000000e+00 5.542562584220e+02 2.483424006588e+02 -3.600000000000e+02 5.542562584220e+02 2.204364238465e-14 -3.724793716696e+02 -1.000000000000e+00 0.000000000000e+00 6.123233995737e-17 -1.034664921304e+00
P2: 5.542562584220e+02 0.000000000000e+00 9.600000000000e+02 0.000000000000e+00 0.000000000000e+00 5.542562584220e+02 3.600000000000e+02 0.000000000000e+00 0.000000000000e+00 0.000000000000e+00 1.000000000000e+00 0.000000000000e+00
P3: 5.542562584220e+02 0.000000000000e+00 9.600000000000e+02 -4.434040591717e+02 0.000000000000e+00 5.542562584220e+02 3.600000000000e+02 0.000000000000e+00 0.000000000000e+00 0.000000000000e+00 1.000000000000e+00 0.000000000000e+00
P4: 9.600000000000e+02 0.000000000000e+00 -5.542562584220e+02 -2.234878877442e+03 3.600000000000e+02 5.542562584220e+02 2.204364238465e-14 -3.724736149038e+02 1.000000000000e+00 0.000000000000e+00 6.123233995737e-17 -1.034648930288e+00
P5: 5.542562584220e+02 9.600000000000e+02 5.878304635907e-14 2.399935386658e+04 0.000000000000e+00 9.600000000000e+02 -5.542562584220e+02 2.399935386658e+04 0.000000000000e+00 1.000000000000e+00 6.123233995737e-17 2.499932694435e+01
R0_rect: 1.000000000000e+00 0.000000000000e+00 0.000000000000e+00 0.000000000000e+00 1.000000000000e+00 0.000000000000e+00 0.000000000000e+00 0.000000000000e+00 1.000000000000e+00
Tr_velo_to_p2: 0.000000000000e+00 -1.000000000000e+00 0.000000000000e+00 -1.018676274356e-05 0.000000000000e+00 0.000000000000e+00 -1.000000000000e+00 -5.000001694752e-01 1.000000000000e+00 0.000000000000e+00 0.000000000000e+00 -2.240212330364e+00
imu_to_world: -9.989591316925e-01 -4.502840419999e-02 -7.286701815594e-03 -9.602703857422e+01 4.502294811355e-02 -9.989855373903e-01 9.111685870720e-04 8.804497528076e+01 -7.320338196487e-03 5.821513828045e-04 9.999730365107e-01 6.193651352078e-03
p2_to_world: -4.502840419999e-02 7.286701815594e-03 -9.989591316925e-01 -9.827976989746e+01 -9.989855373903e-01 -9.111685870720e-04 4.502294811355e-02 8.814768981934e+01 5.821513828045e-04 -9.999730365107e-01 -7.320338196487e-03 2.027530431747e+00
