P0: -5.542562584220e+02 0.000000000000e+00 -9.600000000000e+02 -4.301170978269e+03 -4.408728476930e-14 5.542562584220e+02 -3.600000000000e+02 -1.612939116851e+03 -1.224646799147e-16 0.000000000000e+00 -1.000000000000e+00 -4.480386435696e+00
P1: -9.600000000000e+02 0.000000000000e+00 5.542562584220e+02 2.483772497641e+02 -3.600000000000e+02 5.542562584220e+02 2.204364238465e-14 -3.724744715957e+02 -1.000000000000e+00 0.000000000000e+00 6.123233995737e-17 -1.034651309988e+00
P2: 5.542562584220e+02 0.000000000000e+00 9.600000000000e+02 0.000000000000e+00 0.000000000000e+00 5.542562584220e+02 3.600000000000e+02 0.000000000000e+00 0.000000000000e+00 0.000000000000e+00 1.000000000000e+00 0.000000000000e+00
P3: 5.542562584220e+02 0.000000000000e+00 9.600000000000e+02 -4.434070141573e+02 0.000000000000e+00 5.542562584220e+02 3.600000000000e+02 0.000000000000e+00 0.000000000000e+00 0.000000000000e+00 1.000000000000e+00 0.000000000000e+00
P4: 9.600000000000e+02 0.000000000000e+00 -5.542562584220e+02 -2.234914549473e+03 3.600000000000e+02 5.542562584220e+02 2.204364238465e-14 -3.724780751506e+02 1.000000000000e+00 0.000000000000e+00 6.123233995737e-17 -1.034661319863e+00
P5: 5.542562584220e+02 9.600000000000e+02 5.878304635907e-14 2.399974960327e+04 0.000000000000e+00 9.600000000000e+02 -5.542562584220e+02 2.399974960327e+04 0.000000000000e+00 1.000000000000e+00 6.123233995737e-17 2.499973917007e+01
R0_rect: 1.000000000000e+00 0.000000000000e+00 0.000000000000e+00 0.000000000000e+00 1.000000000000e+00 0.000000000000e+00 0.000000000000e+00 0.000000000000e+00 1.000000000000e+00
Tr_velo_to_p2: 0.000000000000e+00 -1.000000000000e+00 0.000000000000e+00 6.432868778537e-06 0.000000000000e+00 0.000000000000e+00 -1.000000000000e+00 -4.999999116543e-01 1.000000000000e+00 0.000000000000e+00 0.000000000000e+00 -2.240226206324e+00
imu_to_world: -9.999602947430e-01 7.657166486772e-03 4.558150828308e-03 -1.023966674805e+02 -7.656433743007e-03 -9.999706732066e-01 1.781828477768e-04 8.806425476074e+01 4.559381528091e-03 1.432765931734e-04 9.999895957018e-01 1.030801213346e-03
p2_to_world: 7.657166486772e-03 -4.558150828308e-03 -9.999602947430e-01 -1.046275100708e+02 -9.999706732066e-01 -1.781828477768e-04 -7.656433743007e-03 8.804747009277e+01 1.432765931734e-04 -9.999895957018e-01 4.559381528091e-03 2.049014568329e+00
