P0: -5.542562584220e+02 0.000000000000e+00 -9.600000000000e+02 -4.301178671865e+03 -4.408728476930e-14 5.542562584220e+02 -3.600000000000e+02 -1.612942001949e+03 -1.224646799147e-16 0.000000000000e+00 -1.000000000000e+00 -4.480394449859e+00
P1: -9.600000000000e+02 0.000000000000e+00 5.542562584220e+02 2.483890225019e+02 -3.600000000000e+02 5.542562584220e+02 2.204364238465e-14 -3.724620613914e+02 -1.000000000000e+00 0.000000000000e+00 6.123233995737e-17 -1.034616837198e+00
P2: 5.542562584220e+02 0.000000000000e+00 9.600000000000e+02 0.000000000000e+00 0.000000000000e+00 5.542562584220e+02 3.600000000000e+02 0.000000000000e+00 0.000000000000e+00 0.000000000000e+00 1.000000000000e+00 0.000000000000e+00
P3: 5.542562584220e+02 0.000000000000e+00 9.600000000000e+02 -4.433878008362e+02 0.000000000000e+00 5.542562584220e+02 3.600000000000e+02 0.000000000000e+00 0.000000000000e+00 0.000000000000e+00 1.000000000000e+00 0.000000000000e+00
P4: 9.600000000000e+02 0.000000000000e+00 -5.542562584220e+02 -2.234902431034e+03 3.600000000000e+02 5.542562584220e+02 2.204364238465e-14 -3.724638574547e+02 1.000000000000e+00 0.000000000000e+00 6.123233995737e-17 -1.034621826263e+00
P5: 5.542562584220e+02 9.600000000000e+02 5.878304635907e-14 2.399889038086e+04 0.000000000000e+00 9.600000000000e+02 -5.542562584220e+02 2.399889038086e+04 0.000000000000e+00 1.000000000000e+00 6.123233995737e-17 2.499884414673e+01
R0_rect: 1.000000000000e+00 0.000000000000e+00 0.000000000000e+00 0.000000000000e+00 1.000000000000e+00 0.000000000000e+00 0.000000000000e+00 0.000000000000e+00 1.000000000000e+00
Tr_velo_to_p2: 0.000000000000e+00 -1.000000000000e+00 0.000000000000e+00 -3.063607964020e-06 0.000000000000e+00 0.000000000000e+00 -1.000000000000e+00 -5.000000328476e-01 1.000000000000e+00 0.000000000000e+00 0.000000000000e+00 -2.240218976699e+00
imu_to_world: -9.921796376012e-01 -1.247043114037e-01 5.329300778853e-03 -6.508948516846e+01 1.247443942607e-01 -9.921566580960e-01 8.000118523181e-03 8.457556152344e+01 4.289851979154e-03 8.602355094588e-03 9.999537972611e-01 1.973342878046e-04
p2_to_world: -1.247043114037e-01 -5.329300778853e-03 -9.921796376012e-01 -6.730132293701e+01 -9.921566580960e-01 -8.000118523181e-03 1.247443942607e-01 8.487132263184e+01 8.602355094588e-03 -9.999537972611e-01 4.289851979154e-03 2.047504425049e+00
