P0: -5.542562584220e+02 0.000000000000e+00 -9.600000000000e+02 -4.301210920794e+03 -4.408728476930e-14 5.542562584220e+02 -3.600000000000e+02 -1.612954095298e+03 -1.224646799147e-16 0.000000000000e+00 -1.000000000000e+00 -4.480428042494e+00
P1: -9.600000000000e+02 0.000000000000e+00 5.542562584220e+02 2.483874122932e+02 -3.600000000000e+02 5.542562584220e+02 2.204364238465e-14 -3.724739958690e+02 -1.000000000000e+00 0.000000000000e+00 6.123233995737e-17 -1.034649988525e+00
P2: 5.542562584220e+02 0.000000000000e+00 9.600000000000e+02 0.000000000000e+00 0.000000000000e+00 5.542562584220e+02 3.600000000000e+02 0.000000000000e+00 0.000000000000e+00 0.000000000000e+00 1.000000000000e+00 0.000000000000e+00
P3: 5.542562584220e+02 0.000000000000e+00 9.600000000000e+02 -4.434087243795e+02 0.000000000000e+00 5.542562584220e+02 3.600000000000e+02 0.000000000000e+00 0.000000000000e+00 0.000000000000e+00 1.000000000000e+00 0.000000000000e+00
P4: 9.600000000000e+02 0.000000000000e+00 -5.542562584220e+02 -2.234920555406e+03 3.600000000000e+02 5.542562584220e+02 2.204364238465e-14 -3.724765883782e+02 1.000000000000e+00 0.000000000000e+00 6.123233995737e-17 -1.034657189939e+00
P5: 5.542562584220e+02 9.600000000000e+02 5.878304635907e-14 2.399997848511e+04 0.000000000000e+00 9.600000000000e+02 -5.542562584220e+02 2.399997848511e+04 0.000000000000e+00 1.000000000000e+00 6.123233995737e-17 2.499997758865e+01
R0_rect: 1.000000000000e+00 0.000000000000e+00 0.000000000000e+00 0.000000000000e+00 1.000000000000e+00 0.000000000000e+00 0.000000000000e+00 0.000000000000e+00 1.000000000000e+00
Tr_velo_to_p2: 0.000000000000e+00 -1.000000000000e+00 0.000000000000e+00 2.249196676979e-06 0.000000000000e+00 0.000000000000e+00 -1.000000000000e+00 -5.000000235675e-01 1.000000000000e+00 0.000000000000e+00 0.000000000000e+00 -2.240211491915e+00
imu_to_world: -9.999946177472e-01 -3.010919178128e-03 -1.303396470224e-03 -1.002266082764e+02 3.010696504627e-03 -9.999954529183e-01 1.727693298608e-04 8.808246612549e+01 -1.303910738063e-03 1.688442687755e-04 9.999991356538e-01 3.583482932299e-03
p2_to_world: -3.010919178128e-03 1.303396470224e-03 -9.999946177472e-01 -1.024694671631e+02 -9.999954529183e-01 -1.727693298608e-04 3.010696504627e-03 8.808956909180e+01 1.688442687755e-04 -9.999991356538e-01 -1.303910738063e-03 2.038451671600e+00
