P0: -5.542562584220e+02 0.000000000000e+00 -9.600000000000e+02 -4.301141696901e+03 -4.408728476930e-14 5.542562584220e+02 -3.600000000000e+02 -1.612928136338e+03 -1.224646799147e-16 0.000000000000e+00 -1.000000000000e+00 -4.480355934272e+00
P1: -9.600000000000e+02 0.000000000000e+00 5.542562584220e+02 2.483637661166e+02 -3.600000000000e+02 5.542562584220e+02 2.204364238465e-14 -3.724773732526e+02 -1.000000000000e+00 0.000000000000e+00 6.123233995737e-17 -1.034659370146e+00
P2: 5.542562584220e+02 0.000000000000e+00 9.600000000000e+02 0.000000000000e+00 0.000000000000e+00 5.542562584220e+02 3.600000000000e+02 0.000000000000e+00 0.000000000000e+00 0.000000000000e+00 1.000000000000e+00 0.000000000000e+00
P3: 5.542562584220e+02 0.000000000000e+00 9.600000000000e+02 -4.434060840231e+02 0.000000000000e+00 5.542562584220e+02 3.600000000000e+02 0.000000000000e+00 0.000000000000e+00 0.000000000000e+00 1.000000000000e+00 0.000000000000e+00
P4: 9.600000000000e+02 0.000000000000e+00 -5.542562584220e+02 -2.234900595793e+03 3.600000000000e+02 5.542562584220e+02 2.204364238465e-14 -3.724770152704e+02 1.000000000000e+00 0.000000000000e+00 6.123233995737e-17 -1.034658375751e+00
P5: 5.542562584220e+02 9.600000000000e+02 5.878304635907e-14 2.399952415466e+04 0.000000000000e+00 9.600000000000e+02 -5.542562584220e+02 2.399952415466e+04 0.000000000000e+00 1.000000000000e+00 6.123233995737e-17 2.499950432777e+01
R0_rect: 1.000000000000e+00 0.000000000000e+00 0.000000000000e+00 0.000000000000e+00 1.000000000000e+00 0.000000000000e+00 0.000000000000e+00 0.000000000000e+00 1.000000000000e+00
Tr_velo_to_p2: 0.000000000000e+00 -1.000000000000e+00 0.000000000000e+00 2.139362907348e-07 0.000000000000e+00 0.000000000000e+00 -1.000000000000e+00 -5.000000339120e-01 1.000000000000e+00 0.000000000000e+00 0.000000000000e+00 -2.240219432167e+00
imu_to_world: -9.899219141044e-01 -1.414890655976e-01 5.953846845708e-03 -7.986922454834e+01 1.414791853473e-01 -9.899391053661e-01 -2.051287526282e-03 8.630766296387e+01 6.184180575293e-03 -1.188269072982e-03 9.999801717670e-01 4.833213752136e-04
p2_to_world: -1.414890655976e-01 -5.953846845708e-03 -9.899219141044e-01 -8.207473754883e+01 -9.899391053661e-01 2.051287526282e-03 1.414791853473e-01 8.662042999268e+01 -1.188269072982e-03 -9.999801717670e-01 6.184180575293e-03 2.052087545395e+00
