P0: -5.542562584220e+02 0.000000000000e+00 -9.600000000000e+02 -4.299166090512e+03 -4.408728476930e-14 5.542562584220e+02 -3.600000000000e+02 -1.612187283942e+03 -1.224646799147e-16 0.000000000000e+00 -1.000000000000e+00 -4.478298010950e+00
P1: -9.600000000000e+02 0.000000000000e+00 5.542562584220e+02 2.477899317263e+02 -3.600000000000e+02 5.542562584220e+02 2.204364238465e-14 -3.724750723682e+02 -1.000000000000e+00 0.000000000000e+00 6.123233995737e-17 -1.034652978801e+00
P2: 5.542562584220e+02 0.000000000000e+00 9.600000000000e+02 0.000000000000e+00 0.000000000000e+00 5.542562584220e+02 3.600000000000e+02 0.000000000000e+00 0.000000000000e+00 0.000000000000e+00 1.000000000000e+00 0.000000000000e+00
P3: 5.542562584220e+02 0.000000000000e+00 9.600000000000e+02 -4.434055815487e+02 0.000000000000e+00 5.542562584220e+02 3.600000000000e+02 0.000000000000e+00 0.000000000000e+00 0.000000000000e+00 1.000000000000e+00 0.000000000000e+00
P4: 9.600000000000e+02 0.000000000000e+00 -5.542562584220e+02 -2.234341417692e+03 3.600000000000e+02 5.542562584220e+02 2.204364238465e-14 -3.724788333296e+02 1.000000000000e+00 0.000000000000e+00 6.123233995737e-17 -1.034663425916e+00
P5: 5.542562584220e+02 9.600000000000e+02 5.878304635907e-14 2.398850646973e+04 0.000000000000e+00 9.600000000000e+02 -5.542562584220e+02 2.398850646973e+04 0.000000000000e+00 1.000000000000e+00 6.123233995737e-17 2.498802757263e+01
R0_rect: 1.000000000000e+00 0.000000000000e+00 0.000000000000e+00 0.000000000000e+00 1.000000000000e+00 0.000000000000e+00 0.000000000000e+00 0.000000000000e+00 1.000000000000e+00
Tr_velo_to_p2: 0.000000000000e+00 -1.000000000000e+00 0.000000000000e+00 -1.144943310198e-07 0.000000000000e+00 0.000000000000e+00 -1.000000000000e+00 -4.999999228213e-01 1.000000000000e+00 0.000000000000e+00 0.000000000000e+00 -2.240221018498e+00
imu_to_world: -9.947097784551e-01 -9.799727436296e-02 -3.080569530535e-02 -9.130961608887e+01 9.795431341927e-02 -9.951866747848e-01 2.904275016788e-03 8.774985504150e+01 -3.094202851101e-02 -1.286399745165e-04 9.995211725238e-01 1.649543270469e-02
p2_to_world: -9.799727436296e-02 3.080569530535e-02 -9.947097784551e-01 -9.360076141357e+01 -9.951866747848e-01 -2.904275016788e-03 9.795431341927e-02 8.797521209717e+01 -1.286399745165e-04 -9.995211725238e-01 -3.094202851101e-02 1.983993530273e+00
