P0: -5.542562584220e+02 0.000000000000e+00 -9.600000000000e+02 -4.301218622680e+03 -4.408728476930e-14 5.542562584220e+02 -3.600000000000e+02 -1.612956983505e+03 -1.224646799147e-16 0.000000000000e+00 -1.000000000000e+00 -4.480436065292e+00
P1: -9.600000000000e+02 0.000000000000e+00 5.542562584220e+02 2.483818695632e+02 -3.600000000000e+02 5.542562584220e+02 2.204364238465e-14 -3.724768791689e+02 -1.000000000000e+00 0.000000000000e+00 6.123233995737e-17 -1.034657997692e+00
P2: 5.542562584220e+02 0.000000000000e+00 9.600000000000e+02 0.000000000000e+00 0.000000000000e+00 5.542562584220e+02 3.600000000000e+02 0.000000000000e+00 0.000000000000e+00 0.000000000000e+00 1.000000000000e+00 0.000000000000e+00
P3: 5.542562584220e+02 0.000000000000e+00 9.600000000000e+02 -4.434050857305e+02 0.000000000000e+00 5.542562584220e+02 3.600000000000e+02 0.000000000000e+00 0.000000000000e+00 0.000000000000e+00 1.000000000000e+00 0.000000000000e+00
P4: 9.600000000000e+02 0.000000000000e+00 -5.542562584220e+02 -2.234918875777e+03 3.600000000000e+02 5.542562584220e+02 2.204364238465e-14 -3.724750956782e+02 1.000000000000e+00 0.000000000000e+00 6.123233995737e-17 -1.034653043550e+00
P5: 5.542562584220e+02 9.600000000000e+02 5.878304635907e-14 2.399999954224e+04 0.000000000000e+00 9.600000000000e+02 -5.542562584220e+02 2.399999954224e+04 0.000000000000e+00 1.000000000000e+00 6.123233995737e-17 2.499999952316e+01
R0_rect: 1.000000000000e+00 0.000000000000e+00 0.000000000000e+00 0.000000000000e+00 1.000000000000e+00 0.000000000000e+00 0.000000000000e+00 0.000000000000e+00 1.000000000000e+00
Tr_velo_to_p2: 0.000000000000e+00 -1.000000000000e+00 0.000000000000e+00 -7.387301043238e-06 0.000000000000e+00 0.000000000000e+00 -1.000000000000e+00 -4.999999081719e-01 1.000000000000e+00 0.000000000000e+00 0.000000000000e+00 -2.240218192660e+00
imu_to_world: -9.999272453899e-01 -1.206221184527e-02 8.350068030302e-05 -9.900942230225e+01 1.206222927895e-02 -9.999272262923e-01 2.115284380107e-04 8.808469390869e+01 8.094310281833e-05 2.125202526924e-04 9.999999741417e-01 2.982744481415e-03
p2_to_world: -1.206221184527e-02 -8.350068030302e-05 -9.999272453899e-01 -1.012493057251e+02 -9.999272262923e-01 -2.115284380107e-04 1.206222927895e-02 8.811214447021e+01 2.125202526924e-04 -9.999999741417e-01 8.094310281833e-05 2.040955066681e+00
