P0: -5.542562584220e+02 0.000000000000e+00 -9.600000000000e+02 -4.299958743187e+03 -4.408728476930e-14 5.542562584220e+02 -3.600000000000e+02 -1.612484528695e+03 -1.224646799147e-16 0.000000000000e+00 -1.000000000000e+00 -4.479123690820e+00
P1: -9.600000000000e+02 0.000000000000e+00 5.542562584220e+02 2.480138542901e+02 -3.600000000000e+02 5.542562584220e+02 2.204364238465e-14 -3.724766593217e+02 -1.000000000000e+00 0.000000000000e+00 6.123233995737e-17 -1.034657387005e+00
P2: 5.542562584220e+02 0.000000000000e+00 9.600000000000e+02 0.000000000000e+00 0.000000000000e+00 5.542562584220e+02 3.600000000000e+02 0.000000000000e+00 0.000000000000e+00 0.000000000000e+00 1.000000000000e+00 0.000000000000e+00
P3: 5.542562584220e+02 0.000000000000e+00 9.600000000000e+02 -4.434080092041e+02 0.000000000000e+00 5.542562584220e+02 3.600000000000e+02 0.000000000000e+00 0.000000000000e+00 0.000000000000e+00 1.000000000000e+00 0.000000000000e+00
P4: 9.600000000000e+02 0.000000000000e+00 -5.542562584220e+02 -2.234565324104e+03 3.600000000000e+02 5.542562584220e+02 2.204364238465e-14 -3.724754706952e+02 1.000000000000e+00 0.000000000000e+00 6.123233995737e-17 -1.034654085264e+00
P5: 5.542562584220e+02 9.600000000000e+02 5.878304635907e-14 2.399297550201e+04 0.000000000000e+00 9.600000000000e+02 -5.542562584220e+02 2.399297550201e+04 0.000000000000e+00 1.000000000000e+00 6.123233995737e-17 2.499268281460e+01
R0_rect: 1.000000000000e+00 0.000000000000e+00 0.000000000000e+00 0.000000000000e+00 1.000000000000e+00 0.000000000000e+00 0.000000000000e+00 0.000000000000e+00 1.000000000000e+00
Tr_velo_to_p2: 0.000000000000e+00 -1.000000000000e+00 0.000000000000e+00 4.004157257471e-06 0.000000000000e+00 0.000000000000e+00 -1.000000000000e+00 -4.999997819145e-01 1.000000000000e+00 0.000000000000e+00 0.000000000000e+00 -2.240223265408e+00
imu_to_world: -9.997046290337e-01 2.422316928983e-03 -2.418237104236e-02 -1.012523345947e+02 -2.407057409480e-03 -9.999968851619e-01 -6.601068696900e-04 8.807565307617e+01 -2.418389470623e-02 -6.017035378897e-04 9.997073457716e-01 1.356139499694e-02
p2_to_world: 2.422316928983e-03 2.418237104236e-02 -9.997046290337e-01 -1.035411682129e+02 -9.999968851619e-01 6.601068696900e-04 -2.407057409480e-03 8.806891632080e+01 -6.017035378897e-04 -9.997073457716e-01 -2.418389470623e-02 1.996578812599e+00
