P0: -5.542562584220e+02 0.000000000000e+00 -9.600000000000e+02 -4.301105989814e+03 -4.408728476930e-14 5.542562584220e+02 -3.600000000000e+02 -1.612914746180e+03 -1.224646799147e-16 0.000000000000e+00 -1.000000000000e+00 -4.480318739389e+00
P1: -9.600000000000e+02 0.000000000000e+00 5.542562584220e+02 2.484016854949e+02 -3.600000000000e+02 5.542562584220e+02 2.204364238465e-14 -3.724337898612e+02 -1.000000000000e+00 0.000000000000e+00 6.123233995737e-17 -1.034538305170e+00
P2: 5.542562584220e+02 0.000000000000e+00 9.600000000000e+02 0.000000000000e+00 0.000000000000e+00 5.542562584220e+02 3.600000000000e+02 0.000000000000e+00 0.000000000000e+00 0.000000000000e+00 1.000000000000e+00 0.000000000000e+00
P3: 5.542562584220e+02 0.000000000000e+00 9.600000000000e+02 -4.433477276393e+02 0.000000000000e+00 5.542562584220e+02 3.600000000000e+02 0.000000000000e+00 0.000000000000e+00 0.000000000000e+00 1.000000000000e+00 0.000000000000e+00
P4: 9.600000000000e+02 0.000000000000e+00 -5.542562584220e+02 -2.234827069512e+03 3.600000000000e+02 5.542562584220e+02 2.204364238465e-14 -3.724280019601e+02 1.000000000000e+00 0.000000000000e+00 6.123233995737e-17 -1.034522227667e+00
P5: 5.542562584220e+02 9.600000000000e+02 5.878304635907e-14 2.399643402100e+04 0.000000000000e+00 9.600000000000e+02 -5.542562584220e+02 2.399643402100e+04 0.000000000000e+00 1.000000000000e+00 6.123233995737e-17 2.499628543854e+01
R0_rect: 1.000000000000e+00 0.000000000000e+00 0.000000000000e+00 0.000000000000e+00 1.000000000000e+00 0.000000000000e+00 0.000000000000e+00 0.000000000000e+00 1.000000000000e+00
Tr_velo_to_p2: 0.000000000000e+00 -1.000000000000e+00 0.000000000000e+00 -1.104511519481e-06 0.000000000000e+00 0.000000000000e+00 -1.000000000000e+00 -4.999998634866e-01 1.000000000000e+00 0.000000000000e+00 0.000000000000e+00 -2.240225023051e+00
imu_to_world: -8.407567358192e-01 -5.412178024536e-01 1.453965206012e-02 -5.873632049561e+01 5.413650786438e-01 -8.407365659592e-01 9.267053687953e-03 8.317432403564e+01 7.208522711050e-03 1.566259769032e-02 9.998513490684e-01 4.741924256086e-02
p2_to_world: -5.412178024536e-01 -1.453965206012e-02 -8.407567358192e-01 -6.059017562866e+01 -8.407365659592e-01 -9.267053687953e-03 5.413650786438e-01 8.440598297119e+01 1.566259769032e-02 -9.998513490684e-01 7.208522711050e-03 2.101056098938e+00
