P0: -5.542562584220e+02 0.000000000000e+00 -9.600000000000e+02 -4.301212865826e+03 -4.408728476930e-14 5.542562584220e+02 -3.600000000000e+02 -1.612954824685e+03 -1.224646799147e-16 0.000000000000e+00 -1.000000000000e+00 -4.480430068569e+00
P1: -9.600000000000e+02 0.000000000000e+00 5.542562584220e+02 2.483708737373e+02 -3.600000000000e+02 5.542562584220e+02 2.204364238465e-14 -3.724786811745e+02 -1.000000000000e+00 0.000000000000e+00 6.123233995737e-17 -1.034663003262e+00
P2: 5.542562584220e+02 0.000000000000e+00 9.600000000000e+02 0.000000000000e+00 0.000000000000e+00 5.542562584220e+02 3.600000000000e+02 0.000000000000e+00 0.000000000000e+00 0.000000000000e+00 1.000000000000e+00 0.000000000000e+00
P3: 5.542562584220e+02 0.000000000000e+00 9.600000000000e+02 -4.434020305237e+02 0.000000000000e+00 5.542562584220e+02 3.600000000000e+02 0.000000000000e+00 0.000000000000e+00 0.000000000000e+00 1.000000000000e+00 0.000000000000e+00
P4: 9.600000000000e+02 0.000000000000e+00 -5.542562584220e+02 -2.234918018070e+03 3.600000000000e+02 5.542562584220e+02 2.204364238465e-14 -3.724752763643e+02 1.000000000000e+00 0.000000000000e+00 6.123233995737e-17 -1.034653545456e+00
P5: 5.542562584220e+02 9.600000000000e+02 5.878304635907e-14 2.399993453979e+04 0.000000000000e+00 9.600000000000e+02 -5.542562584220e+02 2.399993453979e+04 0.000000000000e+00 1.000000000000e+00 6.123233995737e-17 2.499993181229e+01
R0_rect: 1.000000000000e+00 0.000000000000e+00 0.000000000000e+00 0.000000000000e+00 1.000000000000e+00 0.000000000000e+00 0.000000000000e+00 0.000000000000e+00 1.000000000000e+00
Tr_velo_to_p2: 0.000000000000e+00 -1.000000000000e+00 0.000000000000e+00 -4.742993723984e-06 0.000000000000e+00 0.000000000000e+00 -1.000000000000e+00 -5.000000828314e-01 1.000000000000e+00 0.000000000000e+00 0.000000000000e+00 -2.240212972951e+00
imu_to_world: -9.973194889937e-01 -7.314141366634e-02 2.042175376985e-03 -9.398306274414e+01 7.314371514661e-02 -9.973208307132e-01 1.075899699574e-03 8.795745849609e+01 1.958011218446e-03 1.222388032641e-03 9.999973359762e-01 2.181048039347e-03
p2_to_world: -7.314141366634e-02 -2.042175376985e-03 -9.973194889937e-01 -9.621311187744e+01 -9.973208307132e-01 -1.075899699574e-03 7.314371514661e-02 8.812350463867e+01 1.222388032641e-03 -9.999973359762e-01 1.958011218446e-03 2.044353008270e+00
