P0: -5.542562584220e+02 0.000000000000e+00 -9.600000000000e+02 -4.301215501481e+03 -4.408728476930e-14 5.542562584220e+02 -3.600000000000e+02 -1.612955813055e+03 -1.224646799147e-16 0.000000000000e+00 -1.000000000000e+00 -4.480432814042e+00
P1: -9.600000000000e+02 0.000000000000e+00 5.542562584220e+02 2.484286574968e+02 -3.600000000000e+02 5.542562584220e+02 2.204364238465e-14 -3.724578771844e+02 -1.000000000000e+00 0.000000000000e+00 6.123233995737e-17 -1.034605214401e+00
P2: 5.542562584220e+02 0.000000000000e+00 9.600000000000e+02 0.000000000000e+00 0.000000000000e+00 5.542562584220e+02 3.600000000000e+02 0.000000000000e+00 0.000000000000e+00 0.000000000000e+00 1.000000000000e+00 0.000000000000e+00
P3: 5.542562584220e+02 0.000000000000e+00 9.600000000000e+02 -4.433760110622e+02 0.000000000000e+00 5.542562584220e+02 3.600000000000e+02 0.000000000000e+00 0.000000000000e+00 0.000000000000e+00 1.000000000000e+00 0.000000000000e+00
P4: 9.600000000000e+02 0.000000000000e+00 -5.542562584220e+02 -2.234862390708e+03 3.600000000000e+02 5.542562584220e+02 2.204364238465e-14 -3.724526775547e+02 1.000000000000e+00 0.000000000000e+00 6.123233995737e-17 -1.034590770985e+00
P5: 5.542562584220e+02 9.600000000000e+02 5.878304635907e-14 2.399856285095e+04 0.000000000000e+00 9.600000000000e+02 -5.542562584220e+02 2.399856285095e+04 0.000000000000e+00 1.000000000000e+00 6.123233995737e-17 2.499850296974e+01
R0_rect: 1.000000000000e+00 0.000000000000e+00 0.000000000000e+00 0.000000000000e+00 1.000000000000e+00 0.000000000000e+00 0.000000000000e+00 0.000000000000e+00 1.000000000000e+00
Tr_velo_to_p2: 0.000000000000e+00 -1.000000000000e+00 0.000000000000e+00 -3.102146997232e-06 0.000000000000e+00 0.000000000000e+00 -1.000000000000e+00 -5.000004956449e-01 1.000000000000e+00 0.000000000000e+00 0.000000000000e+00 -2.240219550149e+00
imu_to_world: -9.742233160508e-01 -2.255662943653e-01 2.962652408720e-03 -6.244198226929e+01 2.255851718926e-01 -9.741665250223e-01 1.053146467109e-02 8.421624755859e+01 5.105733417548e-04 1.092832888762e-02 9.999401536805e-01 4.400215111673e-03
p2_to_world: -2.255662943653e-01 -2.962652408720e-03 -9.742233160508e-01 -6.461841583252e+01 -9.741665250223e-01 -1.053146467109e-02 2.255851718926e-01 8.474306488037e+01 1.092832888762e-02 -9.999401536805e-01 5.105733417548e-04 2.043212652206e+00
