P0: -5.542562584220e+02 0.000000000000e+00 -9.600000000000e+02 -4.301213586407e+03 -4.408728476930e-14 5.542562584220e+02 -3.600000000000e+02 -1.612955094903e+03 -1.224646799147e-16 0.000000000000e+00 -1.000000000000e+00 -4.480430819174e+00
P1: -9.600000000000e+02 0.000000000000e+00 5.542562584220e+02 2.483864139400e+02 -3.600000000000e+02 5.542562584220e+02 2.204364238465e-14 -3.724755456339e+02 -1.000000000000e+00 0.000000000000e+00 6.123233995737e-17 -1.034654293428e+00
P2: 5.542562584220e+02 0.000000000000e+00 9.600000000000e+02 0.000000000000e+00 0.000000000000e+00 5.542562584220e+02 3.600000000000e+02 0.000000000000e+00 0.000000000000e+00 0.000000000000e+00 1.000000000000e+00 0.000000000000e+00
P3: 5.542562584220e+02 0.000000000000e+00 9.600000000000e+02 -4.434029252558e+02 0.000000000000e+00 5.542562584220e+02 3.600000000000e+02 0.000000000000e+00 0.000000000000e+00 0.000000000000e+00 1.000000000000e+00 0.000000000000e+00
P4: 9.600000000000e+02 0.000000000000e+00 -5.542562584220e+02 -2.234925193838e+03 3.600000000000e+02 5.542562584220e+02 2.204364238465e-14 -3.724757547915e+02 1.000000000000e+00 0.000000000000e+00 6.123233995737e-17 -1.034654874421e+00
P5: 5.542562584220e+02 9.600000000000e+02 5.878304635907e-14 2.399999565125e+04 0.000000000000e+00 9.600000000000e+02 -5.542562584220e+02 2.399999565125e+04 0.000000000000e+00 1.000000000000e+00 6.123233995737e-17 2.499999547005e+01
R0_rect: 1.000000000000e+00 0.000000000000e+00 0.000000000000e+00 0.000000000000e+00 1.000000000000e+00 0.000000000000e+00 0.000000000000e+00 0.000000000000e+00 1.000000000000e+00
Tr_velo_to_p2: 0.000000000000e+00 -1.000000000000e+00 0.000000000000e+00 6.088614538213e-06 0.000000000000e+00 0.000000000000e+00 -1.000000000000e+00 -5.000001895501e-01 1.000000000000e+00 0.000000000000e+00 0.000000000000e+00 -2.240216021838e+00
imu_to_world: -9.998653419001e-01 -1.640475758889e-02 4.266093463018e-04 -9.850470733643e+01 1.640486758246e-02 -9.998653984293e-01 2.556235927402e-04 8.808290100098e+01 4.223584809408e-04 2.625876407884e-04 9.999998763305e-01 2.834696089849e-03
p2_to_world: -1.640475758889e-02 -4.266093463018e-04 -9.998653419001e-01 -1.007437515259e+02 -9.998653984293e-01 -2.556235927402e-04 1.640486758246e-02 8.812017059326e+01 2.625876407884e-04 -9.999998763305e-01 4.223584809408e-04 2.041571378708e+00
