P0: -5.542562584220e+02 0.000000000000e+00 -9.600000000000e+02 -4.301213302736e+03 -4.408728476930e-14 5.542562584220e+02 -3.600000000000e+02 -1.612954988526e+03 -1.224646799147e-16 0.000000000000e+00 -1.000000000000e+00 -4.480430523683e+00
P1: -9.600000000000e+02 0.000000000000e+00 5.542562584220e+02 2.484599185518e+02 -3.600000000000e+02 5.542562584220e+02 2.204364238465e-14 -3.724527036528e+02 -1.000000000000e+00 0.000000000000e+00 6.123233995737e-17 -1.034590843480e+00
P2: 5.542562584220e+02 0.000000000000e+00 9.600000000000e+02 0.000000000000e+00 0.000000000000e+00 5.542562584220e+02 3.600000000000e+02 0.000000000000e+00 0.000000000000e+00 0.000000000000e+00 1.000000000000e+00 0.000000000000e+00
P3: 5.542562584220e+02 0.000000000000e+00 9.600000000000e+02 -4.433752601864e+02 0.000000000000e+00 5.542562584220e+02 3.600000000000e+02 0.000000000000e+00 0.000000000000e+00 0.000000000000e+00 1.000000000000e+00 0.000000000000e+00
P4: 9.600000000000e+02 0.000000000000e+00 -5.542562584220e+02 -2.234845874723e+03 3.600000000000e+02 5.542562584220e+02 2.204364238465e-14 -3.724523793146e+02 1.000000000000e+00 0.000000000000e+00 6.123233995737e-17 -1.034589942540e+00
P5: 5.542562584220e+02 9.600000000000e+02 5.878304635907e-14 2.399838912964e+04 0.000000000000e+00 9.600000000000e+02 -5.542562584220e+02 2.399838912964e+04 0.000000000000e+00 1.000000000000e+00 6.123233995737e-17 2.499832201004e+01
R0_rect: 1.000000000000e+00 0.000000000000e+00 0.000000000000e+00 0.000000000000e+00 1.000000000000e+00 0.000000000000e+00 0.000000000000e+00 0.000000000000e+00 1.000000000000e+00
Tr_velo_to_p2: 0.000000000000e+00 -1.000000000000e+00 0.000000000000e+00 -3.797218450200e-06 0.000000000000e+00 0.000000000000e+00 -1.000000000000e+00 -4.999999535978e-01 1.000000000000e+00 0.000000000000e+00 0.000000000000e+00 -2.240215152996e+00
imu_to_world: -9.009945737527e-01 -4.338203383728e-01 2.948233751072e-03 -5.962421417236e+01 4.338247550473e-01 -9.009276020621e-01 1.120436302900e-02 8.351159667969e+01 -2.204535396820e-03 1.137408707636e-02 9.999328828311e-01 3.814189881086e-02
p2_to_world: -4.338203383728e-01 -2.948233751072e-03 -9.009945737527e-01 -6.163663101196e+01 -9.009276020621e-01 -1.120436302900e-02 4.338247550473e-01 8.450629425049e+01 1.137408707636e-02 -9.999328828311e-01 -2.204535396820e-03 2.070857524872e+00
