P0: -5.542562584220e+02 0.000000000000e+00 -9.600000000000e+02 -4.301212404968e+03 -4.408728476930e-14 5.542562584220e+02 -3.600000000000e+02 -1.612954651863e+03 -1.224646799147e-16 0.000000000000e+00 -1.000000000000e+00 -4.480429588508e+00
P1: -9.600000000000e+02 0.000000000000e+00 5.542562584220e+02 2.483978944668e+02 -3.600000000000e+02 5.542562584220e+02 2.204364238465e-14 -3.724704109008e+02 -1.000000000000e+00 0.000000000000e+00 6.123233995737e-17 -1.034640030280e+00
P2: 5.542562584220e+02 0.000000000000e+00 9.600000000000e+02 0.000000000000e+00 0.000000000000e+00 5.542562584220e+02 3.600000000000e+02 0.000000000000e+00 0.000000000000e+00 0.000000000000e+00 1.000000000000e+00 0.000000000000e+00
P3: 5.542562584220e+02 0.000000000000e+00 9.600000000000e+02 -4.433896885795e+02 0.000000000000e+00 5.542562584220e+02 3.600000000000e+02 0.000000000000e+00 0.000000000000e+00 0.000000000000e+00 1.000000000000e+00 0.000000000000e+00
P4: 9.600000000000e+02 0.000000000000e+00 -5.542562584220e+02 -2.234895015110e+03 3.600000000000e+02 5.542562584220e+02 2.204364238465e-14 -3.724655935058e+02 1.000000000000e+00 0.000000000000e+00 6.123233995737e-17 -1.034626648627e+00
P5: 5.542562584220e+02 9.600000000000e+02 5.878304635907e-14 2.399944107056e+04 0.000000000000e+00 9.600000000000e+02 -5.542562584220e+02 2.399944107056e+04 0.000000000000e+00 1.000000000000e+00 6.123233995737e-17 2.499941778183e+01
R0_rect: 1.000000000000e+00 0.000000000000e+00 0.000000000000e+00 0.000000000000e+00 1.000000000000e+00 0.000000000000e+00 0.000000000000e+00 0.000000000000e+00 1.000000000000e+00
Tr_velo_to_p2: 0.000000000000e+00 -1.000000000000e+00 0.000000000000e+00 -3.324225362880e-06 0.000000000000e+00 0.000000000000e+00 -1.000000000000e+00 -4.999999257036e-01 1.000000000000e+00 0.000000000000e+00 0.000000000000e+00 -2.240213085166e+00
imu_to_world: -9.958707135506e-01 -9.077832932651e-02 9.037791824906e-04 -6.641590881348e+01 9.078237169868e-02 -9.958479252749e-01 6.743197635377e-03 8.468598175049e+01 2.878904081319e-04 6.797400258434e-03 9.999768559666e-01 2.903900109231e-03
p2_to_world: -9.077832932651e-02 -9.037791824906e-04 -9.958707135506e-01 -6.864503479004e+01 -9.958479252749e-01 -6.743197635377e-03 9.078237169868e-02 8.490309143066e+01 6.797400258434e-03 -9.999768559666e-01 2.878904081319e-04 2.041292667389e+00
