P0: -5.542562584220e+02 0.000000000000e+00 -9.600000000000e+02 -4.301220748329e+03 -4.408728476930e-14 5.542562584220e+02 -3.600000000000e+02 -1.612957780623e+03 -1.224646799147e-16 0.000000000000e+00 -1.000000000000e+00 -4.480438279510e+00
P1: -9.600000000000e+02 0.000000000000e+00 5.542562584220e+02 2.483787264468e+02 -3.600000000000e+02 5.542562584220e+02 2.204364238465e-14 -3.724771834885e+02 -1.000000000000e+00 0.000000000000e+00 6.123233995737e-17 -1.034658843023e+00
P2: 5.542562584220e+02 0.000000000000e+00 9.600000000000e+02 0.000000000000e+00 0.000000000000e+00 5.542562584220e+02 3.600000000000e+02 0.000000000000e+00 0.000000000000e+00 0.000000000000e+00 1.000000000000e+00 0.000000000000e+00
P3: 5.542562584220e+02 0.000000000000e+00 9.600000000000e+02 -4.434035309968e+02 0.000000000000e+00 5.542562584220e+02 3.600000000000e+02 0.000000000000e+00 0.000000000000e+00 0.000000000000e+00 1.000000000000e+00 0.000000000000e+00
P4: 9.600000000000e+02 0.000000000000e+00 -5.542562584220e+02 -2.234924877021e+03 3.600000000000e+02 5.542562584220e+02 2.204364238465e-14 -3.724775963380e+02 1.000000000000e+00 0.000000000000e+00 6.123233995737e-17 -1.034659989828e+00
P5: 5.542562584220e+02 9.600000000000e+02 5.878304635907e-14 2.399998237610e+04 0.000000000000e+00 9.600000000000e+02 -5.542562584220e+02 2.399998237610e+04 0.000000000000e+00 1.000000000000e+00 6.123233995737e-17 2.499998164177e+01
R0_rect: 1.000000000000e+00 0.000000000000e+00 0.000000000000e+00 0.000000000000e+00 1.000000000000e+00 0.000000000000e+00 0.000000000000e+00 0.000000000000e+00 1.000000000000e+00
Tr_velo_to_p2: 0.000000000000e+00 -1.000000000000e+00 0.000000000000e+00 4.269912933134e-06 0.000000000000e+00 0.000000000000e+00 -1.000000000000e+00 -4.999998276551e-01 1.000000000000e+00 0.000000000000e+00 0.000000000000e+00 -2.240218146577e+00
imu_to_world: -9.996537131269e-01 -2.629104639193e-02 1.111175562037e-03 -9.749797821045e+01 2.629140884048e-02 -9.996542722112e-01 3.128435670629e-04 8.807381439209e+01 1.102566413031e-03 3.419496044374e-04 9.999993337087e-01 2.540468471125e-03
p2_to_world: -2.629104639193e-02 -1.111175562037e-03 -9.996537131269e-01 -9.973515319824e+01 -9.996542722112e-01 -3.128435670629e-04 2.629140884048e-02 8.813335418701e+01 3.419496044374e-04 -9.999993337087e-01 1.102566413031e-03 2.042800188065e+00
