P0: -5.542562584220e+02 0.000000000000e+00 -9.600000000000e+02 -4.298995881809e+03 -4.408728476930e-14 5.542562584220e+02 -3.600000000000e+02 -1.612123455678e+03 -1.224646799147e-16 0.000000000000e+00 -1.000000000000e+00 -4.478120710218e+00
P1: -9.600000000000e+02 0.000000000000e+00 5.542562584220e+02 2.477534381533e+02 -3.600000000000e+02 5.542562584220e+02 2.204364238465e-14 -3.724783161151e+02 -1.000000000000e+00 0.000000000000e+00 6.123233995737e-17 -1.034661989209e+00
P2: 5.542562584220e+02 0.000000000000e+00 9.600000000000e+02 0.000000000000e+00 0.000000000000e+00 5.542562584220e+02 3.600000000000e+02 0.000000000000e+00 0.000000000000e+00 0.000000000000e+00 1.000000000000e+00 0.000000000000e+00
P3: 5.542562584220e+02 0.000000000000e+00 9.600000000000e+02 -4.434019880148e+02 0.000000000000e+00 5.542562584220e+02 3.600000000000e+02 0.000000000000e+00 0.000000000000e+00 0.000000000000e+00 1.000000000000e+00 0.000000000000e+00
P4: 9.600000000000e+02 0.000000000000e+00 -5.542562584220e+02 -2.234257051335e+03 3.600000000000e+02 5.542562584220e+02 2.204364238465e-14 -3.724711558122e+02 1.000000000000e+00 0.000000000000e+00 6.123233995737e-17 -1.034642099478e+00
P5: 5.542562584220e+02 9.600000000000e+02 5.878304635907e-14 2.398757778168e+04 0.000000000000e+00 9.600000000000e+02 -5.542562584220e+02 2.398757778168e+04 0.000000000000e+00 1.000000000000e+00 6.123233995737e-17 2.498706018925e+01
R0_rect: 1.000000000000e+00 0.000000000000e+00 0.000000000000e+00 0.000000000000e+00 1.000000000000e+00 0.000000000000e+00 0.000000000000e+00 0.000000000000e+00 1.000000000000e+00
Tr_velo_to_p2: 0.000000000000e+00 -1.000000000000e+00 0.000000000000e+00 -4.127666210939e-06 0.000000000000e+00 0.000000000000e+00 -1.000000000000e+00 -4.999997879443e-01 1.000000000000e+00 0.000000000000e+00 0.000000000000e+00 -2.240221478135e+00
imu_to_world: -9.918620181816e-01 -1.232751975381e-01 -3.182707276162e-02 -8.723815917969e+01 1.231881773090e-01 -9.923722556339e-01 4.688200007735e-03 8.730343627930e+01 -3.216224276872e-02 7.293284387261e-04 9.994823951527e-01 1.729400269687e-02
p2_to_world: -1.232751975381e-01 3.182707276162e-02 -9.918620181816e-01 -8.952500915527e+01 -9.923722556339e-01 -4.688200007735e-03 1.231881773090e-01 8.758895111084e+01 7.293284387261e-04 -9.994823951527e-01 -3.216224276872e-02 1.981979727745e+00
