P0: -5.542562584220e+02 0.000000000000e+00 -9.600000000000e+02 -4.300939882568e+03 -4.408728476930e-14 5.542562584220e+02 -3.600000000000e+02 -1.612852455963e+03 -1.224646799147e-16 0.000000000000e+00 -1.000000000000e+00 -4.480145711008e+00
P1: -9.600000000000e+02 0.000000000000e+00 5.542562584220e+02 2.482926584414e+02 -3.600000000000e+02 5.542562584220e+02 2.204364238465e-14 -3.724786945414e+02 -1.000000000000e+00 0.000000000000e+00 6.123233995737e-17 -1.034663040393e+00
P2: 5.542562584220e+02 0.000000000000e+00 9.600000000000e+02 0.000000000000e+00 0.000000000000e+00 5.542562584220e+02 3.600000000000e+02 0.000000000000e+00 0.000000000000e+00 0.000000000000e+00 1.000000000000e+00 0.000000000000e+00
P3: 5.542562584220e+02 0.000000000000e+00 9.600000000000e+02 -4.434013198020e+02 0.000000000000e+00 5.542562584220e+02 3.600000000000e+02 0.000000000000e+00 0.000000000000e+00 0.000000000000e+00 1.000000000000e+00 0.000000000000e+00
P4: 9.600000000000e+02 0.000000000000e+00 -5.542562584220e+02 -2.234842861297e+03 3.600000000000e+02 5.542562584220e+02 2.204364238465e-14 -3.724752914496e+02 1.000000000000e+00 0.000000000000e+00 6.123233995737e-17 -1.034653587360e+00
P5: 5.542562584220e+02 9.600000000000e+02 5.878304635907e-14 2.399842689514e+04 0.000000000000e+00 9.600000000000e+02 -5.542562584220e+02 2.399842689514e+04 0.000000000000e+00 1.000000000000e+00 6.123233995737e-17 2.499836134911e+01
R0_rect: 1.000000000000e+00 0.000000000000e+00 0.000000000000e+00 0.000000000000e+00 1.000000000000e+00 0.000000000000e+00 0.000000000000e+00 0.000000000000e+00 1.000000000000e+00
Tr_velo_to_p2: 0.000000000000e+00 -1.000000000000e+00 0.000000000000e+00 -9.495864757054e-06 0.000000000000e+00 0.000000000000e+00 -1.000000000000e+00 -5.000001292760e-01 1.000000000000e+00 0.000000000000e+00 0.000000000000e+00 -2.240219274635e+00
imu_to_world: -9.999180396979e-01 5.738329225011e-03 1.144488813066e-02 -1.018261489868e+02 -5.734710230213e-03 -9.999834955114e-01 3.490034281176e-04 8.807053375244e+01 1.144670193520e-02 2.833417066447e-04 9.999344442174e-01 -1.940771588124e-03
p2_to_world: 5.738329225011e-03 -1.144488813066e-02 -9.999180396979e-01 -1.040428619385e+02 -9.999834955114e-01 -3.490034281176e-04 -5.734710230213e-03 8.805839538574e+01 2.833417066447e-04 -9.999344442174e-01 1.144670193520e-02 2.061359643936e+00
