P0: -5.542562584220e+02 0.000000000000e+00 -9.600000000000e+02 -4.301218316303e+03 -4.408728476930e-14 5.542562584220e+02 -3.600000000000e+02 -1.612956868614e+03 -1.224646799147e-16 0.000000000000e+00 -1.000000000000e+00 -4.480435746149e+00
P1: -9.600000000000e+02 0.000000000000e+00 5.542562584220e+02 2.483805358765e+02 -3.600000000000e+02 5.542562584220e+02 2.204364238465e-14 -3.724771798556e+02 -1.000000000000e+00 0.000000000000e+00 6.123233995737e-17 -1.034658832932e+00
P2: 5.542562584220e+02 0.000000000000e+00 9.600000000000e+02 0.000000000000e+00 0.000000000000e+00 5.542562584220e+02 3.600000000000e+02 0.000000000000e+00 0.000000000000e+00 0.000000000000e+00 1.000000000000e+00 0.000000000000e+00
P3: 5.542562584220e+02 0.000000000000e+00 9.600000000000e+02 -4.434004338243e+02 0.000000000000e+00 5.542562584220e+02 3.600000000000e+02 0.000000000000e+00 0.000000000000e+00 0.000000000000e+00 1.000000000000e+00 0.000000000000e+00
P4: 9.600000000000e+02 0.000000000000e+00 -5.542562584220e+02 -2.234925245548e+03 3.600000000000e+02 5.542562584220e+02 2.204364238465e-14 -3.724757526203e+02 1.000000000000e+00 0.000000000000e+00 6.123233995737e-17 -1.034654868390e+00
P5: 5.542562584220e+02 9.600000000000e+02 5.878304635907e-14 2.399999794006e+04 0.000000000000e+00 9.600000000000e+02 -5.542562584220e+02 2.399999794006e+04 0.000000000000e+00 1.000000000000e+00 6.123233995737e-17 2.499999785423e+01
R0_rect: 1.000000000000e+00 0.000000000000e+00 0.000000000000e+00 0.000000000000e+00 1.000000000000e+00 0.000000000000e+00 0.000000000000e+00 0.000000000000e+00 1.000000000000e+00
Tr_velo_to_p2: 0.000000000000e+00 -1.000000000000e+00 0.000000000000e+00 -2.499789520749e-06 0.000000000000e+00 0.000000000000e+00 -1.000000000000e+00 -5.000000990901e-01 1.000000000000e+00 0.000000000000e+00 0.000000000000e+00 -2.240212633910e+00
imu_to_world: -9.999664749933e-01 -8.188074630641e-03 -6.575187129220e-05 -9.951255798340e+01 8.188063572408e-03 -9.999664633465e-01 1.667252533585e-04 8.808496093750e+01 -6.711482501179e-05 1.661812833911e-04 9.999999839397e-01 3.047403646633e-03
p2_to_world: -8.188074630641e-03 6.575187129220e-05 -9.999664749933e-01 -1.017528305054e+02 -9.999664633465e-01 -1.667252533585e-04 8.188063572408e-03 8.810363769531e+01 1.661812833911e-04 -9.999999839397e-01 -6.711482501179e-05 2.040687799454e+00
