P0: -5.542562584220e+02 0.000000000000e+00 -9.600000000000e+02 -4.301216250379e+03 -4.408728476930e-14 5.542562584220e+02 -3.600000000000e+02 -1.612956093892e+03 -1.224646799147e-16 0.000000000000e+00 -1.000000000000e+00 -4.480433594145e+00
P1: -9.600000000000e+02 0.000000000000e+00 5.542562584220e+02 2.483829069333e+02 -3.600000000000e+02 5.542562584220e+02 2.204364238465e-14 -3.724764549885e+02 -1.000000000000e+00 0.000000000000e+00 6.123233995737e-17 -1.034656819413e+00
P2: 5.542562584220e+02 0.000000000000e+00 9.600000000000e+02 0.000000000000e+00 0.000000000000e+00 5.542562584220e+02 3.600000000000e+02 0.000000000000e+00 0.000000000000e+00 0.000000000000e+00 1.000000000000e+00 0.000000000000e+00
P3: 5.542562584220e+02 0.000000000000e+00 9.600000000000e+02 -4.434034452236e+02 0.000000000000e+00 5.542562584220e+02 3.600000000000e+02 0.000000000000e+00 0.000000000000e+00 0.000000000000e+00 1.000000000000e+00 0.000000000000e+00
P4: 9.600000000000e+02 0.000000000000e+00 -5.542562584220e+02 -2.234926531344e+03 3.600000000000e+02 5.542562584220e+02 2.204364238465e-14 -3.724768593427e+02 1.000000000000e+00 0.000000000000e+00 6.123233995737e-17 -1.034657942619e+00
P5: 5.542562584220e+02 9.600000000000e+02 5.878304635907e-14 2.399999015808e+04 0.000000000000e+00 9.600000000000e+02 -5.542562584220e+02 2.399999015808e+04 0.000000000000e+00 1.000000000000e+00 6.123233995737e-17 2.499998974800e+01
R0_rect: 1.000000000000e+00 0.000000000000e+00 0.000000000000e+00 0.000000000000e+00 1.000000000000e+00 0.000000000000e+00 0.000000000000e+00 0.000000000000e+00 1.000000000000e+00
Tr_velo_to_p2: 0.000000000000e+00 -1.000000000000e+00 0.000000000000e+00 -3.321137275561e-07 0.000000000000e+00 0.000000000000e+00 -1.000000000000e+00 -5.000001277132e-01 1.000000000000e+00 0.000000000000e+00 0.000000000000e+00 -2.240222758411e+00
imu_to_world: -9.903834073050e-01 -1.383488371039e-01 5.529980741690e-04 -8.278209686279e+01 1.383491631405e-01 -9.903833328619e-01 6.025344426604e-04 8.671652221680e+01 4.643201363045e-04 6.732469351202e-04 9.999996655726e-01 2.973822643980e-03
p2_to_world: -1.383488371039e-01 -5.529980741690e-04 -9.903834073050e-01 -8.499964904785e+01 -9.903833328619e-01 -6.025344426604e-04 1.383491631405e-01 8.702768707275e+01 6.732469351202e-04 -9.999996655726e-01 4.643201363045e-04 2.041804075241e+00
