P0: -5.542562584220e+02 0.000000000000e+00 -9.600000000000e+02 -4.301207524153e+03 -4.408728476930e-14 5.542562584220e+02 -3.600000000000e+02 -1.612952821557e+03 -1.224646799147e-16 0.000000000000e+00 -1.000000000000e+00 -4.480424504326e+00
P1: -9.600000000000e+02 0.000000000000e+00 5.542562584220e+02 2.483888234071e+02 -3.600000000000e+02 5.542562584220e+02 2.204364238465e-14 -3.724699483699e+02 -1.000000000000e+00 0.000000000000e+00 6.123233995737e-17 -1.034638745472e+00
P2: 5.542562584220e+02 0.000000000000e+00 9.600000000000e+02 0.000000000000e+00 0.000000000000e+00 5.542562584220e+02 3.600000000000e+02 0.000000000000e+00 0.000000000000e+00 0.000000000000e+00 1.000000000000e+00 0.000000000000e+00
P3: 5.542562584220e+02 0.000000000000e+00 9.600000000000e+02 -4.433996171889e+02 0.000000000000e+00 5.542562584220e+02 3.600000000000e+02 0.000000000000e+00 0.000000000000e+00 0.000000000000e+00 1.000000000000e+00 0.000000000000e+00
P4: 9.600000000000e+02 0.000000000000e+00 -5.542562584220e+02 -2.234912960290e+03 3.600000000000e+02 5.542562584220e+02 2.204364238465e-14 -3.724694922926e+02 1.000000000000e+00 0.000000000000e+00 6.123233995737e-17 -1.034637478590e+00
P5: 5.542562584220e+02 9.600000000000e+02 5.878304635907e-14 2.399944862366e+04 0.000000000000e+00 9.600000000000e+02 -5.542562584220e+02 2.399944862366e+04 0.000000000000e+00 1.000000000000e+00 6.123233995737e-17 2.499942564964e+01
R0_rect: 1.000000000000e+00 0.000000000000e+00 0.000000000000e+00 0.000000000000e+00 1.000000000000e+00 0.000000000000e+00 0.000000000000e+00 0.000000000000e+00 1.000000000000e+00
Tr_velo_to_p2: 0.000000000000e+00 -1.000000000000e+00 0.000000000000e+00 7.558867572750e-06 0.000000000000e+00 0.000000000000e+00 -1.000000000000e+00 -4.999999666104e-01 1.000000000000e+00 0.000000000000e+00 0.000000000000e+00 -2.240218756773e+00
imu_to_world: -9.970933742387e-01 -7.613196956298e-02 2.954024332647e-03 -6.710420989990e+01 7.614884503156e-02 -9.970778207392e-01 6.096949256678e-03 8.472957611084e+01 2.481219388770e-03 6.304173248029e-03 9.999770502117e-01 2.090682974085e-03
p2_to_world: -7.613196956298e-02 -2.954024332647e-03 -9.970933742387e-01 -6.933189392090e+01 -9.970778207392e-01 -6.096949256678e-03 7.614884503156e-02 8.491259765625e+01 6.304173248029e-03 -9.999770502117e-01 2.481219388770e-03 2.045393228531e+00
