P0: -5.542562584220e+02 0.000000000000e+00 -9.600000000000e+02 -4.300449315995e+03 -4.408728476930e-14 5.542562584220e+02 -3.600000000000e+02 -1.612668493498e+03 -1.224646799147e-16 0.000000000000e+00 -1.000000000000e+00 -4.479634704161e+00
P1: -9.600000000000e+02 0.000000000000e+00 5.542562584220e+02 2.481504338270e+02 -3.600000000000e+02 5.542562584220e+02 2.204364238465e-14 -3.724790021778e+02 -1.000000000000e+00 0.000000000000e+00 6.123233995737e-17 -1.034663894938e+00
P2: 5.542562584220e+02 0.000000000000e+00 9.600000000000e+02 0.000000000000e+00 0.000000000000e+00 5.542562584220e+02 3.600000000000e+02 0.000000000000e+00 0.000000000000e+00 0.000000000000e+00 1.000000000000e+00 0.000000000000e+00
P3: 5.542562584220e+02 0.000000000000e+00 9.600000000000e+02 -4.434002799511e+02 0.000000000000e+00 5.542562584220e+02 3.600000000000e+02 0.000000000000e+00 0.000000000000e+00 0.000000000000e+00 1.000000000000e+00 0.000000000000e+00
P4: 9.600000000000e+02 0.000000000000e+00 -5.542562584220e+02 -2.234710121167e+03 3.600000000000e+02 5.542562584220e+02 2.204364238465e-14 -3.724771166738e+02 1.000000000000e+00 0.000000000000e+00 6.123233995737e-17 -1.034658657427e+00
P5: 5.542562584220e+02 9.600000000000e+02 5.878304635907e-14 2.399566017151e+04 0.000000000000e+00 9.600000000000e+02 -5.542562584220e+02 2.399566017151e+04 0.000000000000e+00 1.000000000000e+00 6.123233995737e-17 2.499547934532e+01
R0_rect: 1.000000000000e+00 0.000000000000e+00 0.000000000000e+00 0.000000000000e+00 1.000000000000e+00 0.000000000000e+00 0.000000000000e+00 0.000000000000e+00 1.000000000000e+00
Tr_velo_to_p2: 0.000000000000e+00 -1.000000000000e+00 0.000000000000e+00 -2.083567013314e-06 0.000000000000e+00 0.000000000000e+00 -1.000000000000e+00 -5.000000252423e-01 1.000000000000e+00 0.000000000000e+00 0.000000000000e+00 -2.240216402000e+00
imu_to_world: -9.998148578001e-01 3.032225252878e-03 -1.900146657942e-02 -1.012715606689e+02 -3.021338606527e-03 -9.999952547728e-01 -6.016185635626e-04 8.807572937012e+01 -1.900320065615e-02 -5.440973140212e-04 9.998192748307e-01 1.120669674128e-02
p2_to_world: 3.032225252878e-03 1.900146657942e-02 -9.998148578001e-01 -1.035500869751e+02 -9.999952547728e-01 6.016185635626e-04 -3.021338606527e-03 8.806773376465e+01 -5.440973140212e-04 -9.998192748307e-01 -1.900320065615e-02 2.006057977676e+00
