P0: -5.542562584220e+02 0.000000000000e+00 -9.600000000000e+02 -4.301082502258e+03 -4.408728476930e-14 5.542562584220e+02 -3.600000000000e+02 -1.612905938347e+03 -1.224646799147e-16 0.000000000000e+00 -1.000000000000e+00 -4.480294273185e+00
P1: -9.600000000000e+02 0.000000000000e+00 5.542562584220e+02 2.483616815209e+02 -3.600000000000e+02 5.542562584220e+02 2.204364238465e-14 -3.724736009405e+02 -1.000000000000e+00 0.000000000000e+00 6.123233995737e-17 -1.034648891501e+00
P2: 5.542562584220e+02 0.000000000000e+00 9.600000000000e+02 0.000000000000e+00 0.000000000000e+00 5.542562584220e+02 3.600000000000e+02 0.000000000000e+00 0.000000000000e+00 0.000000000000e+00 1.000000000000e+00 0.000000000000e+00
P3: 5.542562584220e+02 0.000000000000e+00 9.600000000000e+02 -4.434073229295e+02 0.000000000000e+00 5.542562584220e+02 3.600000000000e+02 0.000000000000e+00 0.000000000000e+00 0.000000000000e+00 1.000000000000e+00 0.000000000000e+00
P4: 9.600000000000e+02 0.000000000000e+00 -5.542562584220e+02 -2.234870108548e+03 3.600000000000e+02 5.542562584220e+02 2.204364238465e-14 -3.724752363514e+02 1.000000000000e+00 0.000000000000e+00 6.123233995737e-17 -1.034653434309e+00
P5: 5.542562584220e+02 9.600000000000e+02 5.878304635907e-14 2.399916755676e+04 0.000000000000e+00 9.600000000000e+02 -5.542562584220e+02 2.399916755676e+04 0.000000000000e+00 1.000000000000e+00 6.123233995737e-17 2.499913287163e+01
R0_rect: 1.000000000000e+00 0.000000000000e+00 0.000000000000e+00 0.000000000000e+00 1.000000000000e+00 0.000000000000e+00 0.000000000000e+00 0.000000000000e+00 1.000000000000e+00
Tr_velo_to_p2: 0.000000000000e+00 -1.000000000000e+00 0.000000000000e+00 6.492490846223e-06 0.000000000000e+00 0.000000000000e+00 -1.000000000000e+00 -5.000000735544e-01 1.000000000000e+00 0.000000000000e+00 0.000000000000e+00 -2.240218042383e+00
imu_to_world: -9.932659594431e-01 -1.156085014996e-01 7.576819421446e-03 -7.169461059570e+01 1.155851916750e-01 -9.932915900491e-01 -3.446825083970e-03 8.520916748047e+01 7.924473293532e-03 -2.547845898947e-03 9.999653550020e-01 -2.614982658997e-04
p2_to_world: -1.156085014996e-01 -7.576819421446e-03 -9.932659594431e-01 -7.390429687500e+01 -9.932915900491e-01 3.446825083970e-03 1.155851916750e-01 8.546108245850e+01 -2.547845898947e-03 -9.999653550020e-01 7.924473293532e-03 2.055211305618e+00
