P0: -5.542562584220e+02 0.000000000000e+00 -9.600000000000e+02 -4.301208497405e+03 -4.408728476930e-14 5.542562584220e+02 -3.600000000000e+02 -1.612953186527e+03 -1.224646799147e-16 0.000000000000e+00 -1.000000000000e+00 -4.480425518130e+00
P1: -9.600000000000e+02 0.000000000000e+00 5.542562584220e+02 2.483770841761e+02 -3.600000000000e+02 5.542562584220e+02 2.204364238465e-14 -3.724781974405e+02 -1.000000000000e+00 0.000000000000e+00 6.123233995737e-17 -1.034661659557e+00
P2: 5.542562584220e+02 0.000000000000e+00 9.600000000000e+02 0.000000000000e+00 0.000000000000e+00 5.542562584220e+02 3.600000000000e+02 0.000000000000e+00 0.000000000000e+00 0.000000000000e+00 1.000000000000e+00 0.000000000000e+00
P3: 5.542562584220e+02 0.000000000000e+00 9.600000000000e+02 -4.434037717090e+02 0.000000000000e+00 5.542562584220e+02 3.600000000000e+02 0.000000000000e+00 0.000000000000e+00 0.000000000000e+00 1.000000000000e+00 0.000000000000e+00
P4: 9.600000000000e+02 0.000000000000e+00 -5.542562584220e+02 -2.234914863120e+03 3.600000000000e+02 5.542562584220e+02 2.204364238465e-14 -3.724738164951e+02 1.000000000000e+00 0.000000000000e+00 6.123233995737e-17 -1.034649490264e+00
P5: 5.542562584220e+02 9.600000000000e+02 5.878304635907e-14 2.399993362427e+04 0.000000000000e+00 9.600000000000e+02 -5.542562584220e+02 2.399993362427e+04 0.000000000000e+00 1.000000000000e+00 6.123233995737e-17 2.499993085861e+01
R0_rect: 1.000000000000e+00 0.000000000000e+00 0.000000000000e+00 0.000000000000e+00 1.000000000000e+00 0.000000000000e+00 0.000000000000e+00 0.000000000000e+00 1.000000000000e+00
Tr_velo_to_p2: 0.000000000000e+00 -1.000000000000e+00 0.000000000000e+00 -2.085798257376e-06 0.000000000000e+00 0.000000000000e+00 -1.000000000000e+00 -5.000002293286e-01 1.000000000000e+00 0.000000000000e+00 0.000000000000e+00 -2.240221971991e+00
imu_to_world: -9.981920244027e-01 -6.006842175841e-02 -2.113557738236e-03 -9.500716400146e+01 6.006643203586e-02 -9.981938881487e-01 9.926757279293e-04 8.801005554199e+01 -2.169368880851e-03 8.639271221996e-04 9.999972737306e-01 3.961328882724e-03
p2_to_world: -6.006842175841e-02 2.113557738236e-03 -9.981920244027e-01 -9.724764251709e+01 -9.981938881487e-01 -9.926757279293e-04 6.006643203586e-02 8.814663696289e+01 8.639271221996e-04 -9.999972737306e-01 -2.169368880851e-03 2.036886692047e+00
