P0: -5.542562584220e+02 0.000000000000e+00 -9.600000000000e+02 -4.301206261103e+03 -4.408728476930e-14 5.542562584220e+02 -3.600000000000e+02 -1.612952347914e+03 -1.224646799147e-16 0.000000000000e+00 -1.000000000000e+00 -4.480423188649e+00
P1: -9.600000000000e+02 0.000000000000e+00 5.542562584220e+02 2.483858354301e+02 -3.600000000000e+02 5.542562584220e+02 2.204364238465e-14 -3.724759336295e+02 -1.000000000000e+00 0.000000000000e+00 6.123233995737e-17 -1.034655371193e+00
P2: 5.542562584220e+02 0.000000000000e+00 9.600000000000e+02 0.000000000000e+00 0.000000000000e+00 5.542562584220e+02 3.600000000000e+02 0.000000000000e+00 0.000000000000e+00 0.000000000000e+00 1.000000000000e+00 0.000000000000e+00
P3: 5.542562584220e+02 0.000000000000e+00 9.600000000000e+02 -4.434051982962e+02 0.000000000000e+00 5.542562584220e+02 3.600000000000e+02 0.000000000000e+00 0.000000000000e+00 0.000000000000e+00 1.000000000000e+00 0.000000000000e+00
P4: 9.600000000000e+02 0.000000000000e+00 -5.542562584220e+02 -2.234923314541e+03 3.600000000000e+02 5.542562584220e+02 2.204364238465e-14 -3.724768069412e+02 1.000000000000e+00 0.000000000000e+00 6.123233995737e-17 -1.034657797059e+00
P5: 5.542562584220e+02 9.600000000000e+02 5.878304635907e-14 2.399992767334e+04 0.000000000000e+00 9.600000000000e+02 -5.542562584220e+02 2.399992767334e+04 0.000000000000e+00 1.000000000000e+00 6.123233995737e-17 2.499992465973e+01
R0_rect: 1.000000000000e+00 0.000000000000e+00 0.000000000000e+00 0.000000000000e+00 1.000000000000e+00 0.000000000000e+00 0.000000000000e+00 0.000000000000e+00 1.000000000000e+00
Tr_velo_to_p2: 0.000000000000e+00 -1.000000000000e+00 0.000000000000e+00 -4.399980882941e-07 0.000000000000e+00 0.000000000000e+00 -1.000000000000e+00 -4.999998837855e-01 1.000000000000e+00 0.000000000000e+00 0.000000000000e+00 -2.240223555257e+00
imu_to_world: -9.999526668687e-01 9.415549423687e-03 -2.451826082542e-03 -1.031394424438e+02 -9.415438603129e-03 -9.999556721659e-01 -5.673805240704e-05 8.805570220947e+01 -2.452251618339e-03 -3.365034887163e-05 9.999969926603e-01 4.086678847671e-03
p2_to_world: 9.415549423687e-03 2.451826082542e-03 -9.999526668687e-01 -1.053845520020e+02 -9.999556721659e-01 5.673805240704e-05 -9.415438603129e-03 8.803449249268e+01 -3.365034887163e-05 -9.999969926603e-01 -2.452251618339e-03 2.036377906799e+00
