P0: -5.542562584220e+02 0.000000000000e+00 -9.600000000000e+02 -4.301226157635e+03 -4.408728476930e-14 5.542562584220e+02 -3.600000000000e+02 -1.612959809113e+03 -1.224646799147e-16 0.000000000000e+00 -1.000000000000e+00 -4.480443914203e+00
P1: -9.600000000000e+02 0.000000000000e+00 5.542562584220e+02 2.483969057546e+02 -3.600000000000e+02 5.542562584220e+02 2.204364238465e-14 -3.724728094882e+02 -1.000000000000e+00 0.000000000000e+00 6.123233995737e-17 -1.034646693023e+00
P2: 5.542562584220e+02 0.000000000000e+00 9.600000000000e+02 0.000000000000e+00 0.000000000000e+00 5.542562584220e+02 3.600000000000e+02 0.000000000000e+00 0.000000000000e+00 0.000000000000e+00 1.000000000000e+00 0.000000000000e+00
P3: 5.542562584220e+02 0.000000000000e+00 9.600000000000e+02 -4.434084028758e+02 0.000000000000e+00 5.542562584220e+02 3.600000000000e+02 0.000000000000e+00 0.000000000000e+00 0.000000000000e+00 1.000000000000e+00 0.000000000000e+00
P4: 9.600000000000e+02 0.000000000000e+00 -5.542562584220e+02 -2.234927887123e+03 3.600000000000e+02 5.542562584220e+02 2.204364238465e-14 -3.724752547127e+02 1.000000000000e+00 0.000000000000e+00 6.123233995737e-17 -1.034653485313e+00
P5: 5.542562584220e+02 9.600000000000e+02 5.878304635907e-14 2.399992172241e+04 0.000000000000e+00 9.600000000000e+02 -5.542562584220e+02 2.399992172241e+04 0.000000000000e+00 1.000000000000e+00 6.123233995737e-17 2.499991846085e+01
R0_rect: 1.000000000000e+00 0.000000000000e+00 0.000000000000e+00 0.000000000000e+00 1.000000000000e+00 0.000000000000e+00 0.000000000000e+00 0.000000000000e+00 1.000000000000e+00
Tr_velo_to_p2: 0.000000000000e+00 -1.000000000000e+00 0.000000000000e+00 1.422674988763e-05 0.000000000000e+00 0.000000000000e+00 -1.000000000000e+00 -5.000000345754e-01 1.000000000000e+00 0.000000000000e+00 0.000000000000e+00 -2.240219332907e+00
imu_to_world: -9.914116321691e-01 -1.307778736561e-01 3.512291108532e-04 -8.570006561279e+01 1.307783440133e-01 -9.914084239299e-01 2.522240650639e-03 8.710847473145e+01 1.835823008977e-05 2.546511881659e-03 9.999967574648e-01 3.168753581122e-03
p2_to_world: -1.307778736561e-01 -3.512291108532e-04 -9.914116321691e-01 -8.792033386230e+01 -9.914084239299e-01 -2.522240650639e-03 1.307783440133e-01 8.740659332275e+01 2.546511881659e-03 -9.999967574648e-01 1.835823008977e-05 2.040994167328e+00
