P0: -5.542562584220e+02 0.000000000000e+00 -9.600000000000e+02 -4.300979797154e+03 -4.408728476930e-14 5.542562584220e+02 -3.600000000000e+02 -1.612867423933e+03 -1.224646799147e-16 0.000000000000e+00 -1.000000000000e+00 -4.480187288702e+00
P1: -9.600000000000e+02 0.000000000000e+00 5.542562584220e+02 2.483387177276e+02 -3.600000000000e+02 5.542562584220e+02 2.204364238465e-14 -3.724316923427e+02 -1.000000000000e+00 0.000000000000e+00 6.123233995737e-17 -1.034532478730e+00
P2: 5.542562584220e+02 0.000000000000e+00 9.600000000000e+02 0.000000000000e+00 0.000000000000e+00 5.542562584220e+02 3.600000000000e+02 0.000000000000e+00 0.000000000000e+00 0.000000000000e+00 1.000000000000e+00 0.000000000000e+00
P3: 5.542562584220e+02 0.000000000000e+00 9.600000000000e+02 -4.433457610337e+02 0.000000000000e+00 5.542562584220e+02 3.600000000000e+02 0.000000000000e+00 0.000000000000e+00 0.000000000000e+00 1.000000000000e+00 0.000000000000e+00
P4: 9.600000000000e+02 0.000000000000e+00 -5.542562584220e+02 -2.234821405898e+03 3.600000000000e+02 5.542562584220e+02 2.204364238465e-14 -3.724283722603e+02 1.000000000000e+00 0.000000000000e+00 6.123233995737e-17 -1.034523256279e+00
P5: 5.542562584220e+02 9.600000000000e+02 5.878304635907e-14 2.399568031311e+04 0.000000000000e+00 9.600000000000e+02 -5.542562584220e+02 2.399568031311e+04 0.000000000000e+00 1.000000000000e+00 6.123233995737e-17 2.499550032616e+01
R0_rect: 1.000000000000e+00 0.000000000000e+00 0.000000000000e+00 0.000000000000e+00 1.000000000000e+00 0.000000000000e+00 0.000000000000e+00 0.000000000000e+00 1.000000000000e+00
Tr_velo_to_p2: 0.000000000000e+00 -1.000000000000e+00 0.000000000000e+00 1.266271013696e-06 0.000000000000e+00 0.000000000000e+00 -1.000000000000e+00 -4.999998780904e-01 1.000000000000e+00 0.000000000000e+00 0.000000000000e+00 -2.240216509253e+00
imu_to_world: -7.351379866259e-01 -6.776679851210e-01 1.839137193797e-02 -5.766069030762e+01 6.778381446767e-01 -7.351964776920e-01 4.646376059886e-03 8.260262298584e+01 1.037257156610e-02 1.588210097426e-02 9.998200681261e-01 5.091331526637e-02
p2_to_world: -6.776679851210e-01 -1.839137193797e-02 -7.351379866259e-01 -5.927008056641e+01 -7.351964776920e-01 -4.646376059886e-03 6.778381446767e-01 8.413059234619e+01 1.588210097426e-02 -9.998200681261e-01 1.037257156610e-02 2.111574411392e+00
