P0: -5.542562584220e+02 0.000000000000e+00 -9.600000000000e+02 -4.301167538846e+03 -4.408728476930e-14 5.542562584220e+02 -3.600000000000e+02 -1.612937827067e+03 -1.224646799147e-16 0.000000000000e+00 -1.000000000000e+00 -4.480382852965e+00
P1: -9.600000000000e+02 0.000000000000e+00 5.542562584220e+02 2.483741392118e+02 -3.600000000000e+02 5.542562584220e+02 2.204364238465e-14 -3.724744331219e+02 -1.000000000000e+00 0.000000000000e+00 6.123233995737e-17 -1.034651203116e+00
P2: 5.542562584220e+02 0.000000000000e+00 9.600000000000e+02 0.000000000000e+00 0.000000000000e+00 5.542562584220e+02 3.600000000000e+02 0.000000000000e+00 0.000000000000e+00 0.000000000000e+00 1.000000000000e+00 0.000000000000e+00
P3: 5.542562584220e+02 0.000000000000e+00 9.600000000000e+02 -4.434088603512e+02 0.000000000000e+00 5.542562584220e+02 3.600000000000e+02 0.000000000000e+00 0.000000000000e+00 0.000000000000e+00 1.000000000000e+00 0.000000000000e+00
P4: 9.600000000000e+02 0.000000000000e+00 -5.542562584220e+02 -2.234923950068e+03 3.600000000000e+02 5.542562584220e+02 2.204364238465e-14 -3.724811684003e+02 1.000000000000e+00 0.000000000000e+00 6.123233995737e-17 -1.034669912223e+00
P5: 5.542562584220e+02 9.600000000000e+02 5.878304635907e-14 2.399972694397e+04 0.000000000000e+00 9.600000000000e+02 -5.542562584220e+02 2.399972694397e+04 0.000000000000e+00 1.000000000000e+00 6.123233995737e-17 2.499971556664e+01
R0_rect: 1.000000000000e+00 0.000000000000e+00 0.000000000000e+00 0.000000000000e+00 1.000000000000e+00 0.000000000000e+00 0.000000000000e+00 0.000000000000e+00 1.000000000000e+00
Tr_velo_to_p2: 0.000000000000e+00 -1.000000000000e+00 0.000000000000e+00 6.040215055218e-06 0.000000000000e+00 0.000000000000e+00 -1.000000000000e+00 -4.999997920116e-01 1.000000000000e+00 0.000000000000e+00 0.000000000000e+00 -2.240211448280e+00
imu_to_world: -9.999074188905e-01 1.275178498181e-02 4.748223617153e-03 -1.072315597534e+02 -1.275152485108e-02 -9.999186923843e-01 8.505576972566e-05 8.800153350830e+01 4.748922163299e-03 2.450080371551e-05 9.999887235054e-01 9.615254239179e-04
p2_to_world: 1.275178498181e-02 -4.748223617153e-03 -9.999074188905e-01 -1.094618911743e+02 -9.999186923843e-01 -8.505576972566e-05 -1.275152485108e-02 8.797314453125e+01 2.450080371551e-05 -9.999887235054e-01 4.748922163299e-03 2.049368143082e+00
