P0: -5.542562584220e+02 0.000000000000e+00 -9.600000000000e+02 -4.301219220571e+03 -4.408728476930e-14 5.542562584220e+02 -3.600000000000e+02 -1.612957207714e+03 -1.224646799147e-16 0.000000000000e+00 -1.000000000000e+00 -4.480436688095e+00
P1: -9.600000000000e+02 0.000000000000e+00 5.542562584220e+02 2.483841857214e+02 -3.600000000000e+02 5.542562584220e+02 2.204364238465e-14 -3.724756458419e+02 -1.000000000000e+00 0.000000000000e+00 6.123233995737e-17 -1.034654571783e+00
P2: 5.542562584220e+02 0.000000000000e+00 9.600000000000e+02 0.000000000000e+00 0.000000000000e+00 5.542562584220e+02 3.600000000000e+02 0.000000000000e+00 0.000000000000e+00 0.000000000000e+00 1.000000000000e+00 0.000000000000e+00
P3: 5.542562584220e+02 0.000000000000e+00 9.600000000000e+02 -4.434069860877e+02 0.000000000000e+00 5.542562584220e+02 3.600000000000e+02 0.000000000000e+00 0.000000000000e+00 0.000000000000e+00 1.000000000000e+00 0.000000000000e+00
P4: 9.600000000000e+02 0.000000000000e+00 -5.542562584220e+02 -2.234928848205e+03 3.600000000000e+02 5.542562584220e+02 2.204364238465e-14 -3.724783411018e+02 1.000000000000e+00 0.000000000000e+00 6.123233995737e-17 -1.034662058616e+00
P5: 5.542562584220e+02 9.600000000000e+02 5.878304635907e-14 2.399999862671e+04 0.000000000000e+00 9.600000000000e+02 -5.542562584220e+02 2.399999862671e+04 0.000000000000e+00 1.000000000000e+00 6.123233995737e-17 2.499999856949e+01
R0_rect: 1.000000000000e+00 0.000000000000e+00 0.000000000000e+00 0.000000000000e+00 1.000000000000e+00 0.000000000000e+00 0.000000000000e+00 0.000000000000e+00 1.000000000000e+00
Tr_velo_to_p2: 0.000000000000e+00 -1.000000000000e+00 0.000000000000e+00 7.341731142170e-06 0.000000000000e+00 0.000000000000e+00 -1.000000000000e+00 -5.000000006540e-01 1.000000000000e+00 0.000000000000e+00 0.000000000000e+00 -2.240220512354e+00
imu_to_world: -9.999134774789e-01 1.315430514057e-02 -4.257247823786e-05 -1.073030319214e+02 -1.315430480212e-02 -9.999134783558e-01 -8.220124793244e-06 8.800063323975e+01 -4.267692482687e-05 -7.659402212400e-06 9.999999990600e-01 3.035652684048e-03
p2_to_world: 1.315430514057e-02 4.257247823786e-05 -9.999134774789e-01 -1.095431442261e+02 -9.999134783558e-01 8.220124793244e-06 -1.315430480212e-02 8.797115325928e+01 -7.659402212400e-06 -9.999999990600e-01 -4.267692482687e-05 2.040730953217e+00
