P0: -5.542562584220e+02 0.000000000000e+00 -9.600000000000e+02 -4.301214515243e+03 -4.408728476930e-14 5.542562584220e+02 -3.600000000000e+02 -1.612955443216e+03 -1.224646799147e-16 0.000000000000e+00 -1.000000000000e+00 -4.480431786712e+00
P1: -9.600000000000e+02 0.000000000000e+00 5.542562584220e+02 2.483856039215e+02 -3.600000000000e+02 5.542562584220e+02 2.204364238465e-14 -3.724765367364e+02 -1.000000000000e+00 0.000000000000e+00 6.123233995737e-17 -1.034657046490e+00
P2: 5.542562584220e+02 0.000000000000e+00 9.600000000000e+02 0.000000000000e+00 0.000000000000e+00 5.542562584220e+02 3.600000000000e+02 0.000000000000e+00 0.000000000000e+00 0.000000000000e+00 1.000000000000e+00 0.000000000000e+00
P3: 5.542562584220e+02 0.000000000000e+00 9.600000000000e+02 -4.434064872201e+02 0.000000000000e+00 5.542562584220e+02 3.600000000000e+02 0.000000000000e+00 0.000000000000e+00 0.000000000000e+00 1.000000000000e+00 0.000000000000e+00
P4: 9.600000000000e+02 0.000000000000e+00 -5.542562584220e+02 -2.234926058628e+03 3.600000000000e+02 5.542562584220e+02 2.204364238465e-14 -3.724765859778e+02 1.000000000000e+00 0.000000000000e+00 6.123233995737e-17 -1.034657183272e+00
P5: 5.542562584220e+02 9.600000000000e+02 5.878304635907e-14 2.399999862671e+04 0.000000000000e+00 9.600000000000e+02 -5.542562584220e+02 2.399999862671e+04 0.000000000000e+00 1.000000000000e+00 6.123233995737e-17 2.499999856949e+01
R0_rect: 1.000000000000e+00 0.000000000000e+00 0.000000000000e+00 0.000000000000e+00 1.000000000000e+00 0.000000000000e+00 0.000000000000e+00 0.000000000000e+00 1.000000000000e+00
Tr_velo_to_p2: 0.000000000000e+00 -1.000000000000e+00 0.000000000000e+00 3.262422618378e-07 0.000000000000e+00 0.000000000000e+00 -1.000000000000e+00 -4.999998927082e-01 1.000000000000e+00 0.000000000000e+00 0.000000000000e+00 -2.240220718721e+00
imu_to_world: -9.999145824652e-01 1.306749619281e-02 -2.613744813938e-04 -1.065900726318e+02 -1.306749277788e-02 -9.999146165620e-01 -1.476885609102e-05 8.801036834717e+01 -2.615451563127e-04 -1.135208542380e-05 9.999999657326e-01 3.131097182631e-03
p2_to_world: 1.306749619281e-02 2.613744813938e-04 -9.999145824652e-01 -1.088306350708e+02 -9.999146165620e-01 1.476885609102e-05 -1.306749277788e-02 8.798106384277e+01 -1.135208542380e-05 -9.999999657326e-01 -2.615451563127e-04 2.040336132050e+00
