P0: -5.542562584220e+02 0.000000000000e+00 -9.600000000000e+02 -4.301211022887e+03 -4.408728476930e-14 5.542562584220e+02 -3.600000000000e+02 -1.612954133583e+03 -1.224646799147e-16 0.000000000000e+00 -1.000000000000e+00 -4.480428148841e+00
P1: -9.600000000000e+02 0.000000000000e+00 5.542562584220e+02 2.483785472629e+02 -3.600000000000e+02 5.542562584220e+02 2.204364238465e-14 -3.724782390329e+02 -1.000000000000e+00 0.000000000000e+00 6.123233995737e-17 -1.034661775091e+00
P2: 5.542562584220e+02 0.000000000000e+00 9.600000000000e+02 0.000000000000e+00 0.000000000000e+00 5.542562584220e+02 3.600000000000e+02 0.000000000000e+00 0.000000000000e+00 0.000000000000e+00 1.000000000000e+00 0.000000000000e+00
P3: 5.542562584220e+02 0.000000000000e+00 9.600000000000e+02 -4.434036742185e+02 0.000000000000e+00 5.542562584220e+02 3.600000000000e+02 0.000000000000e+00 0.000000000000e+00 0.000000000000e+00 1.000000000000e+00 0.000000000000e+00
P4: 9.600000000000e+02 0.000000000000e+00 -5.542562584220e+02 -2.234934089622e+03 3.600000000000e+02 5.542562584220e+02 2.204364238465e-14 -3.724793890204e+02 1.000000000000e+00 0.000000000000e+00 6.123233995737e-17 -1.034664969501e+00
P5: 5.542562584220e+02 9.600000000000e+02 5.878304635907e-14 2.399993980408e+04 0.000000000000e+00 9.600000000000e+02 -5.542562584220e+02 2.399993980408e+04 0.000000000000e+00 1.000000000000e+00 6.123233995737e-17 2.499993729591e+01
R0_rect: 1.000000000000e+00 0.000000000000e+00 0.000000000000e+00 0.000000000000e+00 1.000000000000e+00 0.000000000000e+00 0.000000000000e+00 0.000000000000e+00 1.000000000000e+00
Tr_velo_to_p2: 0.000000000000e+00 -1.000000000000e+00 0.000000000000e+00 5.797364887977e-06 0.000000000000e+00 0.000000000000e+00 -1.000000000000e+00 -4.999997775050e-01 1.000000000000e+00 0.000000000000e+00 0.000000000000e+00 -2.240225992656e+00
imu_to_world: -9.999282704224e-01 1.177066219947e-02 2.214841179710e-03 -1.045724487305e+02 -1.177060500730e-02 -9.999307232744e-01 3.885594865447e-05 8.803738403320e+01 2.215145103011e-03 1.278314085341e-05 9.999975464814e-01 2.054932992905e-03
p2_to_world: 1.177066219947e-02 -2.214841179710e-03 -9.999282704224e-01 -1.068079986572e+02 -9.999307232744e-01 -3.885594865447e-05 -1.177060500730e-02 8.801109313965e+01 1.278314085341e-05 -9.999975464814e-01 2.215145103011e-03 2.044803380966e+00
