P0: -5.542562584220e+02 0.000000000000e+00 -9.600000000000e+02 -4.299848994848e+03 -4.408728476930e-14 5.542562584220e+02 -3.600000000000e+02 -1.612443373068e+03 -1.224646799147e-16 0.000000000000e+00 -1.000000000000e+00 -4.479009369633e+00
P1: -9.600000000000e+02 0.000000000000e+00 5.542562584220e+02 2.479980731333e+02 -3.600000000000e+02 5.542562584220e+02 2.204364238465e-14 -3.724755151020e+02 -1.000000000000e+00 0.000000000000e+00 6.123233995737e-17 -1.034654208617e+00
P2: 5.542562584220e+02 0.000000000000e+00 9.600000000000e+02 0.000000000000e+00 0.000000000000e+00 5.542562584220e+02 3.600000000000e+02 0.000000000000e+00 0.000000000000e+00 0.000000000000e+00 1.000000000000e+00 0.000000000000e+00
P3: 5.542562584220e+02 0.000000000000e+00 9.600000000000e+02 -4.434012544009e+02 0.000000000000e+00 5.542562584220e+02 3.600000000000e+02 0.000000000000e+00 0.000000000000e+00 0.000000000000e+00 1.000000000000e+00 0.000000000000e+00
P4: 9.600000000000e+02 0.000000000000e+00 -5.542562584220e+02 -2.234522411303e+03 3.600000000000e+02 5.542562584220e+02 2.204364238465e-14 -3.724745928842e+02 1.000000000000e+00 0.000000000000e+00 6.123233995737e-17 -1.034651646901e+00
P5: 5.542562584220e+02 9.600000000000e+02 5.878304635907e-14 2.399238464355e+04 0.000000000000e+00 9.600000000000e+02 -5.542562584220e+02 2.399238464355e+04 0.000000000000e+00 1.000000000000e+00 6.123233995737e-17 2.499206733704e+01
R0_rect: 1.000000000000e+00 0.000000000000e+00 0.000000000000e+00 0.000000000000e+00 1.000000000000e+00 0.000000000000e+00 0.000000000000e+00 0.000000000000e+00 1.000000000000e+00
Tr_velo_to_p2: 0.000000000000e+00 -1.000000000000e+00 0.000000000000e+00 4.270521256369e-06 0.000000000000e+00 0.000000000000e+00 -1.000000000000e+00 -4.999998882591e-01 1.000000000000e+00 0.000000000000e+00 0.000000000000e+00 -2.240218341195e+00
imu_to_world: -9.383100354750e-01 -3.449909121478e-01 -2.357006284026e-02 -1.178148040771e+02 3.448767835037e-01 -9.386060040711e-01 8.875433613975e-03 8.965393066406e+01 -2.518494643639e-02 1.991409698578e-04 9.996827890966e-01 1.375918369740e-02
p2_to_world: -3.449909121478e-01 2.357006284026e-02 -9.383100354750e-01 -1.199648513794e+02 -9.386060040711e-01 -8.875433613975e-03 3.448767835037e-01 9.044461822510e+01 1.991409698578e-04 -9.996827890966e-01 -2.518494643639e-02 1.994483947754e+00
