P0: -5.542562584220e+02 0.000000000000e+00 -9.600000000000e+02 -4.301054618931e+03 -4.408728476930e-14 5.542562584220e+02 -3.600000000000e+02 -1.612895482099e+03 -1.224646799147e-16 0.000000000000e+00 -1.000000000000e+00 -4.480265228053e+00
P1: -9.600000000000e+02 0.000000000000e+00 5.542562584220e+02 2.483402619501e+02 -3.600000000000e+02 5.542562584220e+02 2.204364238465e-14 -3.724746707446e+02 -1.000000000000e+00 0.000000000000e+00 6.123233995737e-17 -1.034651863179e+00
P2: 5.542562584220e+02 0.000000000000e+00 9.600000000000e+02 0.000000000000e+00 0.000000000000e+00 5.542562584220e+02 3.600000000000e+02 0.000000000000e+00 0.000000000000e+00 0.000000000000e+00 1.000000000000e+00 0.000000000000e+00
P3: 5.542562584220e+02 0.000000000000e+00 9.600000000000e+02 -4.434058819279e+02 0.000000000000e+00 5.542562584220e+02 3.600000000000e+02 0.000000000000e+00 0.000000000000e+00 0.000000000000e+00 1.000000000000e+00 0.000000000000e+00
P4: 9.600000000000e+02 0.000000000000e+00 -5.542562584220e+02 -2.234882139486e+03 3.600000000000e+02 5.542562584220e+02 2.204364238465e-14 -3.724774510710e+02 1.000000000000e+00 0.000000000000e+00 6.123233995737e-17 -1.034659586308e+00
P5: 5.542562584220e+02 9.600000000000e+02 5.878304635907e-14 2.399908859253e+04 0.000000000000e+00 9.600000000000e+02 -5.542562584220e+02 2.399908859253e+04 0.000000000000e+00 1.000000000000e+00 6.123233995737e-17 2.499905061722e+01
R0_rect: 1.000000000000e+00 0.000000000000e+00 0.000000000000e+00 0.000000000000e+00 1.000000000000e+00 0.000000000000e+00 0.000000000000e+00 0.000000000000e+00 1.000000000000e+00
Tr_velo_to_p2: 0.000000000000e+00 -1.000000000000e+00 0.000000000000e+00 3.318775836118e-06 0.000000000000e+00 0.000000000000e+00 -1.000000000000e+00 -5.000002097366e-01 1.000000000000e+00 0.000000000000e+00 0.000000000000e+00 -2.240221018490e+00
imu_to_world: -9.998780963111e-01 1.296239416335e-02 -8.704530705433e-03 -1.069528121948e+02 -1.296021812520e-02 -9.999159659163e-01 -3.063523726245e-04 8.800541687012e+01 -8.707770288378e-03 -1.935024105202e-04 9.999620679273e-01 6.758682429790e-03
p2_to_world: 1.296239416335e-02 8.704530705433e-03 -9.998780963111e-01 -1.092104949951e+02 -9.999159659163e-01 3.063523726245e-04 -1.296021812520e-02 8.797576141357e+01 -1.935024105202e-04 -9.999620679273e-01 -8.707770288378e-03 2.024964809418e+00
