P0: -5.542562584220e+02 0.000000000000e+00 -9.600000000000e+02 -4.301219316916e+03 -4.408728476930e-14 5.542562584220e+02 -3.600000000000e+02 -1.612957243844e+03 -1.224646799147e-16 0.000000000000e+00 -1.000000000000e+00 -4.480436788454e+00
P1: -9.600000000000e+02 0.000000000000e+00 5.542562584220e+02 2.483885103402e+02 -3.600000000000e+02 5.542562584220e+02 2.204364238465e-14 -3.724756097125e+02 -1.000000000000e+00 0.000000000000e+00 6.123233995737e-17 -1.034654471424e+00
P2: 5.542562584220e+02 0.000000000000e+00 9.600000000000e+02 0.000000000000e+00 0.000000000000e+00 5.542562584220e+02 3.600000000000e+02 0.000000000000e+00 0.000000000000e+00 0.000000000000e+00 1.000000000000e+00 0.000000000000e+00
P3: 5.542562584220e+02 0.000000000000e+00 9.600000000000e+02 -4.434070417125e+02 0.000000000000e+00 5.542562584220e+02 3.600000000000e+02 0.000000000000e+00 0.000000000000e+00 0.000000000000e+00 1.000000000000e+00 0.000000000000e+00
P4: 9.600000000000e+02 0.000000000000e+00 -5.542562584220e+02 -2.234921580245e+03 3.600000000000e+02 5.542562584220e+02 2.204364238465e-14 -3.724755947574e+02 1.000000000000e+00 0.000000000000e+00 6.123233995737e-17 -1.034654429882e+00
P5: 5.542562584220e+02 9.600000000000e+02 5.878304635907e-14 2.399999725342e+04 0.000000000000e+00 9.600000000000e+02 -5.542562584220e+02 2.399999725342e+04 0.000000000000e+00 1.000000000000e+00 6.123233995737e-17 2.499999713898e+01
R0_rect: 1.000000000000e+00 0.000000000000e+00 0.000000000000e+00 0.000000000000e+00 1.000000000000e+00 0.000000000000e+00 0.000000000000e+00 0.000000000000e+00 1.000000000000e+00
Tr_velo_to_p2: 0.000000000000e+00 -1.000000000000e+00 0.000000000000e+00 -2.513337835913e-06 0.000000000000e+00 0.000000000000e+00 -1.000000000000e+00 -5.000001792748e-01 1.000000000000e+00 0.000000000000e+00 0.000000000000e+00 -2.240220283058e+00
imu_to_world: -9.999134512624e-01 1.315430470521e-02 2.329209295892e-04 -1.073033599854e+02 -1.315430445724e-02 -9.999134783908e-01 2.596597520851e-06 8.800062561035e+01 2.329349333305e-04 -4.675400336641e-07 9.999999728705e-01 2.917663892731e-03
p2_to_world: 1.315430470521e-02 -2.329209295892e-04 -9.999134512624e-01 -1.095429077148e+02 -9.999134783908e-01 -2.596597520851e-06 -1.315430445724e-02 8.797116088867e+01 -4.675400336641e-07 -9.999999728705e-01 2.329349333305e-04 2.041230201721e+00
