P0: -5.542562584220e+02 0.000000000000e+00 -9.600000000000e+02 -4.300109874088e+03 -4.408728476930e-14 5.542562584220e+02 -3.600000000000e+02 -1.612541202783e+03 -1.224646799147e-16 0.000000000000e+00 -1.000000000000e+00 -4.479281118842e+00
P1: -9.600000000000e+02 0.000000000000e+00 5.542562584220e+02 2.480599628867e+02 -3.600000000000e+02 5.542562584220e+02 2.204364238465e-14 -3.724773689971e+02 -1.000000000000e+00 0.000000000000e+00 6.123233995737e-17 -1.034659358325e+00
P2: 5.542562584220e+02 0.000000000000e+00 9.600000000000e+02 0.000000000000e+00 0.000000000000e+00 5.542562584220e+02 3.600000000000e+02 0.000000000000e+00 0.000000000000e+00 0.000000000000e+00 1.000000000000e+00 0.000000000000e+00
P3: 5.542562584220e+02 0.000000000000e+00 9.600000000000e+02 -4.434059915627e+02 0.000000000000e+00 5.542562584220e+02 3.600000000000e+02 0.000000000000e+00 0.000000000000e+00 0.000000000000e+00 1.000000000000e+00 0.000000000000e+00
P4: 9.600000000000e+02 0.000000000000e+00 -5.542562584220e+02 -2.234610072545e+03 3.600000000000e+02 5.542562584220e+02 2.204364238465e-14 -3.724775347777e+02 1.000000000000e+00 0.000000000000e+00 6.123233995737e-17 -1.034659818827e+00
P5: 5.542562584220e+02 9.600000000000e+02 5.878304635907e-14 2.399379112244e+04 0.000000000000e+00 9.600000000000e+02 -5.542562584220e+02 2.399379112244e+04 0.000000000000e+00 1.000000000000e+00 6.123233995737e-17 2.499353241920e+01
R0_rect: 1.000000000000e+00 0.000000000000e+00 0.000000000000e+00 0.000000000000e+00 1.000000000000e+00 0.000000000000e+00 0.000000000000e+00 0.000000000000e+00 1.000000000000e+00
Tr_velo_to_p2: 0.000000000000e+00 -1.000000000000e+00 0.000000000000e+00 -8.496669992626e-06 0.000000000000e+00 0.000000000000e+00 -1.000000000000e+00 -4.999997039468e-01 1.000000000000e+00 0.000000000000e+00 0.000000000000e+00 -2.240223805837e+00
imu_to_world: -9.996573823779e-01 1.296965180409e-02 -2.273556661970e-02 -1.069477615356e+02 -1.296028624136e-02 -9.999158555749e-01 -5.592410123266e-04 8.800548553467e+01 -2.274090670972e-02 -2.643899552500e-04 9.997413571819e-01 1.294982153922e-02
p2_to_world: 1.296965180409e-02 2.273556661970e-02 -9.996573823779e-01 -1.092335433960e+02 -9.999158555749e-01 5.592410123266e-04 -1.296028624136e-02 8.797531127930e+01 -2.643899552500e-04 -9.997413571819e-01 -2.274090670972e-02 1.999269247055e+00
