P0: -5.542562584220e+02 0.000000000000e+00 -9.600000000000e+02 -4.301186443793e+03 -4.408728476930e-14 5.542562584220e+02 -3.600000000000e+02 -1.612944916422e+03 -1.224646799147e-16 0.000000000000e+00 -1.000000000000e+00 -4.480402545618e+00
P1: -9.600000000000e+02 0.000000000000e+00 5.542562584220e+02 2.483733529771e+02 -3.600000000000e+02 5.542562584220e+02 2.204364238465e-14 -3.724766671643e+02 -1.000000000000e+00 0.000000000000e+00 6.123233995737e-17 -1.034657408790e+00
P2: 5.542562584220e+02 0.000000000000e+00 9.600000000000e+02 0.000000000000e+00 0.000000000000e+00 5.542562584220e+02 3.600000000000e+02 0.000000000000e+00 0.000000000000e+00 0.000000000000e+00 1.000000000000e+00 0.000000000000e+00
P3: 5.542562584220e+02 0.000000000000e+00 9.600000000000e+02 -4.434016536433e+02 0.000000000000e+00 5.542562584220e+02 3.600000000000e+02 0.000000000000e+00 0.000000000000e+00 0.000000000000e+00 1.000000000000e+00 0.000000000000e+00
P4: 9.600000000000e+02 0.000000000000e+00 -5.542562584220e+02 -2.234914619625e+03 3.600000000000e+02 5.542562584220e+02 2.204364238465e-14 -3.724754546522e+02 1.000000000000e+00 0.000000000000e+00 6.123233995737e-17 -1.034654040701e+00
P5: 5.542562584220e+02 9.600000000000e+02 5.878304635907e-14 2.399982444763e+04 0.000000000000e+00 9.600000000000e+02 -5.542562584220e+02 2.399982444763e+04 0.000000000000e+00 1.000000000000e+00 6.123233995737e-17 2.499981713295e+01
R0_rect: 1.000000000000e+00 0.000000000000e+00 0.000000000000e+00 0.000000000000e+00 1.000000000000e+00 0.000000000000e+00 0.000000000000e+00 0.000000000000e+00 1.000000000000e+00
Tr_velo_to_p2: 0.000000000000e+00 -1.000000000000e+00 0.000000000000e+00 -4.274451457723e-06 0.000000000000e+00 0.000000000000e+00 -1.000000000000e+00 -4.999999260349e-01 1.000000000000e+00 0.000000000000e+00 0.000000000000e+00 -2.240214462252e+00
imu_to_world: -9.999087424139e-01 1.296159654344e-02 -3.808393279192e-03 -1.069545364380e+02 -1.296114802689e-02 -9.999159906492e-01 -1.424286499486e-04 8.800541687012e+01 -3.809919441241e-03 -9.305450321756e-05 9.999927379010e-01 4.667465575039e-03
p2_to_world: 1.296159654344e-02 3.808393279192e-03 -9.999087424139e-01 -1.092023086548e+02 -9.999159906492e-01 1.424286499486e-04 -1.296114802689e-02 8.797608947754e+01 -9.305450321756e-05 -9.999927379010e-01 -3.809919441241e-03 2.033908605576e+00
