P0: -5.542562584220e+02 0.000000000000e+00 -9.600000000000e+02 -4.301215505703e+03 -4.408728476930e-14 5.542562584220e+02 -3.600000000000e+02 -1.612955814639e+03 -1.224646799147e-16 0.000000000000e+00 -1.000000000000e+00 -4.480432818441e+00
P1: -9.600000000000e+02 0.000000000000e+00 5.542562584220e+02 2.483839801335e+02 -3.600000000000e+02 5.542562584220e+02 2.204364238465e-14 -3.724764682601e+02 -1.000000000000e+00 0.000000000000e+00 6.123233995737e-17 -1.034656856278e+00
P2: 5.542562584220e+02 0.000000000000e+00 9.600000000000e+02 0.000000000000e+00 0.000000000000e+00 5.542562584220e+02 3.600000000000e+02 0.000000000000e+00 0.000000000000e+00 0.000000000000e+00 1.000000000000e+00 0.000000000000e+00
P3: 5.542562584220e+02 0.000000000000e+00 9.600000000000e+02 -4.434069162832e+02 0.000000000000e+00 5.542562584220e+02 3.600000000000e+02 0.000000000000e+00 0.000000000000e+00 0.000000000000e+00 1.000000000000e+00 0.000000000000e+00
P4: 9.600000000000e+02 0.000000000000e+00 -5.542562584220e+02 -2.234924286029e+03 3.600000000000e+02 5.542562584220e+02 2.204364238465e-14 -3.724765958727e+02 1.000000000000e+00 0.000000000000e+00 6.123233995737e-17 -1.034657210757e+00
P5: 5.542562584220e+02 9.600000000000e+02 5.878304635907e-14 2.399994644165e+04 0.000000000000e+00 9.600000000000e+02 -5.542562584220e+02 2.399994644165e+04 0.000000000000e+00 1.000000000000e+00 6.123233995737e-17 2.499994421005e+01
R0_rect: 1.000000000000e+00 0.000000000000e+00 0.000000000000e+00 0.000000000000e+00 1.000000000000e+00 0.000000000000e+00 0.000000000000e+00 0.000000000000e+00 1.000000000000e+00
Tr_velo_to_p2: 0.000000000000e+00 -1.000000000000e+00 0.000000000000e+00 3.081016671825e-06 0.000000000000e+00 0.000000000000e+00 -1.000000000000e+00 -4.999999387776e-01 1.000000000000e+00 0.000000000000e+00 0.000000000000e+00 -2.240222241925e+00
imu_to_world: -9.999980967223e-01 9.907951055808e-04 1.680736998738e-03 -1.104033203125e+02 -9.928248909678e-04 -9.999987783962e-01 -1.207271646925e-03 8.798072814941e+01 1.679538786704e-03 -1.208938026679e-03 9.999978588069e-01 2.286026487127e-03
p2_to_world: 9.907951055808e-04 -1.680736998738e-03 -9.999980967223e-01 -1.126401062012e+02 -9.999987783962e-01 1.207271646925e-03 -9.928248909678e-04 8.797604370117e+01 -1.208938026679e-03 -9.999978588069e-01 1.679538786704e-03 2.043835163116e+00
