P0: -5.542562584220e+02 0.000000000000e+00 -9.600000000000e+02 -4.301219316916e+03 -4.408728476930e-14 5.542562584220e+02 -3.600000000000e+02 -1.612957243844e+03 -1.224646799147e-16 0.000000000000e+00 -1.000000000000e+00 -4.480436788454e+00
P1: -9.600000000000e+02 0.000000000000e+00 5.542562584220e+02 2.483885103402e+02 -3.600000000000e+02 5.542562584220e+02 2.204364238465e-14 -3.724756097125e+02 -1.000000000000e+00 0.000000000000e+00 6.123233995737e-17 -1.034654471424e+00
P2: 5.542562584220e+02 0.000000000000e+00 9.600000000000e+02 0.000000000000e+00 0.000000000000e+00 5.542562584220e+02 3.600000000000e+02 0.000000000000e+00 0.000000000000e+00 0.000000000000e+00 1.000000000000e+00 0.000000000000e+00
P3: 5.542562584220e+02 0.000000000000e+00 9.600000000000e+02 -4.434070417125e+02 0.000000000000e+00 5.542562584220e+02 3.600000000000e+02 0.000000000000e+00 0.000000000000e+00 0.000000000000e+00 1.000000000000e+00 0.000000000000e+00
P4: 9.600000000000e+02 0.000000000000e+00 -5.542562584220e+02 -2.234936116165e+03 3.600000000000e+02 5.542562584220e+02 2.204364238465e-14 -3.724810874462e+02 1.000000000000e+00 0.000000000000e+00 6.123233995737e-17 -1.034669687351e+00
P5: 5.542562584220e+02 9.600000000000e+02 5.878304635907e-14 2.399999794006e+04 0.000000000000e+00 9.600000000000e+02 -5.542562584220e+02 2.399999794006e+04 0.000000000000e+00 1.000000000000e+00 6.123233995737e-17 2.499999785423e+01
R0_rect: 1.000000000000e+00 0.000000000000e+00 0.000000000000e+00 0.000000000000e+00 1.000000000000e+00 0.000000000000e+00 0.000000000000e+00 0.000000000000e+00 1.000000000000e+00
Tr_velo_to_p2: 0.000000000000e+00 -1.000000000000e+00 0.000000000000e+00 4.311338835592e-06 0.000000000000e+00 0.000000000000e+00 -1.000000000000e+00 -5.000001153397e-01 1.000000000000e+00 0.000000000000e+00 0.000000000000e+00 -2.240223200488e+00
imu_to_world: -9.999134619961e-01 1.315430454729e-02 1.810826091647e-04 -1.073033142090e+02 -1.315430459844e-02 -9.999134783919e-01 9.085953591828e-07 8.800062561035e+01 1.810788935462e-04 -1.473499067279e-06 9.999999836041e-01 2.939407713711e-03
p2_to_world: 1.315430454729e-02 -1.810826091647e-04 -9.999134619961e-01 -1.095429763794e+02 -9.999134783919e-01 -9.085953591828e-07 -1.315430459844e-02 8.797116088867e+01 -1.473499067279e-06 -9.999999836041e-01 1.810788935462e-04 2.041136026382e+00
