P0: -5.542562584220e+02 0.000000000000e+00 -9.600000000000e+02 -4.301216759138e+03 -4.408728476930e-14 5.542562584220e+02 -3.600000000000e+02 -1.612956284677e+03 -1.224646799147e-16 0.000000000000e+00 -1.000000000000e+00 -4.480434124102e+00
P1: -9.600000000000e+02 0.000000000000e+00 5.542562584220e+02 2.483834881468e+02 -3.600000000000e+02 5.542562584220e+02 2.204364238465e-14 -3.724755658157e+02 -1.000000000000e+00 0.000000000000e+00 6.123233995737e-17 -1.034654349488e+00
P2: 5.542562584220e+02 0.000000000000e+00 9.600000000000e+02 0.000000000000e+00 0.000000000000e+00 5.542562584220e+02 3.600000000000e+02 0.000000000000e+00 0.000000000000e+00 0.000000000000e+00 1.000000000000e+00 0.000000000000e+00
P3: 5.542562584220e+02 0.000000000000e+00 9.600000000000e+02 -4.434079502938e+02 0.000000000000e+00 5.542562584220e+02 3.600000000000e+02 0.000000000000e+00 0.000000000000e+00 0.000000000000e+00 1.000000000000e+00 0.000000000000e+00
P4: 9.600000000000e+02 0.000000000000e+00 -5.542562584220e+02 -2.234932763979e+03 3.600000000000e+02 5.542562584220e+02 2.204364238465e-14 -3.724784351605e+02 1.000000000000e+00 0.000000000000e+00 6.123233995737e-17 -1.034662319890e+00
P5: 5.542562584220e+02 9.600000000000e+02 5.878304635907e-14 2.399998718262e+04 0.000000000000e+00 9.600000000000e+02 -5.542562584220e+02 2.399998718262e+04 0.000000000000e+00 1.000000000000e+00 6.123233995737e-17 2.499998664856e+01
R0_rect: 1.000000000000e+00 0.000000000000e+00 0.000000000000e+00 0.000000000000e+00 1.000000000000e+00 0.000000000000e+00 0.000000000000e+00 0.000000000000e+00 1.000000000000e+00
Tr_velo_to_p2: 0.000000000000e+00 -1.000000000000e+00 0.000000000000e+00 5.227982224468e-06 0.000000000000e+00 0.000000000000e+00 -1.000000000000e+00 -5.000002775166e-01 1.000000000000e+00 0.000000000000e+00 0.000000000000e+00 -2.240216838388e+00
imu_to_world: -9.999203807068e-01 1.257887911637e-02 1.002021668069e-03 -1.054599304199e+02 -1.257883702832e-02 -9.999208821335e-01 4.829444903291e-05 8.802552795410e+01 1.002549880289e-03 3.568633660153e-05 9.999994968100e-01 2.582124201581e-03
p2_to_world: 1.257887911637e-02 -1.002021668069e-03 -9.999203807068e-01 -1.076979293823e+02 -9.999208821335e-01 -4.829444903291e-05 -1.257883702832e-02 8.799745178223e+01 3.568633660153e-05 -9.999994968100e-01 1.002549880289e-03 2.042617797852e+00
