P0: -5.542562584220e+02 0.000000000000e+00 -9.600000000000e+02 -4.297290586144e+03 -4.408728476930e-14 5.542562584220e+02 -3.600000000000e+02 -1.611483969804e+03 -1.224646799147e-16 0.000000000000e+00 -1.000000000000e+00 -4.476344360567e+00
P1: -9.600000000000e+02 0.000000000000e+00 5.542562584220e+02 2.473029253319e+02 -3.600000000000e+02 5.542562584220e+02 2.204364238465e-14 -3.724757304493e+02 -1.000000000000e+00 0.000000000000e+00 6.123233995737e-17 -1.034654806804e+00
P2: 5.542562584220e+02 0.000000000000e+00 9.600000000000e+02 0.000000000000e+00 0.000000000000e+00 5.542562584220e+02 3.600000000000e+02 0.000000000000e+00 0.000000000000e+00 0.000000000000e+00 1.000000000000e+00 0.000000000000e+00
P3: 5.542562584220e+02 0.000000000000e+00 9.600000000000e+02 -4.434062729222e+02 0.000000000000e+00 5.542562584220e+02 3.600000000000e+02 0.000000000000e+00 0.000000000000e+00 0.000000000000e+00 1.000000000000e+00 0.000000000000e+00
P4: 9.600000000000e+02 0.000000000000e+00 -5.542562584220e+02 -2.233736814072e+03 3.600000000000e+02 5.542562584220e+02 2.204364238465e-14 -3.724754758599e+02 1.000000000000e+00 0.000000000000e+00 6.123233995737e-17 -1.034654099611e+00
P5: 5.542562584220e+02 9.600000000000e+02 5.878304635907e-14 2.397804279327e+04 0.000000000000e+00 9.600000000000e+02 -5.542562584220e+02 2.397804279327e+04 0.000000000000e+00 1.000000000000e+00 6.123233995737e-17 2.497712790966e+01
R0_rect: 1.000000000000e+00 0.000000000000e+00 0.000000000000e+00 0.000000000000e+00 1.000000000000e+00 0.000000000000e+00 0.000000000000e+00 0.000000000000e+00 1.000000000000e+00
Tr_velo_to_p2: 0.000000000000e+00 -1.000000000000e+00 0.000000000000e+00 5.515647345735e-06 0.000000000000e+00 0.000000000000e+00 -1.000000000000e+00 -5.000009216684e-01 1.000000000000e+00 0.000000000000e+00 0.000000000000e+00 -2.240206915048e+00
imu_to_world: -9.377890126737e-01 -3.449696724144e-01 -3.934072727957e-02 -1.178085632324e+02 3.445687722767e-01 -9.386113267743e-01 1.676718291089e-02 8.965217590332e+01 -4.270982182422e-02 2.168493808127e-03 9.990851659165e-01 2.163756266236e-02
p2_to_world: -3.449696724144e-01 3.934072727957e-02 -9.377890126737e-01 -1.199895782471e+02 -9.386113267743e-01 -1.676718291089e-02 3.445687722767e-01 9.045825195312e+01 2.168493808127e-03 -9.990851659165e-01 -4.270982182422e-02 1.961884617805e+00
