P0: -5.542562584220e+02 0.000000000000e+00 -9.600000000000e+02 -4.301191920403e+03 -4.408728476930e-14 5.542562584220e+02 -3.600000000000e+02 -1.612946970151e+03 -1.224646799147e-16 0.000000000000e+00 -1.000000000000e+00 -4.480408250420e+00
P1: -9.600000000000e+02 0.000000000000e+00 5.542562584220e+02 2.483743024274e+02 -3.600000000000e+02 5.542562584220e+02 2.204364238465e-14 -3.724774734696e+02 -1.000000000000e+00 0.000000000000e+00 6.123233995737e-17 -1.034659648527e+00
P2: 5.542562584220e+02 0.000000000000e+00 9.600000000000e+02 0.000000000000e+00 0.000000000000e+00 5.542562584220e+02 3.600000000000e+02 0.000000000000e+00 0.000000000000e+00 0.000000000000e+00 1.000000000000e+00 0.000000000000e+00
P3: 5.542562584220e+02 0.000000000000e+00 9.600000000000e+02 -4.434020544002e+02 0.000000000000e+00 5.542562584220e+02 3.600000000000e+02 0.000000000000e+00 0.000000000000e+00 0.000000000000e+00 1.000000000000e+00 0.000000000000e+00
P4: 9.600000000000e+02 0.000000000000e+00 -5.542562584220e+02 -2.234915469424e+03 3.600000000000e+02 5.542562584220e+02 2.204364238465e-14 -3.724757705087e+02 1.000000000000e+00 0.000000000000e+00 6.123233995737e-17 -1.034654918080e+00
P5: 5.542562584220e+02 9.600000000000e+02 5.878304635907e-14 2.399987411499e+04 0.000000000000e+00 9.600000000000e+02 -5.542562584220e+02 2.399987411499e+04 0.000000000000e+00 1.000000000000e+00 6.123233995737e-17 2.499986886978e+01
R0_rect: 1.000000000000e+00 0.000000000000e+00 0.000000000000e+00 0.000000000000e+00 1.000000000000e+00 0.000000000000e+00 0.000000000000e+00 0.000000000000e+00 1.000000000000e+00
Tr_velo_to_p2: 0.000000000000e+00 -1.000000000000e+00 0.000000000000e+00 1.437664906073e-06 0.000000000000e+00 0.000000000000e+00 -1.000000000000e+00 -5.000001929646e-01 1.000000000000e+00 0.000000000000e+00 0.000000000000e+00 -2.240217466051e+00
imu_to_world: -9.998907861378e-01 1.441955634964e-02 3.239165242746e-03 -1.092027435303e+02 -1.442017565186e-02 -9.998960097620e-01 -1.679174111178e-04 8.797483825684e+01 3.236407106609e-03 -2.146084039746e-04 9.999947397923e-01 1.613266416825e-03
p2_to_world: 1.441955634964e-02 -3.239165242746e-03 -9.998907861378e-01 -1.114361114502e+02 -9.998960097620e-01 1.679174111178e-04 -1.442017565186e-02 8.794219207764e+01 -2.146084039746e-04 -9.999947397923e-01 3.236407106609e-03 2.046643733978e+00
