P0: -5.542562584220e+02 0.000000000000e+00 -9.600000000000e+02 -4.301123590379e+03 -4.408728476930e-14 5.542562584220e+02 -3.600000000000e+02 -1.612921346392e+03 -1.224646799147e-16 0.000000000000e+00 -1.000000000000e+00 -4.480337073311e+00
P1: -9.600000000000e+02 0.000000000000e+00 5.542562584220e+02 2.483568440470e+02 -3.600000000000e+02 5.542562584220e+02 2.204364238465e-14 -3.724752312154e+02 -1.000000000000e+00 0.000000000000e+00 6.123233995737e-17 -1.034653420043e+00
P2: 5.542562584220e+02 0.000000000000e+00 9.600000000000e+02 0.000000000000e+00 0.000000000000e+00 5.542562584220e+02 3.600000000000e+02 0.000000000000e+00 0.000000000000e+00 0.000000000000e+00 1.000000000000e+00 0.000000000000e+00
P3: 5.542562584220e+02 0.000000000000e+00 9.600000000000e+02 -4.434058292208e+02 0.000000000000e+00 5.542562584220e+02 3.600000000000e+02 0.000000000000e+00 0.000000000000e+00 0.000000000000e+00 1.000000000000e+00 0.000000000000e+00
P4: 9.600000000000e+02 0.000000000000e+00 -5.542562584220e+02 -2.234900732725e+03 3.600000000000e+02 5.542562584220e+02 2.204364238465e-14 -3.724778593158e+02 1.000000000000e+00 0.000000000000e+00 6.123233995737e-17 -1.034660720322e+00
P5: 5.542562584220e+02 9.600000000000e+02 5.878304635907e-14 2.399951728821e+04 0.000000000000e+00 9.600000000000e+02 -5.542562584220e+02 2.399951728821e+04 0.000000000000e+00 1.000000000000e+00 6.123233995737e-17 2.499949717522e+01
R0_rect: 1.000000000000e+00 0.000000000000e+00 0.000000000000e+00 0.000000000000e+00 1.000000000000e+00 0.000000000000e+00 0.000000000000e+00 0.000000000000e+00 1.000000000000e+00
Tr_velo_to_p2: 0.000000000000e+00 -1.000000000000e+00 0.000000000000e+00 5.815266288403e-07 0.000000000000e+00 0.000000000000e+00 -1.000000000000e+00 -4.999999182830e-01 1.000000000000e+00 0.000000000000e+00 0.000000000000e+00 -2.240208359610e+00
imu_to_world: -9.998576640982e-01 1.563072413979e-02 6.350748534424e-03 -1.086376724243e+02 -1.563020584009e-02 -9.998778322583e-01 1.312394712029e-04 8.798185729980e+01 6.352024045788e-03 3.195728428274e-05 9.999798251811e-01 2.582097076811e-04
p2_to_world: 1.563072413979e-02 -6.350748534424e-03 -9.998576640982e-01 -1.108646240234e+02 -9.998778322583e-01 -1.312394712029e-04 -1.563020584009e-02 8.794710540771e+01 3.195728428274e-05 -9.999798251811e-01 6.352024045788e-03 2.052237749100e+00
