P0: -5.542562584220e+02 0.000000000000e+00 -9.600000000000e+02 -4.301079252569e+03 -4.408728476930e-14 5.542562584220e+02 -3.600000000000e+02 -1.612904719713e+03 -1.224646799147e-16 0.000000000000e+00 -1.000000000000e+00 -4.480290888093e+00
P1: -9.600000000000e+02 0.000000000000e+00 5.542562584220e+02 2.483481885405e+02 -3.600000000000e+02 5.542562584220e+02 2.204364238465e-14 -3.724744245283e+02 -1.000000000000e+00 0.000000000000e+00 6.123233995737e-17 -1.034651179245e+00
P2: 5.542562584220e+02 0.000000000000e+00 9.600000000000e+02 0.000000000000e+00 0.000000000000e+00 5.542562584220e+02 3.600000000000e+02 0.000000000000e+00 0.000000000000e+00 0.000000000000e+00 1.000000000000e+00 0.000000000000e+00
P3: 5.542562584220e+02 0.000000000000e+00 9.600000000000e+02 -4.434061564563e+02 0.000000000000e+00 5.542562584220e+02 3.600000000000e+02 0.000000000000e+00 0.000000000000e+00 0.000000000000e+00 1.000000000000e+00 0.000000000000e+00
P4: 9.600000000000e+02 0.000000000000e+00 -5.542562584220e+02 -2.234890984658e+03 3.600000000000e+02 5.542562584220e+02 2.204364238465e-14 -3.724781610026e+02 1.000000000000e+00 0.000000000000e+00 6.123233995737e-17 -1.034661558341e+00
P5: 5.542562584220e+02 9.600000000000e+02 5.878304635907e-14 2.399923667908e+04 0.000000000000e+00 9.600000000000e+02 -5.542562584220e+02 2.399923667908e+04 0.000000000000e+00 1.000000000000e+00 6.123233995737e-17 2.499920487404e+01
R0_rect: 1.000000000000e+00 0.000000000000e+00 0.000000000000e+00 0.000000000000e+00 1.000000000000e+00 0.000000000000e+00 0.000000000000e+00 0.000000000000e+00 1.000000000000e+00
Tr_velo_to_p2: 0.000000000000e+00 -1.000000000000e+00 0.000000000000e+00 1.549810143114e-06 0.000000000000e+00 0.000000000000e+00 -1.000000000000e+00 -4.999998323869e-01 1.000000000000e+00 0.000000000000e+00 0.000000000000e+00 -2.240216842549e+00
imu_to_world: -9.998835889647e-01 1.300960511059e-02 7.972370658109e-03 -1.070543136597e+02 -1.300849505196e-02 -9.999153676912e-01 1.910796862739e-04 8.800405120850e+01 7.974181809237e-03 8.734889823141e-05 9.999682018918e-01 -4.298853746150e-04
p2_to_world: 1.300960511059e-02 -7.972370658109e-03 -9.998835889647e-01 -1.092780227661e+02 -9.999153676912e-01 -1.910796862739e-04 -1.300849505196e-02 8.797530364990e+01 8.734889823141e-05 -9.999682018918e-01 7.974181809237e-03 2.055160284042e+00
