P0: -5.542562584220e+02 0.000000000000e+00 -9.600000000000e+02 -4.301219316916e+03 -4.408728476930e-14 5.542562584220e+02 -3.600000000000e+02 -1.612957243844e+03 -1.224646799147e-16 0.000000000000e+00 -1.000000000000e+00 -4.480436788454e+00
P1: -9.600000000000e+02 0.000000000000e+00 5.542562584220e+02 2.483885103402e+02 -3.600000000000e+02 5.542562584220e+02 2.204364238465e-14 -3.724756097125e+02 -1.000000000000e+00 0.000000000000e+00 6.123233995737e-17 -1.034654471424e+00
P2: 5.542562584220e+02 0.000000000000e+00 9.600000000000e+02 0.000000000000e+00 0.000000000000e+00 5.542562584220e+02 3.600000000000e+02 0.000000000000e+00 0.000000000000e+00 0.000000000000e+00 1.000000000000e+00 0.000000000000e+00
P3: 5.542562584220e+02 0.000000000000e+00 9.600000000000e+02 -4.434069860877e+02 0.000000000000e+00 5.542562584220e+02 3.600000000000e+02 0.000000000000e+00 0.000000000000e+00 0.000000000000e+00 1.000000000000e+00 0.000000000000e+00
P4: 9.600000000000e+02 0.000000000000e+00 -5.542562584220e+02 -2.234921580245e+03 3.600000000000e+02 5.542562584220e+02 2.204364238465e-14 -3.724755947574e+02 1.000000000000e+00 0.000000000000e+00 6.123233995737e-17 -1.034654429882e+00
P5: 5.542562584220e+02 9.600000000000e+02 5.878304635907e-14 2.399999862671e+04 0.000000000000e+00 9.600000000000e+02 -5.542562584220e+02 2.399999862671e+04 0.000000000000e+00 1.000000000000e+00 6.123233995737e-17 2.499999856949e+01
R0_rect: 1.000000000000e+00 0.000000000000e+00 0.000000000000e+00 0.000000000000e+00 1.000000000000e+00 0.000000000000e+00 0.000000000000e+00 0.000000000000e+00 1.000000000000e+00
Tr_velo_to_p2: 0.000000000000e+00 -1.000000000000e+00 0.000000000000e+00 2.382731185200e-06 0.000000000000e+00 0.000000000000e+00 -1.000000000000e+00 -5.000000810741e-01 1.000000000000e+00 0.000000000000e+00 0.000000000000e+00 -2.240209530480e+00
imu_to_world: -9.999134732320e-01 1.315430441532e-02 1.016091578447e-04 -1.073032684326e+02 -1.315430474626e-02 -9.999134783870e-01 -2.589308955516e-06 8.800063323975e+01 1.015663058983e-04 -3.925682738281e-06 9.999999948344e-01 2.973778173327e-03
p2_to_world: 1.315430441532e-02 -1.016091578447e-04 -9.999134732320e-01 -1.095430831909e+02 -9.999134783870e-01 2.589308955516e-06 -1.315430474626e-02 8.797116088867e+01 -3.925682738281e-06 -9.999999948344e-01 1.015663058983e-04 2.040992259979e+00
