P0: -5.542562584220e+02 0.000000000000e+00 -9.600000000000e+02 -4.301204685158e+03 -4.408728476930e-14 5.542562584220e+02 -3.600000000000e+02 -1.612951756934e+03 -1.224646799147e-16 0.000000000000e+00 -1.000000000000e+00 -4.480421547039e+00
P1: -9.600000000000e+02 0.000000000000e+00 5.542562584220e+02 2.483830979385e+02 -3.600000000000e+02 5.542562584220e+02 2.204364238465e-14 -3.724739946514e+02 -1.000000000000e+00 0.000000000000e+00 6.123233995737e-17 -1.034649985143e+00
P2: 5.542562584220e+02 0.000000000000e+00 9.600000000000e+02 0.000000000000e+00 0.000000000000e+00 5.542562584220e+02 3.600000000000e+02 0.000000000000e+00 0.000000000000e+00 0.000000000000e+00 1.000000000000e+00 0.000000000000e+00
P3: 5.542562584220e+02 0.000000000000e+00 9.600000000000e+02 -4.434075719528e+02 0.000000000000e+00 5.542562584220e+02 3.600000000000e+02 0.000000000000e+00 0.000000000000e+00 0.000000000000e+00 1.000000000000e+00 0.000000000000e+00
P4: 9.600000000000e+02 0.000000000000e+00 -5.542562584220e+02 -2.234927047598e+03 3.600000000000e+02 5.542562584220e+02 2.204364238465e-14 -3.724787769364e+02 1.000000000000e+00 0.000000000000e+00 6.123233995737e-17 -1.034663269268e+00
P5: 5.542562584220e+02 9.600000000000e+02 5.878304635907e-14 2.399993774414e+04 0.000000000000e+00 9.600000000000e+02 -5.542562584220e+02 2.399993774414e+04 0.000000000000e+00 1.000000000000e+00 6.123233995737e-17 2.499993515015e+01
R0_rect: 1.000000000000e+00 0.000000000000e+00 0.000000000000e+00 0.000000000000e+00 1.000000000000e+00 0.000000000000e+00 0.000000000000e+00 0.000000000000e+00 1.000000000000e+00
Tr_velo_to_p2: 0.000000000000e+00 -1.000000000000e+00 0.000000000000e+00 3.847209281897e-06 0.000000000000e+00 0.000000000000e+00 -1.000000000000e+00 -4.999999893444e-01 1.000000000000e+00 0.000000000000e+00 0.000000000000e+00 -2.240213457404e+00
imu_to_world: -9.998903275168e-01 1.462700195310e-02 -2.320291413350e-03 -1.076982269287e+02 -1.462685127035e-02 -9.998930185348e-01 -8.189822784854e-05 8.799578857422e+01 -2.321241110713e-03 -4.795068845959e-05 9.999973047666e-01 4.022400360554e-03
p2_to_world: 1.462700195310e-02 2.320291413350e-03 -9.998903275168e-01 -1.099429244995e+02 -9.998930185348e-01 8.189822784854e-05 -1.462685127035e-02 8.796286010742e+01 -4.795068845959e-05 -9.999973047666e-01 -2.321241110713e-03 2.036607742310e+00
