P0: -5.542562584220e+02 0.000000000000e+00 -9.600000000000e+02 -4.301188227955e+03 -4.408728476930e-14 5.542562584220e+02 -3.600000000000e+02 -1.612945585483e+03 -1.224646799147e-16 0.000000000000e+00 -1.000000000000e+00 -4.480404404120e+00
P1: -9.600000000000e+02 0.000000000000e+00 5.542562584220e+02 2.483860264000e+02 -3.600000000000e+02 5.542562584220e+02 2.204364238465e-14 -3.724749302541e+02 -1.000000000000e+00 0.000000000000e+00 6.123233995737e-17 -1.034652584039e+00
P2: 5.542562584220e+02 0.000000000000e+00 9.600000000000e+02 0.000000000000e+00 0.000000000000e+00 5.542562584220e+02 3.600000000000e+02 0.000000000000e+00 0.000000000000e+00 0.000000000000e+00 1.000000000000e+00 0.000000000000e+00
P3: 5.542562584220e+02 0.000000000000e+00 9.600000000000e+02 -4.434081763652e+02 0.000000000000e+00 5.542562584220e+02 3.600000000000e+02 0.000000000000e+00 0.000000000000e+00 0.000000000000e+00 1.000000000000e+00 0.000000000000e+00
P4: 9.600000000000e+02 0.000000000000e+00 -5.542562584220e+02 -2.234925748174e+03 3.600000000000e+02 5.542562584220e+02 2.204364238465e-14 -3.724791143643e+02 1.000000000000e+00 0.000000000000e+00 6.123233995737e-17 -1.034664206567e+00
P5: 5.542562584220e+02 9.600000000000e+02 5.878304635907e-14 2.399984848022e+04 0.000000000000e+00 9.600000000000e+02 -5.542562584220e+02 2.399984848022e+04 0.000000000000e+00 1.000000000000e+00 6.123233995737e-17 2.499984216690e+01
R0_rect: 1.000000000000e+00 0.000000000000e+00 0.000000000000e+00 0.000000000000e+00 1.000000000000e+00 0.000000000000e+00 0.000000000000e+00 0.000000000000e+00 1.000000000000e+00
Tr_velo_to_p2: 0.000000000000e+00 -1.000000000000e+00 0.000000000000e+00 8.695012993974e-06 0.000000000000e+00 0.000000000000e+00 -1.000000000000e+00 -4.999998757585e-01 1.000000000000e+00 0.000000000000e+00 0.000000000000e+00 -2.240217231820e+00
imu_to_world: -9.999815670638e-01 5.072871731836e-03 3.336391025978e-03 -1.101584548950e+02 -5.077000339589e-03 -9.999863553135e-01 -1.230144021310e-03 8.797644042969e+01 3.330105139136e-03 -1.247060204515e-03 9.999936776003e-01 1.567566301674e-03
p2_to_world: 5.072871731836e-03 -3.336391025978e-03 -9.999815670638e-01 -1.123918304443e+02 -9.999863553135e-01 1.230144021310e-03 -5.077000339589e-03 8.796257019043e+01 -1.247060204515e-03 -9.999936776003e-01 3.330105139136e-03 2.046805858612e+00
