P0: -5.542562584220e+02 0.000000000000e+00 -9.600000000000e+02 -4.301219316916e+03 -4.408728476930e-14 5.542562584220e+02 -3.600000000000e+02 -1.612957243844e+03 -1.224646799147e-16 0.000000000000e+00 -1.000000000000e+00 -4.480436788454e+00
P1: -9.600000000000e+02 0.000000000000e+00 5.542562584220e+02 2.483885103402e+02 -3.600000000000e+02 5.542562584220e+02 2.204364238465e-14 -3.724756097125e+02 -1.000000000000e+00 0.000000000000e+00 6.123233995737e-17 -1.034654471424e+00
P2: 5.542562584220e+02 0.000000000000e+00 9.600000000000e+02 0.000000000000e+00 0.000000000000e+00 5.542562584220e+02 3.600000000000e+02 0.000000000000e+00 0.000000000000e+00 0.000000000000e+00 1.000000000000e+00 0.000000000000e+00
P3: 5.542562584220e+02 0.000000000000e+00 9.600000000000e+02 -4.434070417125e+02 0.000000000000e+00 5.542562584220e+02 3.600000000000e+02 0.000000000000e+00 0.000000000000e+00 0.000000000000e+00 1.000000000000e+00 0.000000000000e+00
P4: 9.600000000000e+02 0.000000000000e+00 -5.542562584220e+02 -2.234921580245e+03 3.600000000000e+02 5.542562584220e+02 2.204364238465e-14 -3.724755947574e+02 1.000000000000e+00 0.000000000000e+00 6.123233995737e-17 -1.034654429882e+00
P5: 5.542562584220e+02 9.600000000000e+02 5.878304635907e-14 2.399996406555e+04 0.000000000000e+00 9.600000000000e+02 -5.542562584220e+02 2.399996406555e+04 0.000000000000e+00 1.000000000000e+00 6.123233995737e-17 2.499996256828e+01
R0_rect: 1.000000000000e+00 0.000000000000e+00 0.000000000000e+00 0.000000000000e+00 1.000000000000e+00 0.000000000000e+00 0.000000000000e+00 0.000000000000e+00 1.000000000000e+00
Tr_velo_to_p2: 0.000000000000e+00 -1.000000000000e+00 0.000000000000e+00 -1.762149591661e-07 0.000000000000e+00 0.000000000000e+00 -1.000000000000e+00 -5.000000810008e-01 1.000000000000e+00 0.000000000000e+00 0.000000000000e+00 -2.240225705539e+00
imu_to_world: -9.999120674846e-01 1.315438373240e-02 -1.679132908082e-03 -1.073026962280e+02 -1.315428625303e-02 -9.999134762471e-01 -6.908458918822e-05 8.800067138672e+01 -1.679896388397e-03 -4.699071947673e-05 9.999985878690e-01 3.745834808797e-03
p2_to_world: 1.315438373240e-02 1.679132908082e-03 -9.999120674846e-01 -1.095461425781e+02 -9.999134762471e-01 6.908458918822e-05 -1.315428625303e-02 8.797106170654e+01 -4.699071947673e-05 -9.999985878690e-01 -1.679896388397e-03 2.037770509720e+00
