P0: -5.542562584220e+02 0.000000000000e+00 -9.600000000000e+02 -4.301215109070e+03 -4.408728476930e-14 5.542562584220e+02 -3.600000000000e+02 -1.612955665901e+03 -1.224646799147e-16 0.000000000000e+00 -1.000000000000e+00 -4.480432405282e+00
P1: -9.600000000000e+02 0.000000000000e+00 5.542562584220e+02 2.483755660044e+02 -3.600000000000e+02 5.542562584220e+02 2.204364238465e-14 -3.724785026965e+02 -1.000000000000e+00 0.000000000000e+00 6.123233995737e-17 -1.034662507490e+00
P2: 5.542562584220e+02 0.000000000000e+00 9.600000000000e+02 0.000000000000e+00 0.000000000000e+00 5.542562584220e+02 3.600000000000e+02 0.000000000000e+00 0.000000000000e+00 0.000000000000e+00 1.000000000000e+00 0.000000000000e+00
P3: 5.542562584220e+02 0.000000000000e+00 9.600000000000e+02 -4.434054948238e+02 0.000000000000e+00 5.542562584220e+02 3.600000000000e+02 0.000000000000e+00 0.000000000000e+00 0.000000000000e+00 1.000000000000e+00 0.000000000000e+00
P4: 9.600000000000e+02 0.000000000000e+00 -5.542562584220e+02 -2.234923499272e+03 3.600000000000e+02 5.542562584220e+02 2.204364238465e-14 -3.724768498993e+02 1.000000000000e+00 0.000000000000e+00 6.123233995737e-17 -1.034657916387e+00
P5: 5.542562584220e+02 9.600000000000e+02 5.878304635907e-14 2.399999336243e+04 0.000000000000e+00 9.600000000000e+02 -5.542562584220e+02 2.399999336243e+04 0.000000000000e+00 1.000000000000e+00 6.123233995737e-17 2.499999308586e+01
R0_rect: 1.000000000000e+00 0.000000000000e+00 0.000000000000e+00 0.000000000000e+00 1.000000000000e+00 0.000000000000e+00 0.000000000000e+00 0.000000000000e+00 1.000000000000e+00
Tr_velo_to_p2: 0.000000000000e+00 -1.000000000000e+00 0.000000000000e+00 2.001254473710e-06 0.000000000000e+00 0.000000000000e+00 -1.000000000000e+00 -4.999998279379e-01 1.000000000000e+00 0.000000000000e+00 0.000000000000e+00 -2.240210862219e+00
imu_to_world: -9.999261116107e-01 1.213331887502e-02 7.442393359173e-04 -1.050026626587e+02 -1.213332715687e-02 -9.999263884549e-01 -6.613730704159e-06 8.803176879883e+01 7.441043048062e-04 -1.564334137195e-05 9.999997230320e-01 2.694314345717e-03
p2_to_world: 1.213331887502e-02 -7.442393359173e-04 -9.999261116107e-01 -1.072411956787e+02 -9.999263884549e-01 6.613730704159e-06 -1.213332715687e-02 8.800457000732e+01 -1.564334137195e-05 -9.999997230320e-01 7.441043048062e-04 2.042151689529e+00
