P0: -5.542562584220e+02 0.000000000000e+00 -9.600000000000e+02 -4.301204216536e+03 -4.408728476930e-14 5.542562584220e+02 -3.600000000000e+02 -1.612951581201e+03 -1.224646799147e-16 0.000000000000e+00 -1.000000000000e+00 -4.480421058891e+00
P1: -9.600000000000e+02 0.000000000000e+00 5.542562584220e+02 2.483695132731e+02 -3.600000000000e+02 5.542562584220e+02 2.204364238465e-14 -3.724790615268e+02 -1.000000000000e+00 0.000000000000e+00 6.123233995737e-17 -1.034664059797e+00
P2: 5.542562584220e+02 0.000000000000e+00 9.600000000000e+02 0.000000000000e+00 0.000000000000e+00 5.542562584220e+02 3.600000000000e+02 0.000000000000e+00 0.000000000000e+00 0.000000000000e+00 1.000000000000e+00 0.000000000000e+00
P3: 5.542562584220e+02 0.000000000000e+00 9.600000000000e+02 -4.433979651253e+02 0.000000000000e+00 5.542562584220e+02 3.600000000000e+02 0.000000000000e+00 0.000000000000e+00 0.000000000000e+00 1.000000000000e+00 0.000000000000e+00
P4: 9.600000000000e+02 0.000000000000e+00 -5.542562584220e+02 -2.234912154341e+03 3.600000000000e+02 5.542562584220e+02 2.204364238465e-14 -3.724731950304e+02 1.000000000000e+00 0.000000000000e+00 6.123233995737e-17 -1.034647763973e+00
P5: 5.542562584220e+02 9.600000000000e+02 5.878304635907e-14 2.399987113953e+04 0.000000000000e+00 9.600000000000e+02 -5.542562584220e+02 2.399987113953e+04 0.000000000000e+00 1.000000000000e+00 6.123233995737e-17 2.499986577034e+01
R0_rect: 1.000000000000e+00 0.000000000000e+00 0.000000000000e+00 0.000000000000e+00 1.000000000000e+00 0.000000000000e+00 0.000000000000e+00 0.000000000000e+00 1.000000000000e+00
Tr_velo_to_p2: 0.000000000000e+00 -1.000000000000e+00 0.000000000000e+00 -7.167375962928e-06 0.000000000000e+00 0.000000000000e+00 -1.000000000000e+00 -4.999999990608e-01 1.000000000000e+00 0.000000000000e+00 0.000000000000e+00 -2.240220771416e+00
imu_to_world: -9.998810268468e-01 1.507634560188e-02 3.261281211241e-03 -1.090046463013e+02 -1.507656884305e-02 -9.998863411142e-01 -4.387688893588e-05 8.797692871094e+01 3.260249034511e-03 -9.304059946185e-05 9.999946810457e-01 1.599342795089e-03
p2_to_world: 1.507634560188e-02 -3.261281211241e-03 -9.998810268468e-01 -1.112379531860e+02 -9.998863411142e-01 4.387688893588e-05 -1.507656884305e-02 8.794306182861e+01 -9.304059946185e-05 -9.999946810457e-01 3.260249034511e-03 2.046683073044e+00
