P0: -5.542562584220e+02 0.000000000000e+00 -9.600000000000e+02 -4.300989810045e+03 -4.408728476930e-14 5.542562584220e+02 -3.600000000000e+02 -1.612871178767e+03 -1.224646799147e-16 0.000000000000e+00 -1.000000000000e+00 -4.480197718797e+00
P1: -9.600000000000e+02 0.000000000000e+00 5.542562584220e+02 2.483120558422e+02 -3.600000000000e+02 5.542562584220e+02 2.204364238465e-14 -3.724795577181e+02 -1.000000000000e+00 0.000000000000e+00 6.123233995737e-17 -1.034665438106e+00
P2: 5.542562584220e+02 0.000000000000e+00 9.600000000000e+02 0.000000000000e+00 0.000000000000e+00 5.542562584220e+02 3.600000000000e+02 0.000000000000e+00 0.000000000000e+00 0.000000000000e+00 1.000000000000e+00 0.000000000000e+00
P3: 5.542562584220e+02 0.000000000000e+00 9.600000000000e+02 -4.434028138714e+02 0.000000000000e+00 5.542562584220e+02 3.600000000000e+02 0.000000000000e+00 0.000000000000e+00 0.000000000000e+00 1.000000000000e+00 0.000000000000e+00
P4: 9.600000000000e+02 0.000000000000e+00 -5.542562584220e+02 -2.234864902072e+03 3.600000000000e+02 5.542562584220e+02 2.204364238465e-14 -3.724761365319e+02 1.000000000000e+00 0.000000000000e+00 6.123233995737e-17 -1.034655934811e+00
P5: 5.542562584220e+02 9.600000000000e+02 5.878304635907e-14 2.399873611450e+04 0.000000000000e+00 9.600000000000e+02 -5.542562584220e+02 2.399873611450e+04 0.000000000000e+00 1.000000000000e+00 6.123233995737e-17 2.499868345261e+01
R0_rect: 1.000000000000e+00 0.000000000000e+00 0.000000000000e+00 0.000000000000e+00 1.000000000000e+00 0.000000000000e+00 0.000000000000e+00 0.000000000000e+00 1.000000000000e+00
Tr_velo_to_p2: 0.000000000000e+00 -1.000000000000e+00 0.000000000000e+00 6.524317573105e-07 0.000000000000e+00 0.000000000000e+00 -1.000000000000e+00 -5.000000394255e-01 1.000000000000e+00 0.000000000000e+00 0.000000000000e+00 -2.240219999143e+00
imu_to_world: -9.998513293850e-01 1.386799567832e-02 1.024684453303e-02 -1.076196975708e+02 -1.386564063813e-02 -9.999038221274e-01 3.008398520572e-04 8.799650573730e+01 1.025003105910e-02 1.587160620416e-04 9.999474544557e-01 -1.445434056222e-03
p2_to_world: 1.386799567832e-02 -1.024684453303e-02 -9.998513293850e-01 -1.098386993408e+02 -9.999038221274e-01 -3.008398520572e-04 -1.386564063813e-02 8.796604919434e+01 1.587160620416e-04 -9.999474544557e-01 1.025003105910e-02 2.059200763702e+00
