P0: -5.542562584220e+02 0.000000000000e+00 -9.600000000000e+02 -4.300711926090e+03 -4.408728476930e-14 5.542562584220e+02 -3.600000000000e+02 -1.612766972284e+03 -1.224646799147e-16 0.000000000000e+00 -1.000000000000e+00 -4.479908256343e+00
P1: -9.600000000000e+02 0.000000000000e+00 5.542562584220e+02 2.482252578915e+02 -3.600000000000e+02 5.542562584220e+02 2.204364238465e-14 -3.724796499403e+02 -1.000000000000e+00 0.000000000000e+00 6.123233995737e-17 -1.034665694279e+00
P2: 5.542562584220e+02 0.000000000000e+00 9.600000000000e+02 0.000000000000e+00 0.000000000000e+00 5.542562584220e+02 3.600000000000e+02 0.000000000000e+00 0.000000000000e+00 0.000000000000e+00 1.000000000000e+00 0.000000000000e+00
P3: 5.542562584220e+02 0.000000000000e+00 9.600000000000e+02 -4.433967910833e+02 0.000000000000e+00 5.542562584220e+02 3.600000000000e+02 0.000000000000e+00 0.000000000000e+00 0.000000000000e+00 1.000000000000e+00 0.000000000000e+00
P4: 9.600000000000e+02 0.000000000000e+00 -5.542562584220e+02 -2.234779731252e+03 3.600000000000e+02 5.542562584220e+02 2.204364238465e-14 -3.724756171593e+02 1.000000000000e+00 0.000000000000e+00 6.123233995737e-17 -1.034654492109e+00
P5: 5.542562584220e+02 9.600000000000e+02 5.878304635907e-14 2.399718383789e+04 0.000000000000e+00 9.600000000000e+02 -5.542562584220e+02 2.399718383789e+04 0.000000000000e+00 1.000000000000e+00 6.123233995737e-17 2.499706649780e+01
R0_rect: 1.000000000000e+00 0.000000000000e+00 0.000000000000e+00 0.000000000000e+00 1.000000000000e+00 0.000000000000e+00 0.000000000000e+00 0.000000000000e+00 1.000000000000e+00
Tr_velo_to_p2: 0.000000000000e+00 -1.000000000000e+00 0.000000000000e+00 -6.974466790856e-07 0.000000000000e+00 0.000000000000e+00 -1.000000000000e+00 -4.999999290139e-01 1.000000000000e+00 0.000000000000e+00 0.000000000000e+00 -2.240216321840e+00
imu_to_world: -9.396920631494e-01 -3.417081907462e-01 -1.464031526401e-02 -1.176457977295e+02 3.416796075445e-01 -9.398057763518e-01 4.488710741677e-03 8.960114288330e+01 -1.529288207905e-02 -7.842913160081e-04 9.998827494486e-01 9.698403067887e-03
p2_to_world: -3.417081907462e-01 1.464031526401e-02 -9.396920631494e-01 -1.197807464600e+02 -9.398057763518e-01 -4.488710741677e-03 3.416796075445e-01 9.037571716309e+01 -7.842913160081e-04 -9.998827494486e-01 -1.529288207905e-02 2.012990951538e+00
