P0: -5.542562584220e+02 0.000000000000e+00 -9.600000000000e+02 -4.301204852951e+03 -4.408728476930e-14 5.542562584220e+02 -3.600000000000e+02 -1.612951819857e+03 -1.224646799147e-16 0.000000000000e+00 -1.000000000000e+00 -4.480421721824e+00
P1: -9.600000000000e+02 0.000000000000e+00 5.542562584220e+02 2.483757303991e+02 -3.600000000000e+02 5.542562584220e+02 2.204364238465e-14 -3.724784480511e+02 -1.000000000000e+00 0.000000000000e+00 6.123233995737e-17 -1.034662355698e+00
P2: 5.542562584220e+02 0.000000000000e+00 9.600000000000e+02 0.000000000000e+00 0.000000000000e+00 5.542562584220e+02 3.600000000000e+02 0.000000000000e+00 0.000000000000e+00 0.000000000000e+00 1.000000000000e+00 0.000000000000e+00
P3: 5.542562584220e+02 0.000000000000e+00 9.600000000000e+02 -4.434045853559e+02 0.000000000000e+00 5.542562584220e+02 3.600000000000e+02 0.000000000000e+00 0.000000000000e+00 0.000000000000e+00 1.000000000000e+00 0.000000000000e+00
P4: 9.600000000000e+02 0.000000000000e+00 -5.542562584220e+02 -2.234923914212e+03 3.600000000000e+02 5.542562584220e+02 2.204364238465e-14 -3.724776473959e+02 1.000000000000e+00 0.000000000000e+00 6.123233995737e-17 -1.034660131655e+00
P5: 5.542562584220e+02 9.600000000000e+02 5.878304635907e-14 2.399996818542e+04 0.000000000000e+00 9.600000000000e+02 -5.542562584220e+02 2.399996818542e+04 0.000000000000e+00 1.000000000000e+00 6.123233995737e-17 2.499996685982e+01
R0_rect: 1.000000000000e+00 0.000000000000e+00 0.000000000000e+00 0.000000000000e+00 1.000000000000e+00 0.000000000000e+00 0.000000000000e+00 0.000000000000e+00 1.000000000000e+00
Tr_velo_to_p2: 0.000000000000e+00 -1.000000000000e+00 0.000000000000e+00 -7.180986076763e-06 0.000000000000e+00 0.000000000000e+00 -1.000000000000e+00 -4.999999078244e-01 1.000000000000e+00 0.000000000000e+00 0.000000000000e+00 -2.240210951769e+00
imu_to_world: -9.999462640279e-01 1.024723140284e-02 1.569492029242e-03 -1.035256729126e+02 -1.024711927010e-02 -9.999474937371e-01 7.947019412403e-05 8.805085754395e+01 1.570223970550e-03 6.338315169879e-05 9.999987651889e-01 2.336724661291e-03
p2_to_world: 1.024723140284e-02 -1.569492029242e-03 -9.999462640279e-01 -1.057625656128e+02 -9.999474937371e-01 -7.947019412403e-05 -1.024711927010e-02 8.802806091309e+01 6.338315169879e-05 -9.999987651889e-01 1.570223970550e-03 2.043642759323e+00
