P0: -5.542562584220e+02 0.000000000000e+00 -9.600000000000e+02 -4.301155018284e+03 -4.408728476930e-14 5.542562584220e+02 -3.600000000000e+02 -1.612933131856e+03 -1.224646799147e-16 0.000000000000e+00 -1.000000000000e+00 -4.480369810712e+00
P1: -9.600000000000e+02 0.000000000000e+00 5.542562584220e+02 2.483575954372e+02 -3.600000000000e+02 5.542562584220e+02 2.204364238465e-14 -3.724797755831e+02 -1.000000000000e+00 0.000000000000e+00 6.123233995737e-17 -1.034666043286e+00
P2: 5.542562584220e+02 0.000000000000e+00 9.600000000000e+02 0.000000000000e+00 0.000000000000e+00 5.542562584220e+02 3.600000000000e+02 0.000000000000e+00 0.000000000000e+00 0.000000000000e+00 1.000000000000e+00 0.000000000000e+00
P3: 5.542562584220e+02 0.000000000000e+00 9.600000000000e+02 -4.434029200847e+02 0.000000000000e+00 5.542562584220e+02 3.600000000000e+02 0.000000000000e+00 0.000000000000e+00 0.000000000000e+00 1.000000000000e+00 0.000000000000e+00
P4: 9.600000000000e+02 0.000000000000e+00 -5.542562584220e+02 -2.234901871160e+03 3.600000000000e+02 5.542562584220e+02 2.204364238465e-14 -3.724746696059e+02 1.000000000000e+00 0.000000000000e+00 6.123233995737e-17 -1.034651860016e+00
P5: 5.542562584220e+02 9.600000000000e+02 5.878304635907e-14 2.399967224121e+04 0.000000000000e+00 9.600000000000e+02 -5.542562584220e+02 2.399967224121e+04 0.000000000000e+00 1.000000000000e+00 6.123233995737e-17 2.499965858459e+01
R0_rect: 1.000000000000e+00 0.000000000000e+00 0.000000000000e+00 0.000000000000e+00 1.000000000000e+00 0.000000000000e+00 0.000000000000e+00 0.000000000000e+00 1.000000000000e+00
Tr_velo_to_p2: 0.000000000000e+00 -1.000000000000e+00 0.000000000000e+00 -6.833585078690e-06 0.000000000000e+00 0.000000000000e+00 -1.000000000000e+00 -4.999999556521e-01 1.000000000000e+00 0.000000000000e+00 0.000000000000e+00 -2.240217072169e+00
imu_to_world: -9.999476260815e-01 8.851946378389e-03 5.136938701588e-03 -1.099132385254e+02 -8.856642553421e-03 -9.999603811730e-01 -8.921698224240e-04 8.797337341309e+01 5.128837742674e-03 -9.376191258933e-04 9.999864078545e-01 7.880711345933e-04
p2_to_world: 8.851946378389e-03 -5.136938701588e-03 -9.999476260815e-01 -1.121428680420e+02 -9.999603811730e-01 8.921698224240e-04 -8.856642553421e-03 8.795171356201e+01 -9.376191258933e-04 -9.999864078545e-01 5.128837742674e-03 2.050041198730e+00
