P0: -5.542562584220e+02 0.000000000000e+00 -9.600000000000e+02 -4.301131519298e+03 -4.408728476930e-14 5.542562584220e+02 -3.600000000000e+02 -1.612924319737e+03 -1.224646799147e-16 0.000000000000e+00 -1.000000000000e+00 -4.480345332602e+00
P1: -9.600000000000e+02 0.000000000000e+00 5.542562584220e+02 2.483663365094e+02 -3.600000000000e+02 5.542562584220e+02 2.204364238465e-14 -3.724741052557e+02 -1.000000000000e+00 0.000000000000e+00 6.123233995737e-17 -1.034650292377e+00
P2: 5.542562584220e+02 0.000000000000e+00 9.600000000000e+02 0.000000000000e+00 0.000000000000e+00 5.542562584220e+02 3.600000000000e+02 0.000000000000e+00 0.000000000000e+00 0.000000000000e+00 1.000000000000e+00 0.000000000000e+00
P3: 5.542562584220e+02 0.000000000000e+00 9.600000000000e+02 -4.434066913757e+02 0.000000000000e+00 5.542562584220e+02 3.600000000000e+02 0.000000000000e+00 0.000000000000e+00 0.000000000000e+00 1.000000000000e+00 0.000000000000e+00
P4: 9.600000000000e+02 0.000000000000e+00 -5.542562584220e+02 -2.234909546528e+03 3.600000000000e+02 5.542562584220e+02 2.204364238465e-14 -3.724803211581e+02 1.000000000000e+00 0.000000000000e+00 6.123233995737e-17 -1.034667558773e+00
P5: 5.542562584220e+02 9.600000000000e+02 5.878304635907e-14 2.399955848694e+04 0.000000000000e+00 9.600000000000e+02 -5.542562584220e+02 2.399955848694e+04 0.000000000000e+00 1.000000000000e+00 6.123233995737e-17 2.499954009056e+01
R0_rect: 1.000000000000e+00 0.000000000000e+00 0.000000000000e+00 0.000000000000e+00 1.000000000000e+00 0.000000000000e+00 0.000000000000e+00 0.000000000000e+00 1.000000000000e+00
Tr_velo_to_p2: 0.000000000000e+00 -1.000000000000e+00 0.000000000000e+00 4.000461451284e-06 0.000000000000e+00 0.000000000000e+00 -1.000000000000e+00 -4.999999163106e-01 1.000000000000e+00 0.000000000000e+00 0.000000000000e+00 -2.240216114075e+00
imu_to_world: -9.998576088190e-01 1.574895927395e-02 6.060723433396e-03 -1.084592742920e+02 -1.574819525788e-02 -9.998759743846e-01 1.737656957329e-04 8.798448944092e+01 6.062708377308e-03 7.829549699707e-05 9.999816185495e-01 3.806614840869e-04
p2_to_world: 1.574895927395e-02 -6.060723433396e-03 -9.998576088190e-01 -1.106868209839e+02 -9.998759743846e-01 -1.737656957329e-04 -1.574819525788e-02 8.794956970215e+01 7.829549699707e-05 -9.999816185495e-01 6.062708377308e-03 2.051716089249e+00
