P0: -5.542562584220e+02 0.000000000000e+00 -9.600000000000e+02 -4.301219316916e+03 -4.408728476930e-14 5.542562584220e+02 -3.600000000000e+02 -1.612957243844e+03 -1.224646799147e-16 0.000000000000e+00 -1.000000000000e+00 -4.480436788454e+00
P1: -9.600000000000e+02 0.000000000000e+00 5.542562584220e+02 2.483769177612e+02 -3.600000000000e+02 5.542562584220e+02 2.204364238465e-14 -3.724783921862e+02 -1.000000000000e+00 0.000000000000e+00 6.123233995737e-17 -1.034662200517e+00
P2: 5.542562584220e+02 0.000000000000e+00 9.600000000000e+02 0.000000000000e+00 0.000000000000e+00 5.542562584220e+02 3.600000000000e+02 0.000000000000e+00 0.000000000000e+00 0.000000000000e+00 1.000000000000e+00 0.000000000000e+00
P3: 5.542562584220e+02 0.000000000000e+00 9.600000000000e+02 -4.434069860877e+02 0.000000000000e+00 5.542562584220e+02 3.600000000000e+02 0.000000000000e+00 0.000000000000e+00 0.000000000000e+00 1.000000000000e+00 0.000000000000e+00
P4: 9.600000000000e+02 0.000000000000e+00 -5.542562584220e+02 -2.234921580245e+03 3.600000000000e+02 5.542562584220e+02 2.204364238465e-14 -3.724755947574e+02 1.000000000000e+00 0.000000000000e+00 6.123233995737e-17 -1.034654429882e+00
P5: 5.542562584220e+02 9.600000000000e+02 5.878304635907e-14 2.399999702454e+04 0.000000000000e+00 9.600000000000e+02 -5.542562584220e+02 2.399999702454e+04 0.000000000000e+00 1.000000000000e+00 6.123233995737e-17 2.499999690056e+01
R0_rect: 1.000000000000e+00 0.000000000000e+00 0.000000000000e+00 0.000000000000e+00 1.000000000000e+00 0.000000000000e+00 0.000000000000e+00 0.000000000000e+00 1.000000000000e+00
Tr_velo_to_p2: 0.000000000000e+00 -1.000000000000e+00 0.000000000000e+00 -2.013251650316e-06 0.000000000000e+00 0.000000000000e+00 -1.000000000000e+00 -4.999999727464e-01 1.000000000000e+00 0.000000000000e+00 0.000000000000e+00 -2.240212781006e+00
imu_to_world: -9.999134476512e-01 1.315430494616e-02 2.479268543386e-04 -1.073033676147e+02 -1.315430440973e-02 -9.999134783876e-01 3.794265885835e-06 8.800062561035e+01 2.479553142379e-04 5.326321698949e-07 9.999999692589e-01 2.910721348599e-03
p2_to_world: 1.315430494616e-02 -2.479268543386e-04 -9.999134476512e-01 -1.095428848267e+02 -9.999134783876e-01 -3.794265885835e-06 -1.315430440973e-02 8.797116088867e+01 5.326321698949e-07 -9.999999692589e-01 2.479553142379e-04 2.041257143021e+00
