P0: -5.542562584220e+02 0.000000000000e+00 -9.600000000000e+02 -4.301219220571e+03 -4.408728476930e-14 5.542562584220e+02 -3.600000000000e+02 -1.612957207714e+03 -1.224646799147e-16 0.000000000000e+00 -1.000000000000e+00 -4.480436688095e+00
P1: -9.600000000000e+02 0.000000000000e+00 5.542562584220e+02 2.483885103402e+02 -3.600000000000e+02 5.542562584220e+02 2.204364238465e-14 -3.724756097125e+02 -1.000000000000e+00 0.000000000000e+00 6.123233995737e-17 -1.034654471424e+00
P2: 5.542562584220e+02 0.000000000000e+00 9.600000000000e+02 0.000000000000e+00 0.000000000000e+00 5.542562584220e+02 3.600000000000e+02 0.000000000000e+00 0.000000000000e+00 0.000000000000e+00 1.000000000000e+00 0.000000000000e+00
P3: 5.542562584220e+02 0.000000000000e+00 9.600000000000e+02 -4.434070417125e+02 0.000000000000e+00 5.542562584220e+02 3.600000000000e+02 0.000000000000e+00 0.000000000000e+00 0.000000000000e+00 1.000000000000e+00 0.000000000000e+00
P4: 9.600000000000e+02 0.000000000000e+00 -5.542562584220e+02 -2.234928848205e+03 3.600000000000e+02 5.542562584220e+02 2.204364238465e-14 -3.724783411018e+02 1.000000000000e+00 0.000000000000e+00 6.123233995737e-17 -1.034662058616e+00
P5: 5.542562584220e+02 9.600000000000e+02 5.878304635907e-14 2.399999931335e+04 0.000000000000e+00 9.600000000000e+02 -5.542562584220e+02 2.399999931335e+04 0.000000000000e+00 1.000000000000e+00 6.123233995737e-17 2.499999928474e+01
R0_rect: 1.000000000000e+00 0.000000000000e+00 0.000000000000e+00 0.000000000000e+00 1.000000000000e+00 0.000000000000e+00 0.000000000000e+00 0.000000000000e+00 1.000000000000e+00
Tr_velo_to_p2: 0.000000000000e+00 -1.000000000000e+00 0.000000000000e+00 7.579926942885e-06 0.000000000000e+00 0.000000000000e+00 -1.000000000000e+00 -4.999999775124e-01 1.000000000000e+00 0.000000000000e+00 0.000000000000e+00 -2.240222416628e+00
imu_to_world: -9.999134782619e-01 1.315430493487e-02 -1.587289316633e-05 -1.073031997681e+02 -1.315430481243e-02 -9.999134783591e-01 -7.793919711557e-06 8.800063323975e+01 -1.597404341409e-05 -7.584448493111e-06 9.999999998437e-01 3.024704288691e-03
p2_to_world: 1.315430493487e-02 1.587289316633e-05 -9.999134782619e-01 -1.095432586670e+02 -9.999134783591e-01 7.793919711557e-06 -1.315430481243e-02 8.797115325928e+01 -7.584448493111e-06 -9.999999998437e-01 -1.597404341409e-05 2.040779829025e+00
