P0: -5.542562584220e+02 0.000000000000e+00 -9.600000000000e+02 -4.301219220571e+03 -4.408728476930e-14 5.542562584220e+02 -3.600000000000e+02 -1.612957207714e+03 -1.224646799147e-16 0.000000000000e+00 -1.000000000000e+00 -4.480436688095e+00
P1: -9.600000000000e+02 0.000000000000e+00 5.542562584220e+02 2.483812423800e+02 -3.600000000000e+02 5.542562584220e+02 2.204364238465e-14 -3.724783560569e+02 -1.000000000000e+00 0.000000000000e+00 6.123233995737e-17 -1.034662100158e+00
P2: 5.542562584220e+02 0.000000000000e+00 9.600000000000e+02 0.000000000000e+00 0.000000000000e+00 5.542562584220e+02 3.600000000000e+02 0.000000000000e+00 0.000000000000e+00 0.000000000000e+00 1.000000000000e+00 0.000000000000e+00
P3: 5.542562584220e+02 0.000000000000e+00 9.600000000000e+02 -4.434069860877e+02 0.000000000000e+00 5.542562584220e+02 3.600000000000e+02 0.000000000000e+00 0.000000000000e+00 0.000000000000e+00 1.000000000000e+00 0.000000000000e+00
P4: 9.600000000000e+02 0.000000000000e+00 -5.542562584220e+02 -2.234933172824e+03 3.600000000000e+02 5.542562584220e+02 2.204364238465e-14 -3.724783772312e+02 1.000000000000e+00 0.000000000000e+00 6.123233995737e-17 -1.034662158975e+00
P5: 5.542562584220e+02 9.600000000000e+02 5.878304635907e-14 2.399999816895e+04 0.000000000000e+00 9.600000000000e+02 -5.542562584220e+02 2.399999816895e+04 0.000000000000e+00 1.000000000000e+00 6.123233995737e-17 2.499999809265e+01
R0_rect: 1.000000000000e+00 0.000000000000e+00 0.000000000000e+00 0.000000000000e+00 1.000000000000e+00 0.000000000000e+00 0.000000000000e+00 0.000000000000e+00 1.000000000000e+00
Tr_velo_to_p2: 0.000000000000e+00 -1.000000000000e+00 0.000000000000e+00 -6.486787338879e-06 0.000000000000e+00 0.000000000000e+00 -1.000000000000e+00 -4.999999708254e-01 1.000000000000e+00 0.000000000000e+00 0.000000000000e+00 -2.240217729258e+00
imu_to_world: -9.999134776063e-01 1.315430458415e-02 3.965041862112e-05 -1.073032302856e+02 -1.315430480380e-02 -9.999134783756e-01 -5.283979132608e-06 8.800063323975e+01 3.957748093156e-05 -5.805095642226e-06 9.999999992000e-01 3.000633558258e-03
p2_to_world: 1.315430458415e-02 -3.965041862112e-05 -9.999134776063e-01 -1.095431747437e+02 -9.999134783756e-01 5.283979132608e-06 -1.315430480380e-02 8.797115325928e+01 -5.805095642226e-06 -9.999999992000e-01 3.957748093156e-05 2.040880203247e+00
