P0: -5.542562584220e+02 0.000000000000e+00 -9.600000000000e+02 -4.301219220571e+03 -4.408728476930e-14 5.542562584220e+02 -3.600000000000e+02 -1.612957207714e+03 -1.224646799147e-16 0.000000000000e+00 -1.000000000000e+00 -4.480436688095e+00
P1: -9.600000000000e+02 0.000000000000e+00 5.542562584220e+02 2.483885103402e+02 -3.600000000000e+02 5.542562584220e+02 2.204364238465e-14 -3.724756097125e+02 -1.000000000000e+00 0.000000000000e+00 6.123233995737e-17 -1.034654471424e+00
P2: 5.542562584220e+02 0.000000000000e+00 9.600000000000e+02 0.000000000000e+00 0.000000000000e+00 5.542562584220e+02 3.600000000000e+02 0.000000000000e+00 0.000000000000e+00 0.000000000000e+00 1.000000000000e+00 0.000000000000e+00
P3: 5.542562584220e+02 0.000000000000e+00 9.600000000000e+02 -4.434070417125e+02 0.000000000000e+00 5.542562584220e+02 3.600000000000e+02 0.000000000000e+00 0.000000000000e+00 0.000000000000e+00 1.000000000000e+00 0.000000000000e+00
P4: 9.600000000000e+02 0.000000000000e+00 -5.542562584220e+02 -2.234928848205e+03 3.600000000000e+02 5.542562584220e+02 2.204364238465e-14 -3.724783411018e+02 1.000000000000e+00 0.000000000000e+00 6.123233995737e-17 -1.034662058616e+00
P5: 5.542562584220e+02 9.600000000000e+02 5.878304635907e-14 2.399999748230e+04 0.000000000000e+00 9.600000000000e+02 -5.542562584220e+02 2.399999748230e+04 0.000000000000e+00 1.000000000000e+00 6.123233995737e-17 2.499999737740e+01
R0_rect: 1.000000000000e+00 0.000000000000e+00 0.000000000000e+00 0.000000000000e+00 1.000000000000e+00 0.000000000000e+00 0.000000000000e+00 0.000000000000e+00 1.000000000000e+00
Tr_velo_to_p2: 0.000000000000e+00 -1.000000000000e+00 0.000000000000e+00 7.270588284859e-06 0.000000000000e+00 0.000000000000e+00 -1.000000000000e+00 -4.999998812681e-01 1.000000000000e+00 0.000000000000e+00 0.000000000000e+00 -2.240209841591e+00
imu_to_world: -9.999134781618e-01 1.315430498016e-02 -2.123399037385e-05 -1.073031921387e+02 -1.315430481111e-02 -9.999134783568e-01 -8.081707421153e-06 8.800063323975e+01 -2.133846241829e-05 -7.801689795237e-06 9.999999997419e-01 3.026993246749e-03
p2_to_world: 1.315430498016e-02 2.123399037385e-05 -9.999134781618e-01 -1.095432586670e+02 -9.999134783568e-01 8.081707421153e-06 -1.315430481111e-02 8.797115325928e+01 -7.801689795237e-06 -9.999999997419e-01 -2.133846241829e-05 2.040770292282e+00
