P0: -5.542562584220e+02 0.000000000000e+00 -9.600000000000e+02 -4.301137873999e+03 -4.408728476930e-14 5.542562584220e+02 -3.600000000000e+02 -1.612926702750e+03 -1.224646799147e-16 0.000000000000e+00 -1.000000000000e+00 -4.480351952083e+00
P1: -9.600000000000e+02 0.000000000000e+00 5.542562584220e+02 2.483919550390e+02 -3.600000000000e+02 5.542562584220e+02 2.204364238465e-14 -3.724709965545e+02 -1.000000000000e+00 0.000000000000e+00 6.123233995737e-17 -1.034641657096e+00
P2: 5.542562584220e+02 0.000000000000e+00 9.600000000000e+02 0.000000000000e+00 0.000000000000e+00 5.542562584220e+02 3.600000000000e+02 0.000000000000e+00 0.000000000000e+00 0.000000000000e+00 1.000000000000e+00 0.000000000000e+00
P3: 5.542562584220e+02 0.000000000000e+00 9.600000000000e+02 -4.434050810962e+02 0.000000000000e+00 5.542562584220e+02 3.600000000000e+02 0.000000000000e+00 0.000000000000e+00 0.000000000000e+00 1.000000000000e+00 0.000000000000e+00
P4: 9.600000000000e+02 0.000000000000e+00 -5.542562584220e+02 -2.234882831234e+03 3.600000000000e+02 5.542562584220e+02 2.204364238465e-14 -3.724753307570e+02 1.000000000000e+00 0.000000000000e+00 6.123233995737e-17 -1.034653696547e+00
P5: 5.542562584220e+02 9.600000000000e+02 5.878304635907e-14 2.399935409546e+04 0.000000000000e+00 9.600000000000e+02 -5.542562584220e+02 2.399935409546e+04 0.000000000000e+00 1.000000000000e+00 6.123233995737e-17 2.499932718277e+01
R0_rect: 1.000000000000e+00 0.000000000000e+00 0.000000000000e+00 0.000000000000e+00 1.000000000000e+00 0.000000000000e+00 0.000000000000e+00 0.000000000000e+00 1.000000000000e+00
Tr_velo_to_p2: 0.000000000000e+00 -1.000000000000e+00 0.000000000000e+00 1.355923553515e-06 0.000000000000e+00 0.000000000000e+00 -1.000000000000e+00 -4.999999225823e-01 1.000000000000e+00 0.000000000000e+00 0.000000000000e+00 -2.240218825899e+00
imu_to_world: -9.995843800056e-01 -2.817113077487e-02 6.120019587783e-03 -1.114646530151e+02 2.814667978647e-02 -9.995956181526e-01 -4.045316690587e-03 8.802996826172e+01 6.231505908472e-03 -3.871377144463e-03 9.999730900245e-01 3.187489346601e-04
p2_to_world: -2.817113077487e-02 -6.120019587783e-03 -9.995843800056e-01 -1.136914749146e+02 -9.995956181526e-01 4.045316690587e-03 2.814667978647e-02 8.808478546143e+01 -3.871377144463e-03 -9.999730900245e-01 6.231505908472e-03 2.052014827728e+00
