P0: -5.542562584220e+02 0.000000000000e+00 -9.600000000000e+02 -4.301213570343e+03 -4.408728476930e-14 5.542562584220e+02 -3.600000000000e+02 -1.612955088879e+03 -1.224646799147e-16 0.000000000000e+00 -1.000000000000e+00 -4.480430802441e+00
P1: -9.600000000000e+02 0.000000000000e+00 5.542562584220e+02 2.483892576714e+02 -3.600000000000e+02 5.542562584220e+02 2.204364238465e-14 -3.724761055400e+02 -1.000000000000e+00 0.000000000000e+00 6.123233995737e-17 -1.034655848722e+00
P2: 5.542562584220e+02 0.000000000000e+00 9.600000000000e+02 0.000000000000e+00 0.000000000000e+00 5.542562584220e+02 3.600000000000e+02 0.000000000000e+00 0.000000000000e+00 0.000000000000e+00 1.000000000000e+00 0.000000000000e+00
P3: 5.542562584220e+02 0.000000000000e+00 9.600000000000e+02 -4.434068945206e+02 0.000000000000e+00 5.542562584220e+02 3.600000000000e+02 0.000000000000e+00 0.000000000000e+00 0.000000000000e+00 1.000000000000e+00 0.000000000000e+00
P4: 9.600000000000e+02 0.000000000000e+00 -5.542562584220e+02 -2.234933027831e+03 3.600000000000e+02 5.542562584220e+02 2.204364238465e-14 -3.724787562478e+02 1.000000000000e+00 0.000000000000e+00 6.123233995737e-17 -1.034663211799e+00
P5: 5.542562584220e+02 9.600000000000e+02 5.878304635907e-14 2.399996086121e+04 0.000000000000e+00 9.600000000000e+02 -5.542562584220e+02 2.399996086121e+04 0.000000000000e+00 1.000000000000e+00 6.123233995737e-17 2.499995923042e+01
R0_rect: 1.000000000000e+00 0.000000000000e+00 0.000000000000e+00 0.000000000000e+00 1.000000000000e+00 0.000000000000e+00 0.000000000000e+00 0.000000000000e+00 1.000000000000e+00
Tr_velo_to_p2: 0.000000000000e+00 -1.000000000000e+00 0.000000000000e+00 -1.674263484404e-06 0.000000000000e+00 0.000000000000e+00 -1.000000000000e+00 -4.999999277139e-01 1.000000000000e+00 0.000000000000e+00 0.000000000000e+00 -2.240229368694e+00
imu_to_world: -9.999218256601e-01 1.238293954446e-02 1.733602246715e-03 -1.052342910767e+02 -1.238283133665e-02 -9.999233271301e-01 7.313786102098e-05 8.802857971191e+01 1.734374988167e-03 5.166523929107e-05 9.999984946359e-01 2.265122719109e-03
p2_to_world: 1.238293954446e-02 -1.733602246715e-03 -9.999218256601e-01 -1.074708099365e+02 -9.999233271301e-01 -7.313786102098e-05 -1.238283133665e-02 8.800099182129e+01 5.166523929107e-05 -9.999984946359e-01 1.734374988167e-03 2.043938398361e+00
