P0: -5.542562584220e+02 0.000000000000e+00 -9.600000000000e+02 -4.301206611734e+03 -4.408728476930e-14 5.542562584220e+02 -3.600000000000e+02 -1.612952479400e+03 -1.224646799147e-16 0.000000000000e+00 -1.000000000000e+00 -4.480423553890e+00
P1: -9.600000000000e+02 0.000000000000e+00 5.542562584220e+02 2.483875290280e+02 -3.600000000000e+02 5.542562584220e+02 2.204364238465e-14 -3.724754121395e+02 -1.000000000000e+00 0.000000000000e+00 6.123233995737e-17 -1.034653922610e+00
P2: 5.542562584220e+02 0.000000000000e+00 9.600000000000e+02 0.000000000000e+00 0.000000000000e+00 5.542562584220e+02 3.600000000000e+02 0.000000000000e+00 0.000000000000e+00 0.000000000000e+00 1.000000000000e+00 0.000000000000e+00
P3: 5.542562584220e+02 0.000000000000e+00 9.600000000000e+02 -4.434045312762e+02 0.000000000000e+00 5.542562584220e+02 3.600000000000e+02 0.000000000000e+00 0.000000000000e+00 0.000000000000e+00 1.000000000000e+00 0.000000000000e+00
P4: 9.600000000000e+02 0.000000000000e+00 -5.542562584220e+02 -2.234920646193e+03 3.600000000000e+02 5.542562584220e+02 2.204364238465e-14 -3.724758178034e+02 1.000000000000e+00 0.000000000000e+00 6.123233995737e-17 -1.034655049454e+00
P5: 5.542562584220e+02 9.600000000000e+02 5.878304635907e-14 2.399987297058e+04 0.000000000000e+00 9.600000000000e+02 -5.542562584220e+02 2.399987297058e+04 0.000000000000e+00 1.000000000000e+00 6.123233995737e-17 2.499986767769e+01
R0_rect: 1.000000000000e+00 0.000000000000e+00 0.000000000000e+00 0.000000000000e+00 1.000000000000e+00 0.000000000000e+00 0.000000000000e+00 0.000000000000e+00 1.000000000000e+00
Tr_velo_to_p2: 0.000000000000e+00 -1.000000000000e+00 0.000000000000e+00 -2.535587257301e-06 0.000000000000e+00 0.000000000000e+00 -1.000000000000e+00 -4.999999107644e-01 1.000000000000e+00 0.000000000000e+00 0.000000000000e+00 -2.240213228180e+00
imu_to_world: -9.998592079269e-01 -1.662282054826e-02 2.290449920774e-03 -1.111601715088e+02 1.661758157293e-02 -9.998593013787e-01 -2.287668944509e-03 8.800839996338e+01 2.328155167966e-03 -2.249285120459e-03 9.999947601913e-01 2.008659765124e-03
p2_to_world: -1.662282054826e-02 -2.290449920774e-03 -9.998592079269e-01 -1.133954086304e+02 -9.998593013787e-01 2.287668944509e-03 1.661758157293e-02 8.804096221924e+01 -2.249285120459e-03 -9.999947601913e-01 2.328155167966e-03 2.045004606247e+00
