P0: -5.542562584220e+02 0.000000000000e+00 -9.600000000000e+02 -4.298363543744e+03 -4.408728476930e-14 5.542562584220e+02 -3.600000000000e+02 -1.611886328904e+03 -1.224646799147e-16 0.000000000000e+00 -1.000000000000e+00 -4.477462024734e+00
P1: -9.600000000000e+02 0.000000000000e+00 5.542562584220e+02 2.475821260816e+02 -3.600000000000e+02 5.542562584220e+02 2.204364238465e-14 -3.724745549023e+02 -1.000000000000e+00 0.000000000000e+00 6.123233995737e-17 -1.034651541395e+00
P2: 5.542562584220e+02 0.000000000000e+00 9.600000000000e+02 0.000000000000e+00 0.000000000000e+00 5.542562584220e+02 3.600000000000e+02 0.000000000000e+00 0.000000000000e+00 0.000000000000e+00 1.000000000000e+00 0.000000000000e+00
P3: 5.542562584220e+02 0.000000000000e+00 9.600000000000e+02 -4.434077334399e+02 0.000000000000e+00 5.542562584220e+02 3.600000000000e+02 0.000000000000e+00 0.000000000000e+00 0.000000000000e+00 1.000000000000e+00 0.000000000000e+00
P4: 9.600000000000e+02 0.000000000000e+00 -5.542562584220e+02 -2.234093859450e+03 3.600000000000e+02 5.542562584220e+02 2.204364238465e-14 -3.724794965786e+02 1.000000000000e+00 0.000000000000e+00 6.123233995737e-17 -1.034665268274e+00
P5: 5.542562584220e+02 9.600000000000e+02 5.878304635907e-14 2.398405883789e+04 0.000000000000e+00 9.600000000000e+02 -5.542562584220e+02 2.398405883789e+04 0.000000000000e+00 1.000000000000e+00 6.123233995737e-17 2.498339462280e+01
R0_rect: 1.000000000000e+00 0.000000000000e+00 0.000000000000e+00 0.000000000000e+00 1.000000000000e+00 0.000000000000e+00 0.000000000000e+00 0.000000000000e+00 1.000000000000e+00
Tr_velo_to_p2: 0.000000000000e+00 -1.000000000000e+00 0.000000000000e+00 2.383523825950e-06 0.000000000000e+00 0.000000000000e+00 -1.000000000000e+00 -5.000000588618e-01 1.000000000000e+00 0.000000000000e+00 0.000000000000e+00 -2.240220790408e+00
imu_to_world: -9.379977561697e-01 -3.449786461296e-01 -3.391081147917e-02 -1.178108444214e+02 3.447217412737e-01 -9.386101756267e-01 1.333639018830e-02 8.965274810791e+01 -3.642980254953e-02 8.197100909242e-04 9.993358782519e-01 1.867049187422e-02
p2_to_world: -3.449786461296e-01 3.391081147917e-02 -9.379977561697e-01 -1.199812698364e+02 -9.386101756267e-01 -1.333639018830e-02 3.447217412737e-01 9.045218658447e+01 8.197100909242e-04 -9.993358782519e-01 -3.642980254953e-02 1.973497390747e+00
