P0: -5.542562584220e+02 0.000000000000e+00 -9.600000000000e+02 -4.301170718060e+03 -4.408728476930e-14 5.542562584220e+02 -3.600000000000e+02 -1.612939019272e+03 -1.224646799147e-16 0.000000000000e+00 -1.000000000000e+00 -4.480386164646e+00
P1: -9.600000000000e+02 0.000000000000e+00 5.542562584220e+02 2.483675687273e+02 -3.600000000000e+02 5.542562584220e+02 2.204364238465e-14 -3.724778996077e+02 -1.000000000000e+00 0.000000000000e+00 6.123233995737e-17 -1.034660832244e+00
P2: 5.542562584220e+02 0.000000000000e+00 9.600000000000e+02 0.000000000000e+00 0.000000000000e+00 5.542562584220e+02 3.600000000000e+02 0.000000000000e+00 0.000000000000e+00 0.000000000000e+00 1.000000000000e+00 0.000000000000e+00
P3: 5.542562584220e+02 0.000000000000e+00 9.600000000000e+02 -4.433995934533e+02 0.000000000000e+00 5.542562584220e+02 3.600000000000e+02 0.000000000000e+00 0.000000000000e+00 0.000000000000e+00 1.000000000000e+00 0.000000000000e+00
P4: 9.600000000000e+02 0.000000000000e+00 -5.542562584220e+02 -2.234918554587e+03 3.600000000000e+02 5.542562584220e+02 2.204364238465e-14 -3.724778332883e+02 1.000000000000e+00 0.000000000000e+00 6.123233995737e-17 -1.034660648023e+00
P5: 5.542562584220e+02 9.600000000000e+02 5.878304635907e-14 2.399975074768e+04 0.000000000000e+00 9.600000000000e+02 -5.542562584220e+02 2.399975074768e+04 0.000000000000e+00 1.000000000000e+00 6.123233995737e-17 2.499974036217e+01
R0_rect: 1.000000000000e+00 0.000000000000e+00 0.000000000000e+00 0.000000000000e+00 1.000000000000e+00 0.000000000000e+00 0.000000000000e+00 0.000000000000e+00 1.000000000000e+00
Tr_velo_to_p2: 0.000000000000e+00 -1.000000000000e+00 0.000000000000e+00 -5.404234971004e-06 0.000000000000e+00 0.000000000000e+00 -1.000000000000e+00 -5.000001185530e-01 1.000000000000e+00 0.000000000000e+00 0.000000000000e+00 -2.240214542647e+00
imu_to_world: -9.999007563761e-01 1.333030171250e-02 4.558558404478e-03 -1.071043701172e+02 -1.332965312618e-02 -9.999111413248e-01 1.726327455150e-04 8.800353240967e+01 4.560454583601e-03 1.118516105286e-04 9.999895948175e-01 1.027367077768e-03
p2_to_world: 1.333030171250e-02 -4.558558404478e-03 -9.999007563761e-01 -1.093350753784e+02 -9.999111413248e-01 -1.726327455150e-04 -1.332965312618e-02 8.797402191162e+01 1.118516105286e-04 -9.999895948175e-01 4.560454583601e-03 2.049013376236e+00
