P0: -5.542562584220e+02 0.000000000000e+00 -9.600000000000e+02 -4.301214221028e+03 -4.408728476930e-14 5.542562584220e+02 -3.600000000000e+02 -1.612955332885e+03 -1.224646799147e-16 0.000000000000e+00 -1.000000000000e+00 -4.480431480237e+00
P1: -9.600000000000e+02 0.000000000000e+00 5.542562584220e+02 2.483871167124e+02 -3.600000000000e+02 5.542562584220e+02 2.204364238465e-14 -3.724734646508e+02 -1.000000000000e+00 0.000000000000e+00 6.123233995737e-17 -1.034648512919e+00
P2: 5.542562584220e+02 0.000000000000e+00 9.600000000000e+02 0.000000000000e+00 0.000000000000e+00 5.542562584220e+02 3.600000000000e+02 0.000000000000e+00 0.000000000000e+00 0.000000000000e+00 1.000000000000e+00 0.000000000000e+00
P3: 5.542562584220e+02 0.000000000000e+00 9.600000000000e+02 -4.434056629986e+02 0.000000000000e+00 5.542562584220e+02 3.600000000000e+02 0.000000000000e+00 0.000000000000e+00 0.000000000000e+00 1.000000000000e+00 0.000000000000e+00
P4: 9.600000000000e+02 0.000000000000e+00 -5.542562584220e+02 -2.234928971404e+03 3.600000000000e+02 5.542562584220e+02 2.204364238465e-14 -3.724784081798e+02 1.000000000000e+00 0.000000000000e+00 6.123233995737e-17 -1.034662244944e+00
P5: 5.542562584220e+02 9.600000000000e+02 5.878304635907e-14 2.399998420715e+04 0.000000000000e+00 9.600000000000e+02 -5.542562584220e+02 2.399998420715e+04 0.000000000000e+00 1.000000000000e+00 6.123233995737e-17 2.499998354912e+01
R0_rect: 1.000000000000e+00 0.000000000000e+00 0.000000000000e+00 0.000000000000e+00 1.000000000000e+00 0.000000000000e+00 0.000000000000e+00 0.000000000000e+00 1.000000000000e+00
Tr_velo_to_p2: 0.000000000000e+00 -1.000000000000e+00 0.000000000000e+00 3.092896313651e-06 0.000000000000e+00 0.000000000000e+00 -1.000000000000e+00 -4.999997002558e-01 1.000000000000e+00 0.000000000000e+00 0.000000000000e+00 -2.240208046329e+00
imu_to_world: -9.999157578092e-01 1.293435625965e-02 1.086145981373e-03 -1.061408309937e+02 -1.293433879201e-02 -9.999163476742e-01 2.310526585423e-05 8.801639556885e+01 1.086353974476e-03 9.054739315352e-06 9.999994098764e-01 2.546075265855e-03
p2_to_world: 1.293435625965e-02 -1.086145981373e-03 -9.999157578092e-01 -1.083786392212e+02 -9.999163476742e-01 -2.310526585423e-05 -1.293433879201e-02 8.798747253418e+01 9.054739315352e-06 -9.999994098764e-01 1.086353974476e-03 2.042769670486e+00
