P0: -5.542562584220e+02 0.000000000000e+00 -9.600000000000e+02 -4.301153404651e+03 -4.408728476930e-14 5.542562584220e+02 -3.600000000000e+02 -1.612932526744e+03 -1.224646799147e-16 0.000000000000e+00 -1.000000000000e+00 -4.480368129844e+00
P1: -9.600000000000e+02 0.000000000000e+00 5.542562584220e+02 2.483668872462e+02 -3.600000000000e+02 5.542562584220e+02 2.204364238465e-14 -3.724757903594e+02 -1.000000000000e+00 0.000000000000e+00 6.123233995737e-17 -1.034654973220e+00
P2: 5.542562584220e+02 0.000000000000e+00 9.600000000000e+02 0.000000000000e+00 0.000000000000e+00 5.542562584220e+02 3.600000000000e+02 0.000000000000e+00 0.000000000000e+00 0.000000000000e+00 1.000000000000e+00 0.000000000000e+00
P3: 5.542562584220e+02 0.000000000000e+00 9.600000000000e+02 -4.434027578139e+02 0.000000000000e+00 5.542562584220e+02 3.600000000000e+02 0.000000000000e+00 0.000000000000e+00 0.000000000000e+00 1.000000000000e+00 0.000000000000e+00
P4: 9.600000000000e+02 0.000000000000e+00 -5.542562584220e+02 -2.234908606388e+03 3.600000000000e+02 5.542562584220e+02 2.204364238465e-14 -3.724754863693e+02 1.000000000000e+00 0.000000000000e+00 6.123233995737e-17 -1.034654128804e+00
P5: 5.542562584220e+02 9.600000000000e+02 5.878304635907e-14 2.399966812134e+04 0.000000000000e+00 9.600000000000e+02 -5.542562584220e+02 2.399966812134e+04 0.000000000000e+00 1.000000000000e+00 6.123233995737e-17 2.499965429306e+01
R0_rect: 1.000000000000e+00 0.000000000000e+00 0.000000000000e+00 0.000000000000e+00 1.000000000000e+00 0.000000000000e+00 0.000000000000e+00 0.000000000000e+00 1.000000000000e+00
Tr_velo_to_p2: 0.000000000000e+00 -1.000000000000e+00 0.000000000000e+00 -2.725202032685e-06 0.000000000000e+00 0.000000000000e+00 -1.000000000000e+00 -5.000000771086e-01 1.000000000000e+00 0.000000000000e+00 0.000000000000e+00 -2.240218785512e+00
imu_to_world: -9.998996552708e-01 1.315480771709e-02 -5.256464907891e-03 -1.073014068604e+02 -1.315412296485e-02 -9.999134671975e-01 -1.648211838680e-04 8.800073242188e+01 -5.258178242233e-03 -9.566045917207e-05 9.999861711097e-01 5.297691561282e-03
p2_to_world: 1.315480771709e-02 5.256464907891e-03 -9.998996552708e-01 -1.095521087646e+02 -9.999134671975e-01 1.648211838680e-04 -1.315412296485e-02 8.797092437744e+01 -9.566045917207e-05 -9.999861711097e-01 -5.258178242233e-03 2.031280994415e+00
