P0: -5.542562584220e+02 0.000000000000e+00 -9.600000000000e+02 -4.301219220571e+03 -4.408728476930e-14 5.542562584220e+02 -3.600000000000e+02 -1.612957207714e+03 -1.224646799147e-16 0.000000000000e+00 -1.000000000000e+00 -4.480436688095e+00
P1: -9.600000000000e+02 0.000000000000e+00 5.542562584220e+02 2.483769177612e+02 -3.600000000000e+02 5.542562584220e+02 2.204364238465e-14 -3.724783921862e+02 -1.000000000000e+00 0.000000000000e+00 6.123233995737e-17 -1.034662200517e+00
P2: 5.542562584220e+02 0.000000000000e+00 9.600000000000e+02 0.000000000000e+00 0.000000000000e+00 5.542562584220e+02 3.600000000000e+02 0.000000000000e+00 0.000000000000e+00 0.000000000000e+00 1.000000000000e+00 0.000000000000e+00
P3: 5.542562584220e+02 0.000000000000e+00 9.600000000000e+02 -4.434069860877e+02 0.000000000000e+00 5.542562584220e+02 3.600000000000e+02 0.000000000000e+00 0.000000000000e+00 0.000000000000e+00 1.000000000000e+00 0.000000000000e+00
P4: 9.600000000000e+02 0.000000000000e+00 -5.542562584220e+02 -2.234928848205e+03 3.600000000000e+02 5.542562584220e+02 2.204364238465e-14 -3.724783411018e+02 1.000000000000e+00 0.000000000000e+00 6.123233995737e-17 -1.034662058616e+00
P5: 5.542562584220e+02 9.600000000000e+02 5.878304635907e-14 2.399999519348e+04 0.000000000000e+00 9.600000000000e+02 -5.542562584220e+02 2.399999519348e+04 0.000000000000e+00 1.000000000000e+00 6.123233995737e-17 2.499999499321e+01
R0_rect: 1.000000000000e+00 0.000000000000e+00 0.000000000000e+00 0.000000000000e+00 1.000000000000e+00 0.000000000000e+00 0.000000000000e+00 0.000000000000e+00 1.000000000000e+00
Tr_velo_to_p2: 0.000000000000e+00 -1.000000000000e+00 0.000000000000e+00 4.175371183184e-06 0.000000000000e+00 0.000000000000e+00 -1.000000000000e+00 -4.999999528036e-01 1.000000000000e+00 0.000000000000e+00 0.000000000000e+00 -2.240208934057e+00
imu_to_world: -9.999133169376e-01 1.315431732526e-02 -5.679317528205e-04 -1.073030624390e+02 -1.315430269013e-02 -9.999134779823e-01 -2.949701714807e-05 8.800064086914e+01 -5.682706273431e-04 -2.202371407235e-05 9.999998382917e-01 3.265259088948e-03
p2_to_world: 1.315431732526e-02 5.679317528205e-04 -9.999133169376e-01 -1.095442428589e+02 -9.999134779823e-01 2.949701714807e-05 -1.315430269013e-02 8.797111511230e+01 -2.202371407235e-05 -9.999998382917e-01 -5.682706273431e-04 2.039782762527e+00
