P0: -5.542562584220e+02 0.000000000000e+00 -9.600000000000e+02 -4.301155918172e+03 -4.408728476930e-14 5.542562584220e+02 -3.600000000000e+02 -1.612933469315e+03 -1.224646799147e-16 0.000000000000e+00 -1.000000000000e+00 -4.480370748096e+00
P1: -9.600000000000e+02 0.000000000000e+00 5.542562584220e+02 2.483625112643e+02 -3.600000000000e+02 5.542562584220e+02 2.204364238465e-14 -3.724772281339e+02 -1.000000000000e+00 0.000000000000e+00 6.123233995737e-17 -1.034658967039e+00
P2: 5.542562584220e+02 0.000000000000e+00 9.600000000000e+02 0.000000000000e+00 0.000000000000e+00 5.542562584220e+02 3.600000000000e+02 0.000000000000e+00 0.000000000000e+00 0.000000000000e+00 1.000000000000e+00 0.000000000000e+00
P3: 5.542562584220e+02 0.000000000000e+00 9.600000000000e+02 -4.434046467490e+02 0.000000000000e+00 5.542562584220e+02 3.600000000000e+02 0.000000000000e+00 0.000000000000e+00 0.000000000000e+00 1.000000000000e+00 0.000000000000e+00
P4: 9.600000000000e+02 0.000000000000e+00 -5.542562584220e+02 -2.234905004454e+03 3.600000000000e+02 5.542562584220e+02 2.204364238465e-14 -3.724765593850e+02 1.000000000000e+00 0.000000000000e+00 6.123233995737e-17 -1.034657109403e+00
P5: 5.542562584220e+02 9.600000000000e+02 5.878304635907e-14 2.399967681885e+04 0.000000000000e+00 9.600000000000e+02 -5.542562584220e+02 2.399967681885e+04 0.000000000000e+00 1.000000000000e+00 6.123233995737e-17 2.499966335297e+01
R0_rect: 1.000000000000e+00 0.000000000000e+00 0.000000000000e+00 0.000000000000e+00 1.000000000000e+00 0.000000000000e+00 0.000000000000e+00 0.000000000000e+00 1.000000000000e+00
Tr_velo_to_p2: 0.000000000000e+00 -1.000000000000e+00 0.000000000000e+00 1.884023753198e-06 0.000000000000e+00 0.000000000000e+00 -1.000000000000e+00 -4.999998162617e-01 1.000000000000e+00 0.000000000000e+00 0.000000000000e+00 -2.240213454931e+00
imu_to_world: -9.998671828626e-01 1.545642103613e-02 5.168721624069e-03 -1.088216171265e+02 -1.545616495464e-02 -9.998805423434e-01 8.948774423955e-05 8.797920989990e+01 5.169487340949e-03 9.587244707320e-06 9.999866380651e-01 7.699513225816e-04
p2_to_world: 1.545642103613e-02 -5.168721624069e-03 -9.998671828626e-01 -1.110510025024e+02 -9.998805423434e-01 -8.948774423955e-05 -1.545616495464e-02 8.794476318359e+01 9.587244707320e-06 -9.999866380651e-01 5.169487340949e-03 2.050114631653e+00
