P0: -5.542562584220e+02 0.000000000000e+00 -9.600000000000e+02 -4.301219413263e+03 -4.408728476930e-14 5.542562584220e+02 -3.600000000000e+02 -1.612957279973e+03 -1.224646799147e-16 0.000000000000e+00 -1.000000000000e+00 -4.480436888815e+00
P1: -9.600000000000e+02 0.000000000000e+00 5.542562584220e+02 2.483856233356e+02 -3.600000000000e+02 5.542562584220e+02 2.204364238465e-14 -3.724758148504e+02 -1.000000000000e+00 0.000000000000e+00 6.123233995737e-17 -1.034655041251e+00
P2: 5.542562584220e+02 0.000000000000e+00 9.600000000000e+02 0.000000000000e+00 0.000000000000e+00 5.542562584220e+02 3.600000000000e+02 0.000000000000e+00 0.000000000000e+00 0.000000000000e+00 1.000000000000e+00 0.000000000000e+00
P3: 5.542562584220e+02 0.000000000000e+00 9.600000000000e+02 -4.434028134456e+02 0.000000000000e+00 5.542562584220e+02 3.600000000000e+02 0.000000000000e+00 0.000000000000e+00 0.000000000000e+00 1.000000000000e+00 0.000000000000e+00
P4: 9.600000000000e+02 0.000000000000e+00 -5.542562584220e+02 -2.234926620456e+03 3.600000000000e+02 5.542562584220e+02 2.204364238465e-14 -3.724781720909e+02 1.000000000000e+00 0.000000000000e+00 6.123233995737e-17 -1.034661589141e+00
P5: 5.542562584220e+02 9.600000000000e+02 5.878304635907e-14 2.399999633789e+04 0.000000000000e+00 9.600000000000e+02 -5.542562584220e+02 2.399999633789e+04 0.000000000000e+00 1.000000000000e+00 6.123233995737e-17 2.499999618530e+01
R0_rect: 1.000000000000e+00 0.000000000000e+00 0.000000000000e+00 0.000000000000e+00 1.000000000000e+00 0.000000000000e+00 0.000000000000e+00 0.000000000000e+00 1.000000000000e+00
Tr_velo_to_p2: 0.000000000000e+00 -1.000000000000e+00 0.000000000000e+00 3.761722194479e-06 0.000000000000e+00 0.000000000000e+00 -1.000000000000e+00 -5.000000422338e-01 1.000000000000e+00 0.000000000000e+00 0.000000000000e+00 -2.240221287426e+00
imu_to_world: -9.999133567549e-01 1.315749855727e-02 3.990174195236e-04 -1.073073501587e+02 -1.315749928353e-02 -9.999134363593e-01 8.049729866191e-07 8.800057220459e+01 3.989934705540e-04 -4.445168170350e-06 9.999999203922e-01 2.844116650522e-03
p2_to_world: 1.315749855727e-02 -3.990174195236e-04 -9.999133567549e-01 -1.095465621948e+02 -9.999134363593e-01 -8.049729866191e-07 -1.315749928353e-02 8.797109985352e+01 -4.445168170350e-06 -9.999999203922e-01 3.989934705540e-04 2.041528701782e+00
