P0: -5.542562584220e+02 0.000000000000e+00 -9.600000000000e+02 -4.300957658152e+03 -4.408728476930e-14 5.542562584220e+02 -3.600000000000e+02 -1.612859121807e+03 -1.224646799147e-16 0.000000000000e+00 -1.000000000000e+00 -4.480164227242e+00
P1: -9.600000000000e+02 0.000000000000e+00 5.542562584220e+02 2.483699846203e+02 -3.600000000000e+02 5.542562584220e+02 2.204364238465e-14 -3.724676265201e+02 -1.000000000000e+00 0.000000000000e+00 6.123233995737e-17 -1.034632295889e+00
P2: 5.542562584220e+02 0.000000000000e+00 9.600000000000e+02 0.000000000000e+00 0.000000000000e+00 5.542562584220e+02 3.600000000000e+02 0.000000000000e+00 0.000000000000e+00 0.000000000000e+00 1.000000000000e+00 0.000000000000e+00
P3: 5.542562584220e+02 0.000000000000e+00 9.600000000000e+02 -4.434001139011e+02 0.000000000000e+00 5.542562584220e+02 3.600000000000e+02 0.000000000000e+00 0.000000000000e+00 0.000000000000e+00 1.000000000000e+00 0.000000000000e+00
P4: 9.600000000000e+02 0.000000000000e+00 -5.542562584220e+02 -2.234805383102e+03 3.600000000000e+02 5.542562584220e+02 2.204364238465e-14 -3.724720611185e+02 1.000000000000e+00 0.000000000000e+00 6.123233995737e-17 -1.034644614218e+00
P5: 5.542562584220e+02 9.600000000000e+02 5.878304635907e-14 2.399818885803e+04 0.000000000000e+00 9.600000000000e+02 -5.542562584220e+02 2.399818885803e+04 0.000000000000e+00 1.000000000000e+00 6.123233995737e-17 2.499811339378e+01
R0_rect: 1.000000000000e+00 0.000000000000e+00 0.000000000000e+00 0.000000000000e+00 1.000000000000e+00 0.000000000000e+00 0.000000000000e+00 0.000000000000e+00 1.000000000000e+00
Tr_velo_to_p2: 0.000000000000e+00 -1.000000000000e+00 0.000000000000e+00 6.050750274260e-08 0.000000000000e+00 0.000000000000e+00 -1.000000000000e+00 -5.000002092698e-01 1.000000000000e+00 0.000000000000e+00 0.000000000000e+00 -2.240213483811e+00
imu_to_world: -9.980532412525e-01 -6.149241370050e-02 1.041204507168e-02 -1.121637649536e+02 6.142667353258e-02 -9.980903003891e-01 -6.520433110355e-03 8.810195922852e+01 1.079311836359e-02 -5.868162106735e-03 9.999245337872e-01 -1.667487551458e-03
p2_to_world: -6.149241370050e-02 -1.041204507168e-02 -9.980532412525e-01 -1.143784027100e+02 -9.980903003891e-01 6.520433110355e-03 6.142667353258e-02 8.822628784180e+01 -5.868162106735e-03 -9.999245337872e-01 1.079311836359e-02 2.060148477554e+00
