P0: -5.542562584220e+02 0.000000000000e+00 -9.600000000000e+02 -4.301215343182e+03 -4.408728476930e-14 5.542562584220e+02 -3.600000000000e+02 -1.612955753693e+03 -1.224646799147e-16 0.000000000000e+00 -1.000000000000e+00 -4.480432649147e+00
P1: -9.600000000000e+02 0.000000000000e+00 5.542562584220e+02 2.483877903687e+02 -3.600000000000e+02 5.542562584220e+02 2.204364238465e-14 -3.724761856072e+02 -1.000000000000e+00 0.000000000000e+00 6.123233995737e-17 -1.034656071131e+00
P2: 5.542562584220e+02 0.000000000000e+00 9.600000000000e+02 0.000000000000e+00 0.000000000000e+00 5.542562584220e+02 3.600000000000e+02 0.000000000000e+00 0.000000000000e+00 0.000000000000e+00 1.000000000000e+00 0.000000000000e+00
P3: 5.542562584220e+02 0.000000000000e+00 9.600000000000e+02 -4.434038781168e+02 0.000000000000e+00 5.542562584220e+02 3.600000000000e+02 0.000000000000e+00 0.000000000000e+00 0.000000000000e+00 1.000000000000e+00 0.000000000000e+00
P4: 9.600000000000e+02 0.000000000000e+00 -5.542562584220e+02 -2.234926110382e+03 3.600000000000e+02 5.542562584220e+02 2.204364238465e-14 -3.724768742042e+02 1.000000000000e+00 0.000000000000e+00 6.123233995737e-17 -1.034657983901e+00
P5: 5.542562584220e+02 9.600000000000e+02 5.878304635907e-14 2.399997436523e+04 0.000000000000e+00 9.600000000000e+02 -5.542562584220e+02 2.399997436523e+04 0.000000000000e+00 1.000000000000e+00 6.123233995737e-17 2.499997329712e+01
R0_rect: 1.000000000000e+00 0.000000000000e+00 0.000000000000e+00 0.000000000000e+00 1.000000000000e+00 0.000000000000e+00 0.000000000000e+00 0.000000000000e+00 1.000000000000e+00
Tr_velo_to_p2: 0.000000000000e+00 -1.000000000000e+00 0.000000000000e+00 -4.216995125232e-06 0.000000000000e+00 0.000000000000e+00 -1.000000000000e+00 -4.999999057202e-01 1.000000000000e+00 0.000000000000e+00 0.000000000000e+00 -2.240217402175e+00
imu_to_world: -9.999098892156e-01 1.334199295791e-02 -1.484814030266e-03 -1.071079101562e+02 -1.334202649186e-02 -9.999109911228e-01 1.268124408179e-05 8.800348663330e+01 -1.484512675567e-03 3.249052949224e-05 9.999988975826e-01 3.657028544694e-03
p2_to_world: 1.334199295791e-02 1.484814030266e-03 -9.999098892156e-01 -1.093509521484e+02 -9.999109911228e-01 -1.268124408179e-05 -1.334202649186e-02 8.797361755371e+01 3.249052949224e-05 -9.999988975826e-01 -1.484512675567e-03 2.038120269775e+00
