P0: -5.542562584220e+02 0.000000000000e+00 -9.600000000000e+02 -4.301222159359e+03 -4.408728476930e-14 5.542562584220e+02 -3.600000000000e+02 -1.612958309760e+03 -1.224646799147e-16 0.000000000000e+00 -1.000000000000e+00 -4.480439749333e+00
P1: -9.600000000000e+02 0.000000000000e+00 5.542562584220e+02 2.483835266216e+02 -3.600000000000e+02 5.542562584220e+02 2.204364238465e-14 -3.724780223374e+02 -1.000000000000e+00 0.000000000000e+00 6.123233995737e-17 -1.034661173159e+00
P2: 5.542562584220e+02 0.000000000000e+00 9.600000000000e+02 0.000000000000e+00 0.000000000000e+00 5.542562584220e+02 3.600000000000e+02 0.000000000000e+00 0.000000000000e+00 0.000000000000e+00 1.000000000000e+00 0.000000000000e+00
P3: 5.542562584220e+02 0.000000000000e+00 9.600000000000e+02 -4.434047299143e+02 0.000000000000e+00 5.542562584220e+02 3.600000000000e+02 0.000000000000e+00 0.000000000000e+00 0.000000000000e+00 1.000000000000e+00 0.000000000000e+00
P4: 9.600000000000e+02 0.000000000000e+00 -5.542562584220e+02 -2.234919821545e+03 3.600000000000e+02 5.542562584220e+02 2.204364238465e-14 -3.724732589349e+02 1.000000000000e+00 0.000000000000e+00 6.123233995737e-17 -1.034647941486e+00
P5: 5.542562584220e+02 9.600000000000e+02 5.878304635907e-14 2.399999267578e+04 0.000000000000e+00 9.600000000000e+02 -5.542562584220e+02 2.399999267578e+04 0.000000000000e+00 1.000000000000e+00 6.123233995737e-17 2.499999237061e+01
R0_rect: 1.000000000000e+00 0.000000000000e+00 0.000000000000e+00 0.000000000000e+00 1.000000000000e+00 0.000000000000e+00 0.000000000000e+00 0.000000000000e+00 1.000000000000e+00
Tr_velo_to_p2: 0.000000000000e+00 -1.000000000000e+00 0.000000000000e+00 -1.114866649192e-05 0.000000000000e+00 0.000000000000e+00 -1.000000000000e+00 -4.999999254642e-01 1.000000000000e+00 0.000000000000e+00 0.000000000000e+00 -2.240226966873e+00
imu_to_world: -9.999279511682e-01 1.198661471506e-02 6.430708723303e-04 -1.047836685181e+02 -1.198659853074e-02 -9.999281577262e-01 2.901560112770e-05 8.803456115723e+01 6.433724714881e-04 2.130527821410e-05 9.999997928090e-01 2.737382194027e-03
p2_to_world: 1.198661471506e-02 -6.430708723303e-04 -9.999279511682e-01 -1.070224227905e+02 -9.999281577262e-01 -2.901560112770e-05 -1.198659853074e-02 8.800775909424e+01 2.130527821410e-05 -9.999997928090e-01 6.433724714881e-04 2.041969299316e+00
