P0: -5.542562584220e+02 0.000000000000e+00 -9.600000000000e+02 -4.300941699785e+03 -4.408728476930e-14 5.542562584220e+02 -3.600000000000e+02 -1.612853137419e+03 -1.224646799147e-16 0.000000000000e+00 -1.000000000000e+00 -4.480147603942e+00
P1: -9.600000000000e+02 0.000000000000e+00 5.542562584220e+02 2.483923898155e+02 -3.600000000000e+02 5.542562584220e+02 2.204364238465e-14 -3.724623940096e+02 -1.000000000000e+00 0.000000000000e+00 6.123233995737e-17 -1.034617761138e+00
P2: 5.542562584220e+02 0.000000000000e+00 9.600000000000e+02 0.000000000000e+00 0.000000000000e+00 5.542562584220e+02 3.600000000000e+02 0.000000000000e+00 0.000000000000e+00 0.000000000000e+00 1.000000000000e+00 0.000000000000e+00
P3: 5.542562584220e+02 0.000000000000e+00 9.600000000000e+02 -4.433937173818e+02 0.000000000000e+00 5.542562584220e+02 3.600000000000e+02 0.000000000000e+00 0.000000000000e+00 0.000000000000e+00 1.000000000000e+00 0.000000000000e+00
P4: 9.600000000000e+02 0.000000000000e+00 -5.542562584220e+02 -2.234772522340e+03 3.600000000000e+02 5.542562584220e+02 2.204364238465e-14 -3.724677087910e+02 1.000000000000e+00 0.000000000000e+00 6.123233995737e-17 -1.034632524419e+00
P5: 5.542562584220e+02 9.600000000000e+02 5.878304635907e-14 2.399773017883e+04 0.000000000000e+00 9.600000000000e+02 -5.542562584220e+02 2.399773017883e+04 0.000000000000e+00 1.000000000000e+00 6.123233995737e-17 2.499763560295e+01
R0_rect: 1.000000000000e+00 0.000000000000e+00 0.000000000000e+00 0.000000000000e+00 1.000000000000e+00 0.000000000000e+00 0.000000000000e+00 0.000000000000e+00 1.000000000000e+00
Tr_velo_to_p2: 0.000000000000e+00 -1.000000000000e+00 0.000000000000e+00 2.559386405128e-06 0.000000000000e+00 0.000000000000e+00 -1.000000000000e+00 -5.000001298653e-01 1.000000000000e+00 0.000000000000e+00 0.000000000000e+00 -2.240215796405e+00
imu_to_world: -9.943683884518e-01 -1.054695333374e-01 1.037716654304e-02 -1.129734649658e+02 1.053777487838e-01 -9.943912859047e-01 -9.027767058815e-03 8.822251129150e+01 1.127111836155e-02 -7.883403732532e-03 9.999054024439e-01 -1.881988020614e-03
p2_to_world: -1.054695333374e-01 -1.037716654304e-02 -9.943683884518e-01 -1.151799163818e+02 -9.943912859047e-01 9.027767058815e-03 1.053777487838e-01 8.844018554688e+01 -7.883403732532e-03 -9.999054024439e-01 1.127111836155e-02 2.060965776443e+00
