P0: -5.542562584220e+02 0.000000000000e+00 -9.600000000000e+02 -4.301115122784e+03 -4.408728476930e-14 5.542562584220e+02 -3.600000000000e+02 -1.612918171044e+03 -1.224646799147e-16 0.000000000000e+00 -1.000000000000e+00 -4.480328252900e+00
P1: -9.600000000000e+02 0.000000000000e+00 5.542562584220e+02 2.483597670370e+02 -3.600000000000e+02 5.542562584220e+02 2.204364238465e-14 -3.724746818199e+02 -1.000000000000e+00 0.000000000000e+00 6.123233995737e-17 -1.034651893944e+00
P2: 5.542562584220e+02 0.000000000000e+00 9.600000000000e+02 0.000000000000e+00 0.000000000000e+00 5.542562584220e+02 3.600000000000e+02 0.000000000000e+00 0.000000000000e+00 0.000000000000e+00 1.000000000000e+00 0.000000000000e+00
P3: 5.542562584220e+02 0.000000000000e+00 9.600000000000e+02 -4.434071007513e+02 0.000000000000e+00 5.542562584220e+02 3.600000000000e+02 0.000000000000e+00 0.000000000000e+00 0.000000000000e+00 1.000000000000e+00 0.000000000000e+00
P4: 9.600000000000e+02 0.000000000000e+00 -5.542562584220e+02 -2.234892746417e+03 3.600000000000e+02 5.542562584220e+02 2.204364238465e-14 -3.724756341322e+02 1.000000000000e+00 0.000000000000e+00 6.123233995737e-17 -1.034654539256e+00
P5: 5.542562584220e+02 9.600000000000e+02 5.878304635907e-14 2.399946533203e+04 0.000000000000e+00 9.600000000000e+02 -5.542562584220e+02 2.399946533203e+04 0.000000000000e+00 1.000000000000e+00 6.123233995737e-17 2.499944305420e+01
R0_rect: 1.000000000000e+00 0.000000000000e+00 0.000000000000e+00 0.000000000000e+00 1.000000000000e+00 0.000000000000e+00 0.000000000000e+00 0.000000000000e+00 1.000000000000e+00
Tr_velo_to_p2: 0.000000000000e+00 -1.000000000000e+00 0.000000000000e+00 -4.669586730926e-06 0.000000000000e+00 0.000000000000e+00 -1.000000000000e+00 -4.999997215116e-01 1.000000000000e+00 0.000000000000e+00 0.000000000000e+00 -2.240207401060e+00
imu_to_world: -9.998813567867e-01 1.388276954962e-02 6.673908894869e-03 -1.073928527832e+02 -1.388203719608e-02 -9.999036277024e-01 1.560477750037e-04 8.799970245361e+01 6.675432090234e-03 6.338180947238e-05 9.999777170463e-01 1.258397096535e-04
p2_to_world: 1.388276954962e-02 -6.673908894869e-03 -9.998813567867e-01 -1.096191940308e+02 -9.999036277024e-01 -1.560477750037e-04 -1.388203719608e-02 8.796892547607e+01 6.338180947238e-05 -9.999777170463e-01 6.675432090234e-03 2.052825927734e+00
