P0: -5.542562584220e+02 0.000000000000e+00 -9.600000000000e+02 -4.300754686060e+03 -4.408728476930e-14 5.542562584220e+02 -3.600000000000e+02 -1.612783007272e+03 -1.224646799147e-16 0.000000000000e+00 -1.000000000000e+00 -4.479952797979e+00
P1: -9.600000000000e+02 0.000000000000e+00 5.542562584220e+02 2.482541524982e+02 -3.600000000000e+02 5.542562584220e+02 2.204364238465e-14 -3.724751680330e+02 -1.000000000000e+00 0.000000000000e+00 6.123233995737e-17 -1.034653244536e+00
P2: 5.542562584220e+02 0.000000000000e+00 9.600000000000e+02 0.000000000000e+00 0.000000000000e+00 5.542562584220e+02 3.600000000000e+02 0.000000000000e+00 0.000000000000e+00 0.000000000000e+00 1.000000000000e+00 0.000000000000e+00
P3: 5.542562584220e+02 0.000000000000e+00 9.600000000000e+02 -4.434066823043e+02 0.000000000000e+00 5.542562584220e+02 3.600000000000e+02 0.000000000000e+00 0.000000000000e+00 0.000000000000e+00 1.000000000000e+00 0.000000000000e+00
P4: 9.600000000000e+02 0.000000000000e+00 -5.542562584220e+02 -2.234792185473e+03 3.600000000000e+02 5.542562584220e+02 2.204364238465e-14 -3.724777826763e+02 1.000000000000e+00 0.000000000000e+00 6.123233995737e-17 -1.034660507434e+00
P5: 5.542562584220e+02 9.600000000000e+02 5.878304635907e-14 2.399744247437e+04 0.000000000000e+00 9.600000000000e+02 -5.542562584220e+02 2.399744247437e+04 0.000000000000e+00 1.000000000000e+00 6.123233995737e-17 2.499733591080e+01
R0_rect: 1.000000000000e+00 0.000000000000e+00 0.000000000000e+00 0.000000000000e+00 1.000000000000e+00 0.000000000000e+00 0.000000000000e+00 0.000000000000e+00 1.000000000000e+00
Tr_velo_to_p2: 0.000000000000e+00 -1.000000000000e+00 0.000000000000e+00 -2.399252376288e-06 0.000000000000e+00 0.000000000000e+00 -1.000000000000e+00 -5.000000250155e-01 1.000000000000e+00 0.000000000000e+00 0.000000000000e+00 -2.240213718895e+00
imu_to_world: -9.385023353023e-01 -3.450003488625e-01 -1.371590015291e-02 -1.178184280396e+02 3.449642020922e-01 -9.386025555636e-01 4.994193064066e-03 8.965515136719e+01 -1.459677728476e-02 -4.443269864791e-05 9.998934603840e-01 9.264859370887e-03
p2_to_world: -3.450003488625e-01 1.371590015291e-02 -9.385023353023e-01 -1.199488220215e+02 -9.386025555636e-01 -4.994193064066e-03 3.449642020922e-01 9.043812561035e+01 -4.443269864791e-05 -9.998934603840e-01 -1.459677728476e-02 2.014138698578e+00
