P0: -5.542562584220e+02 0.000000000000e+00 -9.600000000000e+02 -4.301175375406e+03 -4.408728476930e-14 5.542562584220e+02 -3.600000000000e+02 -1.612940765777e+03 -1.224646799147e-16 0.000000000000e+00 -1.000000000000e+00 -4.480391016048e+00
P1: -9.600000000000e+02 0.000000000000e+00 5.542562584220e+02 2.483719373227e+02 -3.600000000000e+02 5.542562584220e+02 2.204364238465e-14 -3.724755394543e+02 -1.000000000000e+00 0.000000000000e+00 6.123233995737e-17 -1.034654276262e+00
P2: 5.542562584220e+02 0.000000000000e+00 9.600000000000e+02 0.000000000000e+00 0.000000000000e+00 5.542562584220e+02 3.600000000000e+02 0.000000000000e+00 0.000000000000e+00 0.000000000000e+00 1.000000000000e+00 0.000000000000e+00
P3: 5.542562584220e+02 0.000000000000e+00 9.600000000000e+02 -4.434070417133e+02 0.000000000000e+00 5.542562584220e+02 3.600000000000e+02 0.000000000000e+00 0.000000000000e+00 0.000000000000e+00 1.000000000000e+00 0.000000000000e+00
P4: 9.600000000000e+02 0.000000000000e+00 -5.542562584220e+02 -2.234920618981e+03 3.600000000000e+02 5.542562584220e+02 2.204364238465e-14 -3.724784836195e+02 1.000000000000e+00 0.000000000000e+00 6.123233995737e-17 -1.034662454499e+00
P5: 5.542562584220e+02 9.600000000000e+02 5.878304635907e-14 2.399974044800e+04 0.000000000000e+00 9.600000000000e+02 -5.542562584220e+02 2.399974044800e+04 0.000000000000e+00 1.000000000000e+00 6.123233995737e-17 2.499972963333e+01
R0_rect: 1.000000000000e+00 0.000000000000e+00 0.000000000000e+00 0.000000000000e+00 1.000000000000e+00 0.000000000000e+00 0.000000000000e+00 0.000000000000e+00 1.000000000000e+00
Tr_velo_to_p2: 0.000000000000e+00 -1.000000000000e+00 0.000000000000e+00 1.732334425129e-06 0.000000000000e+00 0.000000000000e+00 -1.000000000000e+00 -5.000000171632e-01 1.000000000000e+00 0.000000000000e+00 0.000000000000e+00 -2.240223141676e+00
imu_to_world: -9.999026479725e-01 1.315459262015e-02 -4.653092575168e-03 -1.073016052246e+02 -1.315442867144e-02 -9.999134745925e-01 -6.583847612497e-05 8.800073242188e+01 -4.653556042769e-03 -4.623292234174e-06 9.999891721388e-01 5.040390416980e-03
p2_to_world: 1.315459262015e-02 4.653092575168e-03 -9.999026479725e-01 -1.095510940552e+02 -9.999134745925e-01 6.583847612497e-05 -1.315442867144e-02 8.797113037109e+01 -4.623292234174e-06 -9.999891721388e-01 -4.653556042769e-03 2.032384395599e+00
