P0: -5.542562584220e+02 0.000000000000e+00 -9.600000000000e+02 -4.301216118001e+03 -4.408728476930e-14 5.542562584220e+02 -3.600000000000e+02 -1.612956044250e+03 -1.224646799147e-16 0.000000000000e+00 -1.000000000000e+00 -4.480433456251e+00
P1: -9.600000000000e+02 0.000000000000e+00 5.542562584220e+02 2.483885439732e+02 -3.600000000000e+02 5.542562584220e+02 2.204364238465e-14 -3.724740084793e+02 -1.000000000000e+00 0.000000000000e+00 6.123233995737e-17 -1.034650023554e+00
P2: 5.542562584220e+02 0.000000000000e+00 9.600000000000e+02 0.000000000000e+00 0.000000000000e+00 5.542562584220e+02 3.600000000000e+02 0.000000000000e+00 0.000000000000e+00 0.000000000000e+00 1.000000000000e+00 0.000000000000e+00
P3: 5.542562584220e+02 0.000000000000e+00 9.600000000000e+02 -4.434101101996e+02 0.000000000000e+00 5.542562584220e+02 3.600000000000e+02 0.000000000000e+00 0.000000000000e+00 0.000000000000e+00 1.000000000000e+00 0.000000000000e+00
P4: 9.600000000000e+02 0.000000000000e+00 -5.542562584220e+02 -2.234930820990e+03 3.600000000000e+02 5.542562584220e+02 2.204364238465e-14 -3.724781845653e+02 1.000000000000e+00 0.000000000000e+00 6.123233995737e-17 -1.034661623792e+00
P5: 5.542562584220e+02 9.600000000000e+02 5.878304635907e-14 2.399998947144e+04 0.000000000000e+00 9.600000000000e+02 -5.542562584220e+02 2.399998947144e+04 0.000000000000e+00 1.000000000000e+00 6.123233995737e-17 2.499998903275e+01
R0_rect: 1.000000000000e+00 0.000000000000e+00 0.000000000000e+00 0.000000000000e+00 1.000000000000e+00 0.000000000000e+00 0.000000000000e+00 0.000000000000e+00 1.000000000000e+00
Tr_velo_to_p2: 0.000000000000e+00 -1.000000000000e+00 0.000000000000e+00 3.304128656103e-06 0.000000000000e+00 0.000000000000e+00 -1.000000000000e+00 -5.000000665300e-01 1.000000000000e+00 0.000000000000e+00 0.000000000000e+00 -2.240213116215e+00
imu_to_world: -9.999154996357e-01 1.296791203355e-02 9.093106519380e-04 -1.069601516724e+02 -1.296789407552e-02 -9.999159129975e-01 2.564244193533e-05 8.800538635254e+01 9.095667196624e-04 1.384843092357e-05 9.999995862482e-01 2.639000304043e-03
p2_to_world: 1.296791203355e-02 -9.093106519380e-04 -9.999154996357e-01 -1.091983261108e+02 -9.999159129975e-01 -2.564244193533e-05 -1.296789407552e-02 8.797639465332e+01 1.384843092357e-05 -9.999995862482e-01 9.095667196624e-04 2.042466640472e+00
