P0: -5.542562584220e+02 0.000000000000e+00 -9.600000000000e+02 -4.300961634098e+03 -4.408728476930e-14 5.542562584220e+02 -3.600000000000e+02 -1.612860612787e+03 -1.224646799147e-16 0.000000000000e+00 -1.000000000000e+00 -4.480168368852e+00
P1: -9.600000000000e+02 0.000000000000e+00 5.542562584220e+02 2.483113916118e+02 -3.600000000000e+02 5.542562584220e+02 2.204364238465e-14 -3.724765133315e+02 -1.000000000000e+00 0.000000000000e+00 6.123233995737e-17 -1.034656981476e+00
P2: 5.542562584220e+02 0.000000000000e+00 9.600000000000e+02 0.000000000000e+00 0.000000000000e+00 5.542562584220e+02 3.600000000000e+02 0.000000000000e+00 0.000000000000e+00 0.000000000000e+00 1.000000000000e+00 0.000000000000e+00
P3: 5.542562584220e+02 0.000000000000e+00 9.600000000000e+02 -4.434029312241e+02 0.000000000000e+00 5.542562584220e+02 3.600000000000e+02 0.000000000000e+00 0.000000000000e+00 0.000000000000e+00 1.000000000000e+00 0.000000000000e+00
P4: 9.600000000000e+02 0.000000000000e+00 -5.542562584220e+02 -2.234854492183e+03 3.600000000000e+02 5.542562584220e+02 2.204364238465e-14 -3.724766252101e+02 1.000000000000e+00 0.000000000000e+00 6.123233995737e-17 -1.034657292250e+00
P5: 5.542562584220e+02 9.600000000000e+02 5.878304635907e-14 2.399856056213e+04 0.000000000000e+00 9.600000000000e+02 -5.542562584220e+02 2.399856056213e+04 0.000000000000e+00 1.000000000000e+00 6.123233995737e-17 2.499850058556e+01
R0_rect: 1.000000000000e+00 0.000000000000e+00 0.000000000000e+00 0.000000000000e+00 1.000000000000e+00 0.000000000000e+00 0.000000000000e+00 0.000000000000e+00 1.000000000000e+00
Tr_velo_to_p2: 0.000000000000e+00 -1.000000000000e+00 0.000000000000e+00 -2.847855997807e-06 0.000000000000e+00 0.000000000000e+00 -1.000000000000e+00 -4.999996951924e-01 1.000000000000e+00 0.000000000000e+00 0.000000000000e+00 -2.240212455277e+00
imu_to_world: -9.998437303901e-01 1.388876927115e-02 1.093695056531e-02 -1.074996719360e+02 -1.388657499397e-02 -9.999035386255e-01 2.765484807440e-04 8.799819183350e+01 1.093973649007e-02 1.246284803902e-04 9.999401515257e-01 -1.721045933664e-03
p2_to_world: 1.388876927115e-02 -1.093695056531e-02 -9.998437303901e-01 -1.097172546387e+02 -9.999035386255e-01 -2.765484807440e-04 -1.388657499397e-02 8.796764373779e+01 1.246284803902e-04 -9.999401515257e-01 1.093973649007e-02 2.060455560684e+00
