P0: -5.542562584220e+02 0.000000000000e+00 -9.600000000000e+02 -4.301208351043e+03 -4.408728476930e-14 5.542562584220e+02 -3.600000000000e+02 -1.612953131641e+03 -1.224646799147e-16 0.000000000000e+00 -1.000000000000e+00 -4.480425365670e+00
P1: -9.600000000000e+02 0.000000000000e+00 5.542562584220e+02 2.483857152017e+02 -3.600000000000e+02 5.542562584220e+02 2.204364238465e-14 -3.724744365325e+02 -1.000000000000e+00 0.000000000000e+00 6.123233995737e-17 -1.034651212590e+00
P2: 5.542562584220e+02 0.000000000000e+00 9.600000000000e+02 0.000000000000e+00 0.000000000000e+00 5.542562584220e+02 3.600000000000e+02 0.000000000000e+00 0.000000000000e+00 0.000000000000e+00 1.000000000000e+00 0.000000000000e+00
P3: 5.542562584220e+02 0.000000000000e+00 9.600000000000e+02 -4.434062251393e+02 0.000000000000e+00 5.542562584220e+02 3.600000000000e+02 0.000000000000e+00 0.000000000000e+00 0.000000000000e+00 1.000000000000e+00 0.000000000000e+00
P4: 9.600000000000e+02 0.000000000000e+00 -5.542562584220e+02 -2.234936545244e+03 3.600000000000e+02 5.542562584220e+02 2.204364238465e-14 -3.724798173936e+02 1.000000000000e+00 0.000000000000e+00 6.123233995737e-17 -1.034666159427e+00
P5: 5.542562584220e+02 9.600000000000e+02 5.878304635907e-14 2.399991966248e+04 0.000000000000e+00 9.600000000000e+02 -5.542562584220e+02 2.399991966248e+04 0.000000000000e+00 1.000000000000e+00 6.123233995737e-17 2.499991631508e+01
R0_rect: 1.000000000000e+00 0.000000000000e+00 0.000000000000e+00 0.000000000000e+00 1.000000000000e+00 0.000000000000e+00 0.000000000000e+00 0.000000000000e+00 1.000000000000e+00
Tr_velo_to_p2: 0.000000000000e+00 -1.000000000000e+00 0.000000000000e+00 4.518819399021e-06 0.000000000000e+00 0.000000000000e+00 -1.000000000000e+00 -5.000002601652e-01 1.000000000000e+00 0.000000000000e+00 0.000000000000e+00 -2.240230779594e+00
imu_to_world: -9.999024826017e-01 1.372471338679e-02 2.580218853220e-03 -1.073306884766e+02 -1.372465669514e-02 -9.999058116764e-01 3.967753127307e-05 8.800052642822e+01 2.580520389476e-03 4.261044064672e-06 9.999966704426e-01 1.898338785395e-03
p2_to_world: 1.372471338679e-02 -2.580218853220e-03 -9.999024826017e-01 -1.095654373169e+02 -9.999058116764e-01 -3.967753127307e-05 -1.372465669514e-02 8.796986389160e+01 4.261044064672e-06 -9.999966704426e-01 2.580520389476e-03 2.045463323593e+00
