P0: -5.542562584220e+02 0.000000000000e+00 -9.600000000000e+02 -4.301213229736e+03 -4.408728476930e-14 5.542562584220e+02 -3.600000000000e+02 -1.612954961151e+03 -1.224646799147e-16 0.000000000000e+00 -1.000000000000e+00 -4.480430447642e+00
P1: -9.600000000000e+02 0.000000000000e+00 5.542562584220e+02 2.483800799573e+02 -3.600000000000e+02 5.542562584220e+02 2.204364238465e-14 -3.724773515383e+02 -1.000000000000e+00 0.000000000000e+00 6.123233995737e-17 -1.034659309829e+00
P2: 5.542562584220e+02 0.000000000000e+00 9.600000000000e+02 0.000000000000e+00 0.000000000000e+00 5.542562584220e+02 3.600000000000e+02 0.000000000000e+00 0.000000000000e+00 0.000000000000e+00 1.000000000000e+00 0.000000000000e+00
P3: 5.542562584220e+02 0.000000000000e+00 9.600000000000e+02 -4.434067579561e+02 0.000000000000e+00 5.542562584220e+02 3.600000000000e+02 0.000000000000e+00 0.000000000000e+00 0.000000000000e+00 1.000000000000e+00 0.000000000000e+00
P4: 9.600000000000e+02 0.000000000000e+00 -5.542562584220e+02 -2.234919118666e+03 3.600000000000e+02 5.542562584220e+02 2.204364238465e-14 -3.724745450118e+02 1.000000000000e+00 0.000000000000e+00 6.123233995737e-17 -1.034651513922e+00
P5: 5.542562584220e+02 9.600000000000e+02 5.878304635907e-14 2.399998260498e+04 0.000000000000e+00 9.600000000000e+02 -5.542562584220e+02 2.399998260498e+04 0.000000000000e+00 1.000000000000e+00 6.123233995737e-17 2.499998188019e+01
R0_rect: 1.000000000000e+00 0.000000000000e+00 0.000000000000e+00 0.000000000000e+00 1.000000000000e+00 0.000000000000e+00 0.000000000000e+00 0.000000000000e+00 1.000000000000e+00
Tr_velo_to_p2: 0.000000000000e+00 -1.000000000000e+00 0.000000000000e+00 6.614516723793e-07 0.000000000000e+00 0.000000000000e+00 -1.000000000000e+00 -5.000000834490e-01 1.000000000000e+00 0.000000000000e+00 0.000000000000e+00 -2.240218240419e+00
imu_to_world: -9.998750421711e-01 1.576472587516e-02 1.171947710675e-03 -1.079052124023e+02 -1.576471712721e-02 -9.998757289858e-01 1.670236867456e-05 8.799312591553e+01 1.172065379808e-03 -1.775142563842e-06 9.999993131296e-01 2.510597696528e-03
p2_to_world: 1.576472587516e-02 -1.171947710675e-03 -9.998750421711e-01 -1.101427612305e+02 -9.998757289858e-01 -1.670236867456e-05 -1.576471712721e-02 8.795783996582e+01 -1.775142563842e-06 -9.999993131296e-01 1.172065379808e-03 2.042925834656e+00
