P0: -5.542562584220e+02 0.000000000000e+00 -9.600000000000e+02 -4.300219633197e+03 -4.408728476930e-14 5.542562584220e+02 -3.600000000000e+02 -1.612582362449e+03 -1.224646799147e-16 0.000000000000e+00 -1.000000000000e+00 -4.479395451247e+00
P1: -9.600000000000e+02 0.000000000000e+00 5.542562584220e+02 2.480967844770e+02 -3.600000000000e+02 5.542562584220e+02 2.204364238465e-14 -3.724739890571e+02 -1.000000000000e+00 0.000000000000e+00 6.123233995737e-17 -1.034649969603e+00
P2: 5.542562584220e+02 0.000000000000e+00 9.600000000000e+02 0.000000000000e+00 0.000000000000e+00 5.542562584220e+02 3.600000000000e+02 0.000000000000e+00 0.000000000000e+00 0.000000000000e+00 1.000000000000e+00 0.000000000000e+00
P3: 5.542562584220e+02 0.000000000000e+00 9.600000000000e+02 -4.434059367341e+02 0.000000000000e+00 5.542562584220e+02 3.600000000000e+02 0.000000000000e+00 0.000000000000e+00 0.000000000000e+00 1.000000000000e+00 0.000000000000e+00
P4: 9.600000000000e+02 0.000000000000e+00 -5.542562584220e+02 -2.234647308436e+03 3.600000000000e+02 5.542562584220e+02 2.204364238465e-14 -3.724782039538e+02 1.000000000000e+00 0.000000000000e+00 6.123233995737e-17 -1.034661677649e+00
P5: 5.542562584220e+02 9.600000000000e+02 5.878304635907e-14 2.399443702698e+04 0.000000000000e+00 9.600000000000e+02 -5.542562584220e+02 2.399443702698e+04 0.000000000000e+00 1.000000000000e+00 6.123233995737e-17 2.499420523643e+01
R0_rect: 1.000000000000e+00 0.000000000000e+00 0.000000000000e+00 0.000000000000e+00 1.000000000000e+00 0.000000000000e+00 0.000000000000e+00 0.000000000000e+00 1.000000000000e+00
Tr_velo_to_p2: 0.000000000000e+00 -1.000000000000e+00 0.000000000000e+00 5.211939347926e-06 0.000000000000e+00 0.000000000000e+00 -1.000000000000e+00 -5.000000145711e-01 1.000000000000e+00 0.000000000000e+00 0.000000000000e+00 -2.240209905193e+00
imu_to_world: -9.996843766891e-01 1.296819375102e-02 -2.151680633038e-02 -1.069482116699e+02 -1.295770717055e-02 -9.999158489817e-01 -6.267216421350e-04 8.800547790527e+01 -2.152312311690e-02 -3.477153585008e-04 9.997682902880e-01 1.233393885195e-02
p2_to_world: 1.296819375102e-02 2.151680633038e-02 -9.996843766891e-01 -1.092315673828e+02 -9.999158489817e-01 6.267216421350e-04 -1.295770717055e-02 8.797517395020e+01 -3.477153585008e-04 -9.997682902880e-01 -2.152312311690e-02 2.001436471939e+00
