P0: -5.542562584220e+02 0.000000000000e+00 -9.600000000000e+02 -4.301214654516e+03 -4.408728476930e-14 5.542562584220e+02 -3.600000000000e+02 -1.612955495443e+03 -1.224646799147e-16 0.000000000000e+00 -1.000000000000e+00 -4.480431931787e+00
P1: -9.600000000000e+02 0.000000000000e+00 5.542562584220e+02 2.483776427220e+02 -3.600000000000e+02 5.542562584220e+02 2.204364238465e-14 -3.724780733684e+02 -1.000000000000e+00 0.000000000000e+00 6.123233995737e-17 -1.034661314912e+00
P2: 5.542562584220e+02 0.000000000000e+00 9.600000000000e+02 0.000000000000e+00 0.000000000000e+00 5.542562584220e+02 3.600000000000e+02 0.000000000000e+00 0.000000000000e+00 0.000000000000e+00 1.000000000000e+00 0.000000000000e+00
P3: 5.542562584220e+02 0.000000000000e+00 9.600000000000e+02 -4.434063950315e+02 0.000000000000e+00 5.542562584220e+02 3.600000000000e+02 0.000000000000e+00 0.000000000000e+00 0.000000000000e+00 1.000000000000e+00 0.000000000000e+00
P4: 9.600000000000e+02 0.000000000000e+00 -5.542562584220e+02 -2.234918823549e+03 3.600000000000e+02 5.542562584220e+02 2.204364238465e-14 -3.724755106697e+02 1.000000000000e+00 0.000000000000e+00 6.123233995737e-17 -1.034654196305e+00
P5: 5.542562584220e+02 9.600000000000e+02 5.878304635907e-14 2.399994003296e+04 0.000000000000e+00 9.600000000000e+02 -5.542562584220e+02 2.399994003296e+04 0.000000000000e+00 1.000000000000e+00 6.123233995737e-17 2.499993753433e+01
R0_rect: 1.000000000000e+00 0.000000000000e+00 0.000000000000e+00 0.000000000000e+00 1.000000000000e+00 0.000000000000e+00 0.000000000000e+00 0.000000000000e+00 1.000000000000e+00
Tr_velo_to_p2: 0.000000000000e+00 -1.000000000000e+00 0.000000000000e+00 -1.407200961909e-06 0.000000000000e+00 0.000000000000e+00 -1.000000000000e+00 -5.000002130875e-01 1.000000000000e+00 0.000000000000e+00 0.000000000000e+00 -2.240223585199e+00
imu_to_world: -9.999410508283e-01 1.063099837705e-02 2.208334653121e-03 -1.037301254272e+02 -1.063084656396e-02 -9.999434877159e-01 8.047271483336e-05 8.804827117920e+01 2.209065360386e-03 5.699150417426e-05 9.999975583881e-01 2.059090882540e-03
p2_to_world: 1.063099837705e-02 -2.208334653121e-03 -9.999410508283e-01 -1.059657135010e+02 -9.999434877159e-01 -8.047271483336e-05 -1.063084656396e-02 8.802462005615e+01 5.699150417426e-05 -9.999975583881e-01 2.209065360386e-03 2.044793605804e+00
