P0: -5.542562584220e+02 0.000000000000e+00 -9.600000000000e+02 -4.301219220571e+03 -4.408728476930e-14 5.542562584220e+02 -3.600000000000e+02 -1.612957207714e+03 -1.224646799147e-16 0.000000000000e+00 -1.000000000000e+00 -4.480436688095e+00
P1: -9.600000000000e+02 0.000000000000e+00 5.542562584220e+02 2.483885103402e+02 -3.600000000000e+02 5.542562584220e+02 2.204364238465e-14 -3.724756097125e+02 -1.000000000000e+00 0.000000000000e+00 6.123233995737e-17 -1.034654471424e+00
P2: 5.542562584220e+02 0.000000000000e+00 9.600000000000e+02 0.000000000000e+00 0.000000000000e+00 5.542562584220e+02 3.600000000000e+02 0.000000000000e+00 0.000000000000e+00 0.000000000000e+00 1.000000000000e+00 0.000000000000e+00
P3: 5.542562584220e+02 0.000000000000e+00 9.600000000000e+02 -4.434069304629e+02 0.000000000000e+00 5.542562584220e+02 3.600000000000e+02 0.000000000000e+00 0.000000000000e+00 0.000000000000e+00 1.000000000000e+00 0.000000000000e+00
P4: 9.600000000000e+02 0.000000000000e+00 -5.542562584220e+02 -2.234928848205e+03 3.600000000000e+02 5.542562584220e+02 2.204364238465e-14 -3.724783411018e+02 1.000000000000e+00 0.000000000000e+00 6.123233995737e-17 -1.034662058616e+00
P5: 5.542562584220e+02 9.600000000000e+02 5.878304635907e-14 2.399999816895e+04 0.000000000000e+00 9.600000000000e+02 -5.542562584220e+02 2.399999816895e+04 0.000000000000e+00 1.000000000000e+00 6.123233995737e-17 2.499999809265e+01
R0_rect: 1.000000000000e+00 0.000000000000e+00 0.000000000000e+00 0.000000000000e+00 1.000000000000e+00 0.000000000000e+00 0.000000000000e+00 0.000000000000e+00 1.000000000000e+00
Tr_velo_to_p2: 0.000000000000e+00 -1.000000000000e+00 0.000000000000e+00 7.301149102310e-06 0.000000000000e+00 0.000000000000e+00 -1.000000000000e+00 -4.999999391622e-01 1.000000000000e+00 0.000000000000e+00 0.000000000000e+00 -2.240208232124e+00
imu_to_world: -9.999134782253e-01 1.315430495396e-02 -1.801642147901e-05 -1.073031997681e+02 -1.315430481194e-02 -9.999134783576e-01 -7.978251041939e-06 8.800063323975e+01 -1.811981101584e-05 -7.740567249745e-06 9.999999998059e-01 3.024971345440e-03
p2_to_world: 1.315430495396e-02 1.801642147901e-05 -9.999134782253e-01 -1.095432586670e+02 -9.999134783576e-01 7.978251041939e-06 -1.315430481194e-02 8.797115325928e+01 -7.740567249745e-06 -9.999999998059e-01 -1.811981101584e-05 2.040775299072e+00
