P0: -5.542562584220e+02 0.000000000000e+00 -9.600000000000e+02 -4.301040491653e+03 -4.408728476930e-14 5.542562584220e+02 -3.600000000000e+02 -1.612890184370e+03 -1.224646799147e-16 0.000000000000e+00 -1.000000000000e+00 -4.480250512138e+00
P1: -9.600000000000e+02 0.000000000000e+00 5.542562584220e+02 2.483762302360e+02 -3.600000000000e+02 5.542562584220e+02 2.204364238465e-14 -3.724705054570e+02 -1.000000000000e+00 0.000000000000e+00 6.123233995737e-17 -1.034640292936e+00
P2: 5.542562584220e+02 0.000000000000e+00 9.600000000000e+02 0.000000000000e+00 0.000000000000e+00 5.542562584220e+02 3.600000000000e+02 0.000000000000e+00 0.000000000000e+00 0.000000000000e+00 1.000000000000e+00 0.000000000000e+00
P3: 5.542562584220e+02 0.000000000000e+00 9.600000000000e+02 -4.434005580895e+02 0.000000000000e+00 5.542562584220e+02 3.600000000000e+02 0.000000000000e+00 0.000000000000e+00 0.000000000000e+00 1.000000000000e+00 0.000000000000e+00
P4: 9.600000000000e+02 0.000000000000e+00 -5.542562584220e+02 -2.234836727331e+03 3.600000000000e+02 5.542562584220e+02 2.204364238465e-14 -3.724727134119e+02 1.000000000000e+00 0.000000000000e+00 6.123233995737e-17 -1.034646426144e+00
P5: 5.542562584220e+02 9.600000000000e+02 5.878304635907e-14 2.399865989685e+04 0.000000000000e+00 9.600000000000e+02 -5.542562584220e+02 2.399865989685e+04 0.000000000000e+00 1.000000000000e+00 6.123233995737e-17 2.499860405922e+01
R0_rect: 1.000000000000e+00 0.000000000000e+00 0.000000000000e+00 0.000000000000e+00 1.000000000000e+00 0.000000000000e+00 0.000000000000e+00 0.000000000000e+00 1.000000000000e+00
Tr_velo_to_p2: 0.000000000000e+00 -1.000000000000e+00 0.000000000000e+00 3.371214183910e-07 0.000000000000e+00 0.000000000000e+00 -1.000000000000e+00 -4.999999374012e-01 1.000000000000e+00 0.000000000000e+00 0.000000000000e+00 -2.240214603998e+00
imu_to_world: -9.990104077453e-01 -4.356841263193e-02 8.944195737865e-03 -1.117998199463e+02 4.351937625715e-02 -9.990368551555e-01 -5.605883627778e-03 8.806107330322e+01 9.179820632913e-03 -5.211090269126e-03 9.999442861637e-01 -9.609293774702e-04
p2_to_world: -4.356841263193e-02 -8.944195737865e-03 -9.990104077453e-01 -1.140195999146e+02 -9.990368551555e-01 5.605883627778e-03 4.351937625715e-02 8.814714050293e+01 -5.211090269126e-03 -9.999442861637e-01 9.179820632913e-03 2.057281255722e+00
