P0: -5.542562584220e+02 0.000000000000e+00 -9.600000000000e+02 -4.301082565486e+03 -4.408728476930e-14 5.542562584220e+02 -3.600000000000e+02 -1.612905962057e+03 -1.224646799147e-16 0.000000000000e+00 -1.000000000000e+00 -4.480294339048e+00
P1: -9.600000000000e+02 0.000000000000e+00 5.542562584220e+02 2.483417295894e+02 -3.600000000000e+02 5.542562584220e+02 2.204364238465e-14 -3.724767831952e+02 -1.000000000000e+00 0.000000000000e+00 6.123233995737e-17 -1.034657731098e+00
P2: 5.542562584220e+02 0.000000000000e+00 9.600000000000e+02 0.000000000000e+00 0.000000000000e+00 5.542562584220e+02 3.600000000000e+02 0.000000000000e+00 0.000000000000e+00 0.000000000000e+00 1.000000000000e+00 0.000000000000e+00
P3: 5.542562584220e+02 0.000000000000e+00 9.600000000000e+02 -4.434069580222e+02 0.000000000000e+00 5.542562584220e+02 3.600000000000e+02 0.000000000000e+00 0.000000000000e+00 0.000000000000e+00 1.000000000000e+00 0.000000000000e+00
P4: 9.600000000000e+02 0.000000000000e+00 -5.542562584220e+02 -2.234877067089e+03 3.600000000000e+02 5.542562584220e+02 2.204364238465e-14 -3.724752866351e+02 1.000000000000e+00 0.000000000000e+00 6.123233995737e-17 -1.034653573986e+00
P5: 5.542562584220e+02 9.600000000000e+02 5.878304635907e-14 2.399923599243e+04 0.000000000000e+00 9.600000000000e+02 -5.542562584220e+02 2.399923599243e+04 0.000000000000e+00 1.000000000000e+00 6.123233995737e-17 2.499920415878e+01
R0_rect: 1.000000000000e+00 0.000000000000e+00 0.000000000000e+00 0.000000000000e+00 1.000000000000e+00 0.000000000000e+00 0.000000000000e+00 0.000000000000e+00 1.000000000000e+00
Tr_velo_to_p2: 0.000000000000e+00 -1.000000000000e+00 0.000000000000e+00 6.200439644443e-07 0.000000000000e+00 0.000000000000e+00 -1.000000000000e+00 -4.999999358984e-01 1.000000000000e+00 0.000000000000e+00 0.000000000000e+00 -2.240213492381e+00
imu_to_world: -9.998436211905e-01 1.578390438955e-02 7.975056540046e-03 -1.081634674072e+02 -1.578259923300e-02 -9.998754213545e-01 2.265668208349e-04 8.798906707764e+01 7.977639127342e-03 1.006642693532e-04 9.999681730639e-01 -4.424738872331e-04
p2_to_world: 1.578390438955e-02 -7.975056540046e-03 -9.998436211905e-01 -1.103870773315e+02 -9.998754213545e-01 -2.265668208349e-04 -1.578259923300e-02 8.795417785645e+01 1.006642693532e-04 -9.999681730639e-01 7.977639127342e-03 2.055155277252e+00
