P0: -5.542562584220e+02 0.000000000000e+00 -9.600000000000e+02 -4.300978195629e+03 -4.408728476930e-14 5.542562584220e+02 -3.600000000000e+02 -1.612866823361e+03 -1.224646799147e-16 0.000000000000e+00 -1.000000000000e+00 -4.480185620447e+00
P1: -9.600000000000e+02 0.000000000000e+00 5.542562584220e+02 2.484151021303e+02 -3.600000000000e+02 5.542562584220e+02 2.204364238465e-14 -3.724596669754e+02 -1.000000000000e+00 0.000000000000e+00 6.123233995737e-17 -1.034610186043e+00
P2: 5.542562584220e+02 0.000000000000e+00 9.600000000000e+02 0.000000000000e+00 0.000000000000e+00 5.542562584220e+02 3.600000000000e+02 0.000000000000e+00 0.000000000000e+00 0.000000000000e+00 1.000000000000e+00 0.000000000000e+00
P3: 5.542562584220e+02 0.000000000000e+00 9.600000000000e+02 -4.433837889045e+02 0.000000000000e+00 5.542562584220e+02 3.600000000000e+02 0.000000000000e+00 0.000000000000e+00 0.000000000000e+00 1.000000000000e+00 0.000000000000e+00
P4: 9.600000000000e+02 0.000000000000e+00 -5.542562584220e+02 -2.234763329860e+03 3.600000000000e+02 5.542562584220e+02 2.204364238465e-14 -3.724622331365e+02 1.000000000000e+00 0.000000000000e+00 6.123233995737e-17 -1.034617314268e+00
P5: 5.542562584220e+02 9.600000000000e+02 5.878304635907e-14 2.399766174316e+04 0.000000000000e+00 9.600000000000e+02 -5.542562584220e+02 2.399766174316e+04 0.000000000000e+00 1.000000000000e+00 6.123233995737e-17 2.499756431580e+01
R0_rect: 1.000000000000e+00 0.000000000000e+00 0.000000000000e+00 0.000000000000e+00 1.000000000000e+00 0.000000000000e+00 0.000000000000e+00 0.000000000000e+00 1.000000000000e+00
Tr_velo_to_p2: 0.000000000000e+00 -1.000000000000e+00 0.000000000000e+00 -1.293333291619e-06 0.000000000000e+00 0.000000000000e+00 -1.000000000000e+00 -4.999999438013e-01 1.000000000000e+00 0.000000000000e+00 0.000000000000e+00 -2.240221365612e+00
imu_to_world: -9.873178438554e-01 -1.585009533012e-01 8.995721611896e-03 -1.138869323730e+02 1.584036000740e-01 -9.873168259851e-01 -1.066698693661e-02 8.840639495850e+01 1.057235490761e-02 -9.106751854104e-03 9.999026414518e-01 -1.578757772222e-03
p2_to_world: -1.585009533012e-01 -8.995721611896e-03 -9.873178438554e-01 -1.160804061890e+02 -9.873168259851e-01 1.066698693661e-02 1.584036000740e-01 8.873951721191e+01 -9.106751854104e-03 -9.999026414518e-01 1.057235490761e-02 2.059698104858e+00
