P0: -5.542562584220e+02 0.000000000000e+00 -9.600000000000e+02 -4.301214985729e+03 -4.408728476930e-14 5.542562584220e+02 -3.600000000000e+02 -1.612955619648e+03 -1.224646799147e-16 0.000000000000e+00 -1.000000000000e+00 -4.480432276801e+00
P1: -9.600000000000e+02 0.000000000000e+00 5.542562584220e+02 2.483725706387e+02 -3.600000000000e+02 5.542562584220e+02 2.204364238465e-14 -3.724797879478e+02 -1.000000000000e+00 0.000000000000e+00 6.123233995737e-17 -1.034666077633e+00
P2: 5.542562584220e+02 0.000000000000e+00 9.600000000000e+02 0.000000000000e+00 0.000000000000e+00 5.542562584220e+02 3.600000000000e+02 0.000000000000e+00 0.000000000000e+00 0.000000000000e+00 1.000000000000e+00 0.000000000000e+00
P3: 5.542562584220e+02 0.000000000000e+00 9.600000000000e+02 -4.434042559189e+02 0.000000000000e+00 5.542562584220e+02 3.600000000000e+02 0.000000000000e+00 0.000000000000e+00 0.000000000000e+00 1.000000000000e+00 0.000000000000e+00
P4: 9.600000000000e+02 0.000000000000e+00 -5.542562584220e+02 -2.234922744657e+03 3.600000000000e+02 5.542562584220e+02 2.204364238465e-14 -3.724751498821e+02 1.000000000000e+00 0.000000000000e+00 6.123233995737e-17 -1.034653194117e+00
P5: 5.542562584220e+02 9.600000000000e+02 5.878304635907e-14 2.400000022888e+04 0.000000000000e+00 9.600000000000e+02 -5.542562584220e+02 2.400000022888e+04 0.000000000000e+00 1.000000000000e+00 6.123233995737e-17 2.500000023842e+01
R0_rect: 1.000000000000e+00 0.000000000000e+00 0.000000000000e+00 0.000000000000e+00 1.000000000000e+00 0.000000000000e+00 0.000000000000e+00 0.000000000000e+00 1.000000000000e+00
Tr_velo_to_p2: 0.000000000000e+00 -1.000000000000e+00 0.000000000000e+00 -5.332609850979e-07 0.000000000000e+00 0.000000000000e+00 -1.000000000000e+00 -5.000000832648e-01 1.000000000000e+00 0.000000000000e+00 0.000000000000e+00 -2.240213867975e+00
imu_to_world: -9.999196015610e-01 1.267977112328e-02 -1.175518399874e-04 -1.056788177490e+02 -1.267976901742e-02 -9.999196083237e-01 -1.864233360158e-05 8.802265167236e+01 -1.177787703212e-04 -1.715030460844e-05 9.999999929170e-01 3.068688791245e-03
p2_to_world: 1.267977112328e-02 1.175518399874e-04 -9.999196015610e-01 -1.079190902710e+02 -9.999196083237e-01 1.864233360158e-05 -1.267976901742e-02 8.799420928955e+01 -1.715030460844e-05 -9.999999929170e-01 -1.177787703212e-04 2.040595769882e+00
