P0: -5.542562584220e+02 0.000000000000e+00 -9.600000000000e+02 -4.301201245903e+03 -4.408728476930e-14 5.542562584220e+02 -3.600000000000e+02 -1.612950467214e+03 -1.224646799147e-16 0.000000000000e+00 -1.000000000000e+00 -4.480417964483e+00
P1: -9.600000000000e+02 0.000000000000e+00 5.542562584220e+02 2.483871227426e+02 -3.600000000000e+02 5.542562584220e+02 2.204364238465e-14 -3.724697603844e+02 -1.000000000000e+00 0.000000000000e+00 6.123233995737e-17 -1.034638223290e+00
P2: 5.542562584220e+02 0.000000000000e+00 9.600000000000e+02 0.000000000000e+00 0.000000000000e+00 5.542562584220e+02 3.600000000000e+02 0.000000000000e+00 0.000000000000e+00 0.000000000000e+00 1.000000000000e+00 0.000000000000e+00
P3: 5.542562584220e+02 0.000000000000e+00 9.600000000000e+02 -4.433994775632e+02 0.000000000000e+00 5.542562584220e+02 3.600000000000e+02 0.000000000000e+00 0.000000000000e+00 0.000000000000e+00 1.000000000000e+00 0.000000000000e+00
P4: 9.600000000000e+02 0.000000000000e+00 -5.542562584220e+02 -2.234901723559e+03 3.600000000000e+02 5.542562584220e+02 2.204364238465e-14 -3.724677118396e+02 1.000000000000e+00 0.000000000000e+00 6.123233995737e-17 -1.034632532888e+00
P5: 5.542562584220e+02 9.600000000000e+02 5.878304635907e-14 2.399945755005e+04 0.000000000000e+00 9.600000000000e+02 -5.542562584220e+02 2.399945755005e+04 0.000000000000e+00 1.000000000000e+00 6.123233995737e-17 2.499943494797e+01
R0_rect: 1.000000000000e+00 0.000000000000e+00 0.000000000000e+00 0.000000000000e+00 1.000000000000e+00 0.000000000000e+00 0.000000000000e+00 0.000000000000e+00 1.000000000000e+00
Tr_velo_to_p2: 0.000000000000e+00 -1.000000000000e+00 0.000000000000e+00 -1.481377583560e-06 0.000000000000e+00 0.000000000000e+00 -1.000000000000e+00 -4.999999226700e-01 1.000000000000e+00 0.000000000000e+00 0.000000000000e+00 -2.240210418982e+00
imu_to_world: -9.438674933611e-01 -3.302938954327e-01 -4.483036484002e-03 -1.173484115601e+02 3.303142706662e-01 -9.438577093937e-01 -5.010689809239e-03 8.948624420166e+01 -2.576348291020e-03 -6.210238156840e-03 9.999773974303e-01 4.135124385357e-03
p2_to_world: -3.302938954327e-01 4.483036484002e-03 -9.438674933611e-01 -1.194720153809e+02 -9.438577093937e-01 5.010689809239e-03 3.303142706662e-01 9.021601104736e+01 -6.210238156840e-03 -9.999773974303e-01 -2.576348291020e-03 2.036108493805e+00
