P0: -5.542562584220e+02 0.000000000000e+00 -9.600000000000e+02 -4.301205499311e+03 -4.408728476930e-14 5.542562584220e+02 -3.600000000000e+02 -1.612952062242e+03 -1.224646799147e-16 0.000000000000e+00 -1.000000000000e+00 -4.480422395116e+00
P1: -9.600000000000e+02 0.000000000000e+00 5.542562584220e+02 2.483698170771e+02 -3.600000000000e+02 5.542562584220e+02 2.204364238465e-14 -3.724797494164e+02 -1.000000000000e+00 0.000000000000e+00 6.123233995737e-17 -1.034665970601e+00
P2: 5.542562584220e+02 0.000000000000e+00 9.600000000000e+02 0.000000000000e+00 0.000000000000e+00 5.542562584220e+02 3.600000000000e+02 0.000000000000e+00 0.000000000000e+00 0.000000000000e+00 1.000000000000e+00 0.000000000000e+00
P3: 5.542562584220e+02 0.000000000000e+00 9.600000000000e+02 -4.434038758516e+02 0.000000000000e+00 5.542562584220e+02 3.600000000000e+02 0.000000000000e+00 0.000000000000e+00 0.000000000000e+00 1.000000000000e+00 0.000000000000e+00
P4: 9.600000000000e+02 0.000000000000e+00 -5.542562584220e+02 -2.234915502370e+03 3.600000000000e+02 5.542562584220e+02 2.204364238465e-14 -3.724750001979e+02 1.000000000000e+00 0.000000000000e+00 6.123233995737e-17 -1.034652778327e+00
P5: 5.542562584220e+02 9.600000000000e+02 5.878304635907e-14 2.399994346619e+04 0.000000000000e+00 9.600000000000e+02 -5.542562584220e+02 2.399994346619e+04 0.000000000000e+00 1.000000000000e+00 6.123233995737e-17 2.499994111061e+01
R0_rect: 1.000000000000e+00 0.000000000000e+00 0.000000000000e+00 0.000000000000e+00 1.000000000000e+00 0.000000000000e+00 0.000000000000e+00 0.000000000000e+00 1.000000000000e+00
Tr_velo_to_p2: 0.000000000000e+00 -1.000000000000e+00 0.000000000000e+00 -3.145802946432e-06 0.000000000000e+00 0.000000000000e+00 -1.000000000000e+00 -5.000002236821e-01 1.000000000000e+00 0.000000000000e+00 0.000000000000e+00 -2.240212356144e+00
imu_to_world: -9.998991502460e-01 1.404362492544e-02 -2.113276185205e-03 -1.076407699585e+02 -1.404368698946e-02 -9.999013824596e-01 1.453165164941e-05 8.799631500244e+01 -2.112863702040e-03 4.420837540322e-05 9.999977669238e-01 3.917038440704e-03
p2_to_world: 1.404362492544e-02 2.113276185205e-03 -9.998991502460e-01 -1.098850631714e+02 -9.999013824596e-01 -1.453165164941e-05 -1.404368698946e-02 8.796488189697e+01 4.420837540322e-05 -9.999977669238e-01 -2.112863702040e-03 2.036969900131e+00
