P0: -5.542562584220e+02 0.000000000000e+00 -9.600000000000e+02 -4.301118373182e+03 -4.408728476930e-14 5.542562584220e+02 -3.600000000000e+02 -1.612919389943e+03 -1.224646799147e-16 0.000000000000e+00 -1.000000000000e+00 -4.480331638731e+00
P1: -9.600000000000e+02 0.000000000000e+00 5.542562584220e+02 2.483591036544e+02 -3.600000000000e+02 5.542562584220e+02 2.204364238465e-14 -3.724754610917e+02 -1.000000000000e+00 0.000000000000e+00 6.123233995737e-17 -1.034654058588e+00
P2: 5.542562584220e+02 0.000000000000e+00 9.600000000000e+02 0.000000000000e+00 0.000000000000e+00 5.542562584220e+02 3.600000000000e+02 0.000000000000e+00 0.000000000000e+00 0.000000000000e+00 1.000000000000e+00 0.000000000000e+00
P3: 5.542562584220e+02 0.000000000000e+00 9.600000000000e+02 -4.434068246097e+02 0.000000000000e+00 5.542562584220e+02 3.600000000000e+02 0.000000000000e+00 0.000000000000e+00 0.000000000000e+00 1.000000000000e+00 0.000000000000e+00
P4: 9.600000000000e+02 0.000000000000e+00 -5.542562584220e+02 -2.234899804331e+03 3.600000000000e+02 5.542562584220e+02 2.204364238465e-14 -3.724765220788e+02 1.000000000000e+00 0.000000000000e+00 6.123233995737e-17 -1.034657005774e+00
P5: 5.542562584220e+02 9.600000000000e+02 5.878304635907e-14 2.399944702148e+04 0.000000000000e+00 9.600000000000e+02 -5.542562584220e+02 2.399944702148e+04 0.000000000000e+00 1.000000000000e+00 6.123233995737e-17 2.499942398071e+01
R0_rect: 1.000000000000e+00 0.000000000000e+00 0.000000000000e+00 0.000000000000e+00 1.000000000000e+00 0.000000000000e+00 0.000000000000e+00 0.000000000000e+00 1.000000000000e+00
Tr_velo_to_p2: 0.000000000000e+00 -1.000000000000e+00 0.000000000000e+00 3.045247137576e-06 0.000000000000e+00 0.000000000000e+00 -1.000000000000e+00 -4.999998151305e-01 1.000000000000e+00 0.000000000000e+00 0.000000000000e+00 -2.240213896094e+00
imu_to_world: -9.998525684251e-01 1.577154689606e-02 6.789677627196e-03 -1.083041381836e+02 -1.577048868117e-02 -9.998756161897e-01 2.093704368528e-04 8.798686981201e+01 6.792135196885e-03 1.022630348711e-04 9.999769279547e-01 6.263017712627e-05
p2_to_world: 1.577154689606e-02 -6.789677627196e-03 -9.998525684251e-01 -1.105301895142e+02 -9.998756161897e-01 -2.093704368528e-04 -1.577048868117e-02 8.795197296143e+01 1.022630348711e-04 -9.999769279547e-01 6.792135196885e-03 2.053022384644e+00
