P0: -5.542562584220e+02 0.000000000000e+00 -9.600000000000e+02 -4.301223985590e+03 -4.408728476930e-14 5.542562584220e+02 -3.600000000000e+02 -1.612958994596e+03 -1.224646799147e-16 0.000000000000e+00 -1.000000000000e+00 -4.480441651656e+00
P1: -9.600000000000e+02 0.000000000000e+00 5.542562584220e+02 2.484106568410e+02 -3.600000000000e+02 5.542562584220e+02 2.204364238465e-14 -3.724679760624e+02 -1.000000000000e+00 0.000000000000e+00 6.123233995737e-17 -1.034633266840e+00
P2: 5.542562584220e+02 0.000000000000e+00 9.600000000000e+02 0.000000000000e+00 0.000000000000e+00 5.542562584220e+02 3.600000000000e+02 0.000000000000e+00 0.000000000000e+00 0.000000000000e+00 1.000000000000e+00 0.000000000000e+00
P3: 5.542562584220e+02 0.000000000000e+00 9.600000000000e+02 -4.433959431951e+02 0.000000000000e+00 5.542562584220e+02 3.600000000000e+02 0.000000000000e+00 0.000000000000e+00 0.000000000000e+00 1.000000000000e+00 0.000000000000e+00
P4: 9.600000000000e+02 0.000000000000e+00 -5.542562584220e+02 -2.234909460274e+03 3.600000000000e+02 5.542562584220e+02 2.204364238465e-14 -3.724707102585e+02 1.000000000000e+00 0.000000000000e+00 6.123233995737e-17 -1.034640861829e+00
P5: 5.542562584220e+02 9.600000000000e+02 5.878304635907e-14 2.399943031311e+04 0.000000000000e+00 9.600000000000e+02 -5.542562584220e+02 2.399943031311e+04 0.000000000000e+00 1.000000000000e+00 6.123233995737e-17 2.499940657616e+01
R0_rect: 1.000000000000e+00 0.000000000000e+00 0.000000000000e+00 0.000000000000e+00 1.000000000000e+00 0.000000000000e+00 0.000000000000e+00 0.000000000000e+00 1.000000000000e+00
Tr_velo_to_p2: 0.000000000000e+00 -1.000000000000e+00 0.000000000000e+00 7.751268383545e-06 0.000000000000e+00 0.000000000000e+00 -1.000000000000e+00 -5.000000546424e-01 1.000000000000e+00 0.000000000000e+00 0.000000000000e+00 -2.240222051725e+00
imu_to_world: -9.507285576010e-01 -3.100191706192e-01 -1.823077234469e-03 -1.169433212280e+02 3.100243587119e-01 -9.507053938666e-01 -6.644627769777e-03 8.932415771484e+01 3.267526300143e-04 -6.882435725854e-03 9.999762623739e-01 2.873298712075e-03
p2_to_world: -3.100191706192e-01 1.823077234469e-03 -9.507285576010e-01 -1.190768737793e+02 -9.507053938666e-01 6.644627769777e-03 3.100243587119e-01 9.000514221191e+01 -6.882435725854e-03 -9.999762623739e-01 3.267526300143e-04 2.041347742081e+00
