P0: -5.542562584220e+02 0.000000000000e+00 -9.600000000000e+02 -4.301170718059e+03 -4.408728476930e-14 5.542562584220e+02 -3.600000000000e+02 -1.612939019272e+03 -1.224646799147e-16 0.000000000000e+00 -1.000000000000e+00 -4.480386164645e+00
P1: -9.600000000000e+02 0.000000000000e+00 5.542562584220e+02 2.483733455444e+02 -3.600000000000e+02 5.542562584220e+02 2.204364238465e-14 -3.724774334429e+02 -1.000000000000e+00 0.000000000000e+00 6.123233995737e-17 -1.034659537341e+00
P2: 5.542562584220e+02 0.000000000000e+00 9.600000000000e+02 0.000000000000e+00 0.000000000000e+00 5.542562584220e+02 3.600000000000e+02 0.000000000000e+00 0.000000000000e+00 0.000000000000e+00 1.000000000000e+00 0.000000000000e+00
P3: 5.542562584220e+02 0.000000000000e+00 9.600000000000e+02 -4.434079936126e+02 0.000000000000e+00 5.542562584220e+02 3.600000000000e+02 0.000000000000e+00 0.000000000000e+00 0.000000000000e+00 1.000000000000e+00 0.000000000000e+00
P4: 9.600000000000e+02 0.000000000000e+00 -5.542562584220e+02 -2.234907801517e+03 3.600000000000e+02 5.542562584220e+02 2.204364238465e-14 -3.724754798902e+02 1.000000000000e+00 0.000000000000e+00 6.123233995737e-17 -1.034654110806e+00
P5: 5.542562584220e+02 9.600000000000e+02 5.878304635907e-14 2.399972717285e+04 0.000000000000e+00 9.600000000000e+02 -5.542562584220e+02 2.399972717285e+04 0.000000000000e+00 1.000000000000e+00 6.123233995737e-17 2.499971580505e+01
R0_rect: 1.000000000000e+00 0.000000000000e+00 0.000000000000e+00 0.000000000000e+00 1.000000000000e+00 0.000000000000e+00 0.000000000000e+00 0.000000000000e+00 1.000000000000e+00
Tr_velo_to_p2: 0.000000000000e+00 -1.000000000000e+00 0.000000000000e+00 -2.429037701670e-06 0.000000000000e+00 0.000000000000e+00 -1.000000000000e+00 -4.999999227897e-01 1.000000000000e+00 0.000000000000e+00 0.000000000000e+00 -2.240218645778e+00
imu_to_world: -9.998998754827e-01 1.332861326034e-02 4.752586488998e-03 -1.094252624512e+02 -1.333017405655e-02 -9.999111052088e-01 -2.968832368389e-04 8.797317504883e+01 4.748206966968e-03 -3.602063166652e-04 9.999886623267e-01 9.591984562576e-04
p2_to_world: 1.332861326034e-02 -4.752586488998e-03 -9.998998754827e-01 -1.116555709839e+02 -9.999111052088e-01 2.968832368389e-04 -1.333017405655e-02 8.794270324707e+01 -3.602063166652e-04 -9.999886623267e-01 4.748206966968e-03 2.049364089966e+00
