P0: -5.542562584220e+02 0.000000000000e+00 -9.600000000000e+02 -4.301221892839e+03 -4.408728476930e-14 5.542562584220e+02 -3.600000000000e+02 -1.612958209815e+03 -1.224646799147e-16 0.000000000000e+00 -1.000000000000e+00 -4.480439471708e+00
P1: -9.600000000000e+02 0.000000000000e+00 5.542562584220e+02 2.483957868771e+02 -3.600000000000e+02 5.542562584220e+02 2.204364238465e-14 -3.724725529832e+02 -1.000000000000e+00 0.000000000000e+00 6.123233995737e-17 -1.034645980509e+00
P2: 5.542562584220e+02 0.000000000000e+00 9.600000000000e+02 0.000000000000e+00 0.000000000000e+00 5.542562584220e+02 3.600000000000e+02 0.000000000000e+00 0.000000000000e+00 0.000000000000e+00 1.000000000000e+00 0.000000000000e+00
P3: 5.542562584220e+02 0.000000000000e+00 9.600000000000e+02 -4.434092385033e+02 0.000000000000e+00 5.542562584220e+02 3.600000000000e+02 0.000000000000e+00 0.000000000000e+00 0.000000000000e+00 1.000000000000e+00 0.000000000000e+00
P4: 9.600000000000e+02 0.000000000000e+00 -5.542562584220e+02 -2.234930521675e+03 3.600000000000e+02 5.542562584220e+02 2.204364238465e-14 -3.724780823731e+02 1.000000000000e+00 0.000000000000e+00 6.123233995737e-17 -1.034661339925e+00
P5: 5.542562584220e+02 9.600000000000e+02 5.878304635907e-14 2.399999679565e+04 0.000000000000e+00 9.600000000000e+02 -5.542562584220e+02 2.399999679565e+04 0.000000000000e+00 1.000000000000e+00 6.123233995737e-17 2.499999666214e+01
R0_rect: 1.000000000000e+00 0.000000000000e+00 0.000000000000e+00 0.000000000000e+00 1.000000000000e+00 0.000000000000e+00 0.000000000000e+00 0.000000000000e+00 1.000000000000e+00
Tr_velo_to_p2: 0.000000000000e+00 -1.000000000000e+00 0.000000000000e+00 7.170323738196e-06 0.000000000000e+00 0.000000000000e+00 -1.000000000000e+00 -5.000000038688e-01 1.000000000000e+00 0.000000000000e+00 0.000000000000e+00 -2.240216812647e+00
imu_to_world: -9.999178846851e-01 1.280865317691e-02 4.028532358701e-04 -1.059063262939e+02 -1.280865459508e-02 -9.999179658185e-01 -9.403965291764e-07 8.801957702637e+01 4.028081429216e-04 -6.100327258990e-06 9.999999188542e-01 2.842667978257e-03
p2_to_world: 1.280865317691e-02 -4.028532358701e-04 -9.999178846851e-01 -1.081455383301e+02 -9.999179658185e-01 9.403965291764e-07 -1.280865459508e-02 8.799089050293e+01 -6.100327258990e-06 -9.999999188542e-01 4.028081429216e-04 2.041535854340e+00
