P0: -5.542562584220e+02 0.000000000000e+00 -9.600000000000e+02 -4.300976215993e+03 -4.408728476930e-14 5.542562584220e+02 -3.600000000000e+02 -1.612866080998e+03 -1.224646799147e-16 0.000000000000e+00 -1.000000000000e+00 -4.480183558327e+00
P1: -9.600000000000e+02 0.000000000000e+00 5.542562584220e+02 2.484122626811e+02 -3.600000000000e+02 5.542562584220e+02 2.204364238465e-14 -3.724612428841e+02 -1.000000000000e+00 0.000000000000e+00 6.123233995737e-17 -1.034614563567e+00
P2: 5.542562584220e+02 0.000000000000e+00 9.600000000000e+02 0.000000000000e+00 0.000000000000e+00 5.542562584220e+02 3.600000000000e+02 0.000000000000e+00 0.000000000000e+00 0.000000000000e+00 1.000000000000e+00 0.000000000000e+00
P3: 5.542562584220e+02 0.000000000000e+00 9.600000000000e+02 -4.433874595591e+02 0.000000000000e+00 5.542562584220e+02 3.600000000000e+02 0.000000000000e+00 0.000000000000e+00 0.000000000000e+00 1.000000000000e+00 0.000000000000e+00
P4: 9.600000000000e+02 0.000000000000e+00 -5.542562584220e+02 -2.234769527734e+03 3.600000000000e+02 5.542562584220e+02 2.204364238465e-14 -3.724626041911e+02 1.000000000000e+00 0.000000000000e+00 6.123233995737e-17 -1.034618344975e+00
P5: 5.542562584220e+02 9.600000000000e+02 5.878304635907e-14 2.399769218445e+04 0.000000000000e+00 9.600000000000e+02 -5.542562584220e+02 2.399769218445e+04 0.000000000000e+00 1.000000000000e+00 6.123233995737e-17 2.499759602547e+01
R0_rect: 1.000000000000e+00 0.000000000000e+00 0.000000000000e+00 0.000000000000e+00 1.000000000000e+00 0.000000000000e+00 0.000000000000e+00 0.000000000000e+00 1.000000000000e+00
Tr_velo_to_p2: 0.000000000000e+00 -1.000000000000e+00 0.000000000000e+00 4.075537503518e-06 0.000000000000e+00 0.000000000000e+00 -1.000000000000e+00 -5.000001813060e-01 1.000000000000e+00 0.000000000000e+00 0.000000000000e+00 -2.240229579390e+00
imu_to_world: -9.912974045020e-01 -1.312808729803e-01 9.735924051664e-03 -1.134175872803e+02 1.311855263705e-01 -9.913087854988e-01 -9.861514276699e-03 8.830577087402e+01 1.094593525052e-02 -8.498481185531e-03 9.999039765493e-01 -1.742370077409e-03
p2_to_world: -1.312808729803e-01 -9.735924051664e-03 -9.912974045020e-01 -1.156184768677e+02 -9.913087854988e-01 9.861514276699e-03 1.311855263705e-01 8.857955932617e+01 -8.498481185531e-03 -9.999039765493e-01 1.094593525052e-02 2.060374021530e+00
