P0: -5.542562584220e+02 0.000000000000e+00 -9.600000000000e+02 -4.300949233476e+03 -4.408728476930e-14 5.542562584220e+02 -3.600000000000e+02 -1.612855962553e+03 -1.224646799147e-16 0.000000000000e+00 -1.000000000000e+00 -4.480155451537e+00
P1: -9.600000000000e+02 0.000000000000e+00 5.542562584220e+02 2.483712270970e+02 -3.600000000000e+02 5.542562584220e+02 2.204364238465e-14 -3.724676038672e+02 -1.000000000000e+00 0.000000000000e+00 6.123233995737e-17 -1.034632232964e+00
P2: 5.542562584220e+02 0.000000000000e+00 9.600000000000e+02 0.000000000000e+00 0.000000000000e+00 5.542562584220e+02 3.600000000000e+02 0.000000000000e+00 0.000000000000e+00 0.000000000000e+00 1.000000000000e+00 0.000000000000e+00
P3: 5.542562584220e+02 0.000000000000e+00 9.600000000000e+02 -4.433992130499e+02 0.000000000000e+00 5.542562584220e+02 3.600000000000e+02 0.000000000000e+00 0.000000000000e+00 0.000000000000e+00 1.000000000000e+00 0.000000000000e+00
P4: 9.600000000000e+02 0.000000000000e+00 -5.542562584220e+02 -2.234792534935e+03 3.600000000000e+02 5.542562584220e+02 2.204364238465e-14 -3.724710611010e+02 1.000000000000e+00 0.000000000000e+00 6.123233995737e-17 -1.034641836392e+00
P5: 5.542562584220e+02 9.600000000000e+02 5.878304635907e-14 2.399794830322e+04 0.000000000000e+00 9.600000000000e+02 -5.542562584220e+02 2.399794830322e+04 0.000000000000e+00 1.000000000000e+00 6.123233995737e-17 2.499786281586e+01
R0_rect: 1.000000000000e+00 0.000000000000e+00 0.000000000000e+00 0.000000000000e+00 1.000000000000e+00 0.000000000000e+00 0.000000000000e+00 0.000000000000e+00 1.000000000000e+00
Tr_velo_to_p2: 0.000000000000e+00 -1.000000000000e+00 0.000000000000e+00 9.650529871179e-06 0.000000000000e+00 0.000000000000e+00 -1.000000000000e+00 -5.000002401463e-01 1.000000000000e+00 0.000000000000e+00 0.000000000000e+00 -2.240222588590e+00
imu_to_world: -9.966014675178e-01 -8.166364053823e-02 1.079651589213e-02 -1.125554733276e+02 8.158680948883e-02 -9.966389482112e-01 -7.375596650477e-03 8.815441131592e+01 1.136254631670e-02 -6.469677160450e-03 9.999145142554e-01 -1.920630922541e-03
p2_to_world: -8.166364053823e-02 -1.079651589213e-02 -9.966014675178e-01 -1.147660827637e+02 -9.966389482112e-01 7.375596650477e-03 8.158680948883e-02 8.832215881348e+01 -6.469677160450e-03 -9.999145142554e-01 1.136254631670e-02 2.061150550842e+00
