P0: -5.542562584220e+02 0.000000000000e+00 -9.600000000000e+02 -4.301148244089e+03 -4.408728476930e-14 5.542562584220e+02 -3.600000000000e+02 -1.612930591533e+03 -1.224646799147e-16 0.000000000000e+00 -1.000000000000e+00 -4.480362754259e+00
P1: -9.600000000000e+02 0.000000000000e+00 5.542562584220e+02 2.483569210795e+02 -3.600000000000e+02 5.542562584220e+02 2.204364238465e-14 -3.724779009209e+02 -1.000000000000e+00 0.000000000000e+00 6.123233995737e-17 -1.034660835891e+00
P2: 5.542562584220e+02 0.000000000000e+00 9.600000000000e+02 0.000000000000e+00 0.000000000000e+00 5.542562584220e+02 3.600000000000e+02 0.000000000000e+00 0.000000000000e+00 0.000000000000e+00 1.000000000000e+00 0.000000000000e+00
P3: 5.542562584220e+02 0.000000000000e+00 9.600000000000e+02 -4.434027299029e+02 0.000000000000e+00 5.542562584220e+02 3.600000000000e+02 0.000000000000e+00 0.000000000000e+00 0.000000000000e+00 1.000000000000e+00 0.000000000000e+00
P4: 9.600000000000e+02 0.000000000000e+00 -5.542562584220e+02 -2.234905318638e+03 3.600000000000e+02 5.542562584220e+02 2.204364238465e-14 -3.724769151516e+02 1.000000000000e+00 0.000000000000e+00 6.123233995737e-17 -1.034658097643e+00
P5: 5.542562584220e+02 9.600000000000e+02 5.878304635907e-14 2.399958480835e+04 0.000000000000e+00 9.600000000000e+02 -5.542562584220e+02 2.399958480835e+04 0.000000000000e+00 1.000000000000e+00 6.123233995737e-17 2.499956750870e+01
R0_rect: 1.000000000000e+00 0.000000000000e+00 0.000000000000e+00 0.000000000000e+00 1.000000000000e+00 0.000000000000e+00 0.000000000000e+00 0.000000000000e+00 1.000000000000e+00
Tr_velo_to_p2: 0.000000000000e+00 -1.000000000000e+00 0.000000000000e+00 1.353694393449e-06 0.000000000000e+00 0.000000000000e+00 -1.000000000000e+00 -5.000001184873e-01 1.000000000000e+00 0.000000000000e+00 0.000000000000e+00 -2.240216140834e+00
imu_to_world: -9.998582556799e-01 1.577833625796e-02 5.874747119781e-03 -1.080241851807e+02 -1.577776969035e-02 -9.998755130506e-01 1.427771926843e-04 8.799124908447e+01 5.876268576990e-03 5.006654778326e-05 9.999827333314e-01 4.732060187962e-04
p2_to_world: 1.577833625796e-02 -5.874747119781e-03 -9.998582556799e-01 -1.102521133423e+02 -9.998755130506e-01 -1.427771926843e-04 -1.577776969035e-02 8.795619201660e+01 5.006654778326e-05 -9.999827333314e-01 5.876268576990e-03 2.051393032074e+00
