P0: -5.542562584220e+02 0.000000000000e+00 -9.600000000000e+02 -4.301215833139e+03 -4.408728476930e-14 5.542562584220e+02 -3.600000000000e+02 -1.612955937427e+03 -1.224646799147e-16 0.000000000000e+00 -1.000000000000e+00 -4.480433159520e+00
P1: -9.600000000000e+02 0.000000000000e+00 5.542562584220e+02 2.483805047625e+02 -3.600000000000e+02 5.542562584220e+02 2.204364238465e-14 -3.724788771610e+02 -1.000000000000e+00 0.000000000000e+00 6.123233995737e-17 -1.034663547669e+00
P2: 5.542562584220e+02 0.000000000000e+00 9.600000000000e+02 0.000000000000e+00 0.000000000000e+00 5.542562584220e+02 3.600000000000e+02 0.000000000000e+00 0.000000000000e+00 0.000000000000e+00 1.000000000000e+00 0.000000000000e+00
P3: 5.542562584220e+02 0.000000000000e+00 9.600000000000e+02 -4.434058819275e+02 0.000000000000e+00 5.542562584220e+02 3.600000000000e+02 0.000000000000e+00 0.000000000000e+00 0.000000000000e+00 1.000000000000e+00 0.000000000000e+00
P4: 9.600000000000e+02 0.000000000000e+00 -5.542562584220e+02 -2.234924106094e+03 3.600000000000e+02 5.542562584220e+02 2.204364238465e-14 -3.724759554069e+02 1.000000000000e+00 0.000000000000e+00 6.123233995737e-17 -1.034655431686e+00
P5: 5.542562584220e+02 9.600000000000e+02 5.878304635907e-14 2.399999084473e+04 0.000000000000e+00 9.600000000000e+02 -5.542562584220e+02 2.399999084473e+04 0.000000000000e+00 1.000000000000e+00 6.123233995737e-17 2.499999046326e+01
R0_rect: 1.000000000000e+00 0.000000000000e+00 0.000000000000e+00 0.000000000000e+00 1.000000000000e+00 0.000000000000e+00 0.000000000000e+00 0.000000000000e+00 1.000000000000e+00
Tr_velo_to_p2: 0.000000000000e+00 -1.000000000000e+00 0.000000000000e+00 -2.964384607782e-06 0.000000000000e+00 0.000000000000e+00 -1.000000000000e+00 -5.000000561101e-01 1.000000000000e+00 0.000000000000e+00 0.000000000000e+00 -2.240215113332e+00
imu_to_world: -9.999155914231e-01 1.296179634799e-02 -8.954688365754e-04 -1.069554138184e+02 -1.296176948277e-02 -9.999159920965e-01 -3.579845503526e-05 8.800542449951e+01 -8.958576223995e-04 -2.418857269993e-05 9.999995984269e-01 3.420593682677e-03
p2_to_world: 1.296179634799e-02 8.954688365754e-04 -9.999155914231e-01 -1.091972732544e+02 -9.999159920965e-01 3.579845503526e-05 -1.296176948277e-02 8.797631835938e+01 -2.418857269993e-05 -9.999995984269e-01 -8.958576223995e-04 2.039203643799e+00
