P0: -5.542562584220e+02 0.000000000000e+00 -9.600000000000e+02 -4.301146599966e+03 -4.408728476930e-14 5.542562584220e+02 -3.600000000000e+02 -1.612929974987e+03 -1.224646799147e-16 0.000000000000e+00 -1.000000000000e+00 -4.480361041631e+00
P1: -9.600000000000e+02 0.000000000000e+00 5.542562584220e+02 2.483729264026e+02 -3.600000000000e+02 5.542562584220e+02 2.204364238465e-14 -3.724753397728e+02 -1.000000000000e+00 0.000000000000e+00 6.123233995737e-17 -1.034653721591e+00
P2: 5.542562584220e+02 0.000000000000e+00 9.600000000000e+02 0.000000000000e+00 0.000000000000e+00 5.542562584220e+02 3.600000000000e+02 0.000000000000e+00 0.000000000000e+00 0.000000000000e+00 1.000000000000e+00 0.000000000000e+00
P3: 5.542562584220e+02 0.000000000000e+00 9.600000000000e+02 -4.434072087568e+02 0.000000000000e+00 5.542562584220e+02 3.600000000000e+02 0.000000000000e+00 0.000000000000e+00 0.000000000000e+00 1.000000000000e+00 0.000000000000e+00
P4: 9.600000000000e+02 0.000000000000e+00 -5.542562584220e+02 -2.234900415157e+03 3.600000000000e+02 5.542562584220e+02 2.204364238465e-14 -3.724757019828e+02 1.000000000000e+00 0.000000000000e+00 6.123233995737e-17 -1.034654727730e+00
P5: 5.542562584220e+02 9.600000000000e+02 5.878304635907e-14 2.399957427979e+04 0.000000000000e+00 9.600000000000e+02 -5.542562584220e+02 2.399957427979e+04 0.000000000000e+00 1.000000000000e+00 6.123233995737e-17 2.499955654144e+01
R0_rect: 1.000000000000e+00 0.000000000000e+00 0.000000000000e+00 0.000000000000e+00 1.000000000000e+00 0.000000000000e+00 0.000000000000e+00 0.000000000000e+00 1.000000000000e+00
Tr_velo_to_p2: 0.000000000000e+00 -1.000000000000e+00 0.000000000000e+00 2.736585408305e-06 0.000000000000e+00 0.000000000000e+00 -1.000000000000e+00 -5.000000264684e-01 1.000000000000e+00 0.000000000000e+00 0.000000000000e+00 -2.240220555746e+00
imu_to_world: -9.999146044339e-01 1.165134884945e-02 5.918607081302e-03 -1.096669235229e+02 -1.165432430091e-02 -9.999319763088e-01 -4.684871902248e-04 8.797231292725e+01 5.912745968117e-03 -5.374245498312e-04 9.999823751497e-01 4.527592682280e-04
p2_to_world: 1.165134884945e-02 -5.918607081302e-03 -9.999146044339e-01 -1.118948898315e+02 -9.999319763088e-01 4.684871902248e-04 -1.165432430091e-02 8.794525146484e+01 -5.374245498312e-04 -9.999823751497e-01 5.912745968117e-03 2.051453590393e+00
