P0: -5.542562584220e+02 0.000000000000e+00 -9.600000000000e+02 -4.301214610976e+03 -4.408728476930e-14 5.542562584220e+02 -3.600000000000e+02 -1.612955479116e+03 -1.224646799147e-16 0.000000000000e+00 -1.000000000000e+00 -4.480431886433e+00
P1: -9.600000000000e+02 0.000000000000e+00 5.542562584220e+02 2.483928873501e+02 -3.600000000000e+02 5.542562584220e+02 2.204364238465e-14 -3.724731361800e+02 -1.000000000000e+00 0.000000000000e+00 6.123233995737e-17 -1.034647600500e+00
P2: 5.542562584220e+02 0.000000000000e+00 9.600000000000e+02 0.000000000000e+00 0.000000000000e+00 5.542562584220e+02 3.600000000000e+02 0.000000000000e+00 0.000000000000e+00 0.000000000000e+00 1.000000000000e+00 0.000000000000e+00
P3: 5.542562584220e+02 0.000000000000e+00 9.600000000000e+02 -4.434065424877e+02 0.000000000000e+00 5.542562584220e+02 3.600000000000e+02 0.000000000000e+00 0.000000000000e+00 0.000000000000e+00 1.000000000000e+00 0.000000000000e+00
P4: 9.600000000000e+02 0.000000000000e+00 -5.542562584220e+02 -2.234937102931e+03 3.600000000000e+02 5.542562584220e+02 2.204364238465e-14 -3.724800583293e+02 1.000000000000e+00 0.000000000000e+00 6.123233995737e-17 -1.034666828693e+00
P5: 5.542562584220e+02 9.600000000000e+02 5.878304635907e-14 2.399998855591e+04 0.000000000000e+00 9.600000000000e+02 -5.542562584220e+02 2.399998855591e+04 0.000000000000e+00 1.000000000000e+00 6.123233995737e-17 2.499998807907e+01
R0_rect: 1.000000000000e+00 0.000000000000e+00 0.000000000000e+00 0.000000000000e+00 1.000000000000e+00 0.000000000000e+00 0.000000000000e+00 0.000000000000e+00 1.000000000000e+00
Tr_velo_to_p2: 0.000000000000e+00 -1.000000000000e+00 0.000000000000e+00 3.859920906873e-06 0.000000000000e+00 0.000000000000e+00 -1.000000000000e+00 -4.999997426528e-01 1.000000000000e+00 0.000000000000e+00 0.000000000000e+00 -2.240215474817e+00
imu_to_world: -9.999140177579e-01 1.307178336883e-02 -1.041907332784e-03 -1.068103942871e+02 -1.307174681722e-02 -9.999145601905e-01 -4.188379028557e-05 8.800743103027e+01 -1.042365808254e-03 -2.826064016220e-05 9.999994563373e-01 3.470795927569e-03
p2_to_world: 1.307178336883e-02 1.041907332784e-03 -9.999140177579e-01 -1.090525436401e+02 -9.999145601905e-01 4.188379028557e-05 -1.307174681722e-02 8.797806549072e+01 -2.826064016220e-05 -9.999994563373e-01 -1.042365808254e-03 2.038925647736e+00
