P0: -5.542562584220e+02 0.000000000000e+00 -9.600000000000e+02 -4.301214209208e+03 -4.408728476930e-14 5.542562584220e+02 -3.600000000000e+02 -1.612955328453e+03 -1.224646799147e-16 0.000000000000e+00 -1.000000000000e+00 -4.480431467925e+00
P1: -9.600000000000e+02 0.000000000000e+00 5.542562584220e+02 2.483885183487e+02 -3.600000000000e+02 5.542562584220e+02 2.204364238465e-14 -3.724743968148e+02 -1.000000000000e+00 0.000000000000e+00 6.123233995737e-17 -1.034651102263e+00
P2: 5.542562584220e+02 0.000000000000e+00 9.600000000000e+02 0.000000000000e+00 0.000000000000e+00 5.542562584220e+02 3.600000000000e+02 0.000000000000e+00 0.000000000000e+00 0.000000000000e+00 1.000000000000e+00 0.000000000000e+00
P3: 5.542562584220e+02 0.000000000000e+00 9.600000000000e+02 -4.434097807815e+02 0.000000000000e+00 5.542562584220e+02 3.600000000000e+02 0.000000000000e+00 0.000000000000e+00 0.000000000000e+00 1.000000000000e+00 0.000000000000e+00
P4: 9.600000000000e+02 0.000000000000e+00 -5.542562584220e+02 -2.234928351624e+03 3.600000000000e+02 5.542562584220e+02 2.204364238465e-14 -3.724780240470e+02 1.000000000000e+00 0.000000000000e+00 6.123233995737e-17 -1.034661177908e+00
P5: 5.542562584220e+02 9.600000000000e+02 5.878304635907e-14 2.399997505188e+04 0.000000000000e+00 9.600000000000e+02 -5.542562584220e+02 2.399997505188e+04 0.000000000000e+00 1.000000000000e+00 6.123233995737e-17 2.499997401237e+01
R0_rect: 1.000000000000e+00 0.000000000000e+00 0.000000000000e+00 0.000000000000e+00 1.000000000000e+00 0.000000000000e+00 0.000000000000e+00 0.000000000000e+00 1.000000000000e+00
Tr_velo_to_p2: 0.000000000000e+00 -1.000000000000e+00 0.000000000000e+00 7.129507792835e-06 0.000000000000e+00 0.000000000000e+00 -1.000000000000e+00 -4.999998676278e-01 1.000000000000e+00 0.000000000000e+00 0.000000000000e+00 -2.240219543627e+00
imu_to_world: -9.999928436682e-01 -3.742999491983e-03 5.500610218003e-04 -1.106479873657e+02 3.742264652499e-03 -9.999921120022e-01 -1.330935242527e-03 8.798699951172e+01 5.550383728568e-04 -1.328867243994e-03 9.999989630216e-01 2.776100533083e-03
p2_to_world: -3.742999491983e-03 -5.500610218003e-04 -9.999928436682e-01 -1.128870697021e+02 -9.999921120022e-01 1.330935242527e-03 3.742264652499e-03 8.799267578125e+01 -1.328867243994e-03 -9.999989630216e-01 5.550383728568e-04 2.041808366776e+00
