P0: -5.542562584220e+02 0.000000000000e+00 -9.600000000000e+02 -4.301098704480e+03 -4.408728476930e-14 5.542562584220e+02 -3.600000000000e+02 -1.612912014180e+03 -1.224646799147e-16 0.000000000000e+00 -1.000000000000e+00 -4.480311150500e+00
P1: -9.600000000000e+02 0.000000000000e+00 5.542562584220e+02 2.484271256134e+02 -3.600000000000e+02 5.542562584220e+02 2.204364238465e-14 -3.724614608354e+02 -1.000000000000e+00 0.000000000000e+00 6.123233995737e-17 -1.034615168987e+00
P2: 5.542562584220e+02 0.000000000000e+00 9.600000000000e+02 0.000000000000e+00 0.000000000000e+00 5.542562584220e+02 3.600000000000e+02 0.000000000000e+00 0.000000000000e+00 0.000000000000e+00 1.000000000000e+00 0.000000000000e+00
P3: 5.542562584220e+02 0.000000000000e+00 9.600000000000e+02 -4.433839635324e+02 0.000000000000e+00 5.542562584220e+02 3.600000000000e+02 0.000000000000e+00 0.000000000000e+00 0.000000000000e+00 1.000000000000e+00 0.000000000000e+00
P4: 9.600000000000e+02 0.000000000000e+00 -5.542562584220e+02 -2.234817837249e+03 3.600000000000e+02 5.542562584220e+02 2.204364238465e-14 -3.724628412543e+02 1.000000000000e+00 0.000000000000e+00 6.123233995737e-17 -1.034619003484e+00
P5: 5.542562584220e+02 9.600000000000e+02 5.878304635907e-14 2.399832160950e+04 0.000000000000e+00 9.600000000000e+02 -5.542562584220e+02 2.399832160950e+04 0.000000000000e+00 1.000000000000e+00 6.123233995737e-17 2.499825167656e+01
R0_rect: 1.000000000000e+00 0.000000000000e+00 0.000000000000e+00 0.000000000000e+00 1.000000000000e+00 0.000000000000e+00 0.000000000000e+00 0.000000000000e+00 1.000000000000e+00
Tr_velo_to_p2: 0.000000000000e+00 -1.000000000000e+00 0.000000000000e+00 1.978024560109e-06 0.000000000000e+00 0.000000000000e+00 -1.000000000000e+00 -5.000000891680e-01 1.000000000000e+00 0.000000000000e+00 0.000000000000e+00 -2.240227277338e+00
imu_to_world: -9.825046166216e-01 -1.861488146780e-01 5.770364915350e-03 -1.143591766357e+02 1.860835478221e-01 -9.824798051232e-01 -1.031240781393e-02 8.852050781250e+01 7.588909488562e-03 -9.058218309992e-03 9.999301761292e-01 -2.945017768070e-04
p2_to_world: -1.861488146780e-01 -5.770364915350e-03 -9.825046166216e-01 -1.165484466553e+02 -9.824798051232e-01 1.031240781393e-02 1.860835478221e-01 8.891635894775e+01 -9.058218309992e-03 -9.999301761292e-01 7.588909488562e-03 2.054354906082e+00
