P0: -5.542562584220e+02 0.000000000000e+00 -9.600000000000e+02 -4.301190311669e+03 -4.408728476930e-14 5.542562584220e+02 -3.600000000000e+02 -1.612946366876e+03 -1.224646799147e-16 0.000000000000e+00 -1.000000000000e+00 -4.480406574655e+00
P1: -9.600000000000e+02 0.000000000000e+00 5.542562584220e+02 2.483813268145e+02 -3.600000000000e+02 5.542562584220e+02 2.204364238465e-14 -3.724745984662e+02 -1.000000000000e+00 0.000000000000e+00 6.123233995737e-17 -1.034651662406e+00
P2: 5.542562584220e+02 0.000000000000e+00 9.600000000000e+02 0.000000000000e+00 0.000000000000e+00 5.542562584220e+02 3.600000000000e+02 0.000000000000e+00 0.000000000000e+00 0.000000000000e+00 1.000000000000e+00 0.000000000000e+00
P3: 5.542562584220e+02 0.000000000000e+00 9.600000000000e+02 -4.434028134474e+02 0.000000000000e+00 5.542562584220e+02 3.600000000000e+02 0.000000000000e+00 0.000000000000e+00 0.000000000000e+00 1.000000000000e+00 0.000000000000e+00
P4: 9.600000000000e+02 0.000000000000e+00 -5.542562584220e+02 -2.234917547960e+03 3.600000000000e+02 5.542562584220e+02 2.204364238465e-14 -3.724766782694e+02 1.000000000000e+00 0.000000000000e+00 6.123233995737e-17 -1.034657439637e+00
P5: 5.542562584220e+02 9.600000000000e+02 5.878304635907e-14 2.399987113953e+04 0.000000000000e+00 9.600000000000e+02 -5.542562584220e+02 2.399987113953e+04 0.000000000000e+00 1.000000000000e+00 6.123233995737e-17 2.499986577034e+01
R0_rect: 1.000000000000e+00 0.000000000000e+00 0.000000000000e+00 0.000000000000e+00 1.000000000000e+00 0.000000000000e+00 0.000000000000e+00 0.000000000000e+00 1.000000000000e+00
Tr_velo_to_p2: 0.000000000000e+00 -1.000000000000e+00 0.000000000000e+00 -9.055378634179e-07 0.000000000000e+00 0.000000000000e+00 -1.000000000000e+00 -4.999998179681e-01 1.000000000000e+00 0.000000000000e+00 0.000000000000e+00 -2.240211717475e+00
imu_to_world: -9.999079803932e-01 1.315935793343e-02 3.295761650628e-03 -1.073043441772e+02 -1.315902656422e-02 -9.999134087934e-01 1.222093761015e-04 8.800070953369e+01 3.297084463573e-03 7.882911533281e-05 9.999945614952e-01 1.581795164384e-03
p2_to_world: 1.315935793343e-02 -3.295761650628e-03 -9.999079803932e-01 -1.095376358032e+02 -9.999134087934e-01 -1.222093761015e-04 -1.315902656422e-02 8.797148132324e+01 7.882911533281e-05 -9.999945614952e-01 3.297084463573e-03 2.046747922897e+00
