P0: -5.542562584220e+02 0.000000000000e+00 -9.600000000000e+02 -4.301130853088e+03 -4.408728476930e-14 5.542562584220e+02 -3.600000000000e+02 -1.612924069908e+03 -1.224646799147e-16 0.000000000000e+00 -1.000000000000e+00 -4.480344638633e+00
P1: -9.600000000000e+02 0.000000000000e+00 5.542562584220e+02 2.483583058023e+02 -3.600000000000e+02 5.542562584220e+02 2.204364238465e-14 -3.724775881506e+02 -1.000000000000e+00 0.000000000000e+00 6.123233995737e-17 -1.034659967085e+00
P2: 5.542562584220e+02 0.000000000000e+00 9.600000000000e+02 0.000000000000e+00 0.000000000000e+00 5.542562584220e+02 3.600000000000e+02 0.000000000000e+00 0.000000000000e+00 0.000000000000e+00 1.000000000000e+00 0.000000000000e+00
P3: 5.542562584220e+02 0.000000000000e+00 9.600000000000e+02 -4.434012543848e+02 0.000000000000e+00 5.542562584220e+02 3.600000000000e+02 0.000000000000e+00 0.000000000000e+00 0.000000000000e+00 1.000000000000e+00 0.000000000000e+00
P4: 9.600000000000e+02 0.000000000000e+00 -5.542562584220e+02 -2.234892977618e+03 3.600000000000e+02 5.542562584220e+02 2.204364238465e-14 -3.724737322034e+02 1.000000000000e+00 0.000000000000e+00 6.123233995737e-17 -1.034649256121e+00
P5: 5.542562584220e+02 9.600000000000e+02 5.878304635907e-14 2.399946487427e+04 0.000000000000e+00 9.600000000000e+02 -5.542562584220e+02 2.399946487427e+04 0.000000000000e+00 1.000000000000e+00 6.123233995737e-17 2.499944257736e+01
R0_rect: 1.000000000000e+00 0.000000000000e+00 0.000000000000e+00 0.000000000000e+00 1.000000000000e+00 0.000000000000e+00 0.000000000000e+00 0.000000000000e+00 1.000000000000e+00
Tr_velo_to_p2: 0.000000000000e+00 -1.000000000000e+00 0.000000000000e+00 -9.412132056965e-06 0.000000000000e+00 0.000000000000e+00 -1.000000000000e+00 -4.999996450956e-01 1.000000000000e+00 0.000000000000e+00 0.000000000000e+00 -2.240228670193e+00
imu_to_world: -9.385794933120e-01 -3.450056218757e-01 -6.297269917821e-03 -1.178210601807e+02 3.449985213133e-01 -9.386006137801e-01 2.215423941171e-03 8.965614318848e+01 -6.674955124548e-03 -9.319732978383e-05 9.999777178959e-01 5.923260934651e-03
p2_to_world: -3.450056218757e-01 6.297269917821e-03 -9.385794933120e-01 -1.199365234375e+02 -9.386006137801e-01 -2.215423941171e-03 3.449985213133e-01 9.043352508545e+01 -9.319732978383e-05 -9.999777178959e-01 -6.674955124548e-03 2.028715610504e+00
