P0: -5.542562584220e+02 0.000000000000e+00 -9.600000000000e+02 -4.301227034528e+03 -4.408728476930e-14 5.542562584220e+02 -3.600000000000e+02 -1.612960137948e+03 -1.224646799147e-16 0.000000000000e+00 -1.000000000000e+00 -4.480444827633e+00
P1: -9.600000000000e+02 0.000000000000e+00 5.542562584220e+02 2.483954931616e+02 -3.600000000000e+02 5.542562584220e+02 2.204364238465e-14 -3.724735008889e+02 -1.000000000000e+00 0.000000000000e+00 6.123233995737e-17 -1.034648613580e+00
P2: 5.542562584220e+02 0.000000000000e+00 9.600000000000e+02 0.000000000000e+00 0.000000000000e+00 5.542562584220e+02 3.600000000000e+02 0.000000000000e+00 0.000000000000e+00 0.000000000000e+00 1.000000000000e+00 0.000000000000e+00
P3: 5.542562584220e+02 0.000000000000e+00 9.600000000000e+02 -4.434043323855e+02 0.000000000000e+00 5.542562584220e+02 3.600000000000e+02 0.000000000000e+00 0.000000000000e+00 0.000000000000e+00 1.000000000000e+00 0.000000000000e+00
P4: 9.600000000000e+02 0.000000000000e+00 -5.542562584220e+02 -2.234923186855e+03 3.600000000000e+02 5.542562584220e+02 2.204364238465e-14 -3.724750360586e+02 1.000000000000e+00 0.000000000000e+00 6.123233995737e-17 -1.034652877941e+00
P5: 5.542562584220e+02 9.600000000000e+02 5.878304635907e-14 2.399997276306e+04 0.000000000000e+00 9.600000000000e+02 -5.542562584220e+02 2.399997276306e+04 0.000000000000e+00 1.000000000000e+00 6.123233995737e-17 2.499997162819e+01
R0_rect: 1.000000000000e+00 0.000000000000e+00 0.000000000000e+00 0.000000000000e+00 1.000000000000e+00 0.000000000000e+00 0.000000000000e+00 0.000000000000e+00 1.000000000000e+00
Tr_velo_to_p2: 0.000000000000e+00 -1.000000000000e+00 0.000000000000e+00 -1.230417749390e-06 0.000000000000e+00 0.000000000000e+00 -1.000000000000e+00 -5.000001188388e-01 1.000000000000e+00 0.000000000000e+00 0.000000000000e+00 -2.240218190544e+00
imu_to_world: -9.999576675821e-01 -9.201001737478e-03 -6.790300119121e-05 -1.108924484253e+02 9.201091720142e-03 -9.999565861421e-01 -1.471646087107e-03 8.799540710449e+01 -5.435943505554e-05 -1.472208570512e-03 9.999989148229e-01 3.041450865567e-03
p2_to_world: -9.201001737478e-03 6.790300119121e-05 -9.999576675821e-01 -1.131327133179e+02 -9.999565861421e-01 1.471646087107e-03 9.201091720142e-03 8.801302337646e+01 -1.472208570512e-03 -9.999989148229e-01 -5.435943505554e-05 2.040708303452e+00
