P0: -5.542562584220e+02 0.000000000000e+00 -9.600000000000e+02 -4.300717543319e+03 -4.408728476930e-14 5.542562584220e+02 -3.600000000000e+02 -1.612769078745e+03 -1.224646799147e-16 0.000000000000e+00 -1.000000000000e+00 -4.479914107624e+00
P1: -9.600000000000e+02 0.000000000000e+00 5.542562584220e+02 2.482459206936e+02 -3.600000000000e+02 5.542562584220e+02 2.204364238465e-14 -3.724733873979e+02 -1.000000000000e+00 0.000000000000e+00 6.123233995737e-17 -1.034648298328e+00
P2: 5.542562584220e+02 0.000000000000e+00 9.600000000000e+02 0.000000000000e+00 0.000000000000e+00 5.542562584220e+02 3.600000000000e+02 0.000000000000e+00 0.000000000000e+00 0.000000000000e+00 1.000000000000e+00 0.000000000000e+00
P3: 5.542562584220e+02 0.000000000000e+00 9.600000000000e+02 -4.434058819279e+02 0.000000000000e+00 5.542562584220e+02 3.600000000000e+02 0.000000000000e+00 0.000000000000e+00 0.000000000000e+00 1.000000000000e+00 0.000000000000e+00
P4: 9.600000000000e+02 0.000000000000e+00 -5.542562584220e+02 -2.234788714562e+03 3.600000000000e+02 5.542562584220e+02 2.204364238465e-14 -3.724787344159e+02 1.000000000000e+00 0.000000000000e+00 6.123233995737e-17 -1.034663151155e+00
P5: 5.542562584220e+02 9.600000000000e+02 5.878304635907e-14 2.399721473694e+04 0.000000000000e+00 9.600000000000e+02 -5.542562584220e+02 2.399721473694e+04 0.000000000000e+00 1.000000000000e+00 6.123233995737e-17 2.499709868431e+01
R0_rect: 1.000000000000e+00 0.000000000000e+00 0.000000000000e+00 0.000000000000e+00 1.000000000000e+00 0.000000000000e+00 0.000000000000e+00 0.000000000000e+00 1.000000000000e+00
Tr_velo_to_p2: 0.000000000000e+00 -1.000000000000e+00 0.000000000000e+00 3.497426571279e-06 0.000000000000e+00 0.000000000000e+00 -1.000000000000e+00 -5.000003538206e-01 1.000000000000e+00 0.000000000000e+00 0.000000000000e+00 -2.240215721055e+00
imu_to_world: -9.998000278655e-01 1.296445979702e-02 -1.522586819852e-02 -1.069504852295e+02 -1.295840729501e-02 -9.999159132431e-01 -4.961085244376e-04 8.800544738770e+01 -1.523101968366e-02 -2.987063150205e-04 9.998839566739e-01 9.565460495651e-03
p2_to_world: 1.296445979702e-02 1.522586819852e-02 -9.998000278655e-01 -1.092212829590e+02 -9.999159132431e-01 4.961085244376e-04 -1.295840729501e-02 8.797541046143e+01 -2.987063150205e-04 -9.998839566739e-01 -1.523101968366e-02 2.012998819351e+00
