P0: -5.542562584220e+02 0.000000000000e+00 -9.600000000000e+02 -4.298932676480e+03 -4.408728476930e-14 5.542562584220e+02 -3.600000000000e+02 -1.612099753680e+03 -1.224646799147e-16 0.000000000000e+00 -1.000000000000e+00 -4.478054871334e+00
P1: -9.600000000000e+02 0.000000000000e+00 5.542562584220e+02 2.478193145683e+02 -3.600000000000e+02 5.542562584220e+02 2.204364238465e-14 -3.724712063290e+02 -1.000000000000e+00 0.000000000000e+00 6.123233995737e-17 -1.034642239803e+00
P2: 5.542562584220e+02 0.000000000000e+00 9.600000000000e+02 0.000000000000e+00 0.000000000000e+00 5.542562584220e+02 3.600000000000e+02 0.000000000000e+00 0.000000000000e+00 0.000000000000e+00 1.000000000000e+00 0.000000000000e+00
P3: 5.542562584220e+02 0.000000000000e+00 9.600000000000e+02 -4.434005829522e+02 0.000000000000e+00 5.542562584220e+02 3.600000000000e+02 0.000000000000e+00 0.000000000000e+00 0.000000000000e+00 1.000000000000e+00 0.000000000000e+00
P4: 9.600000000000e+02 0.000000000000e+00 -5.542562584220e+02 -2.234171484787e+03 3.600000000000e+02 5.542562584220e+02 2.204364238465e-14 -3.724715293396e+02 1.000000000000e+00 0.000000000000e+00 6.123233995737e-17 -1.034643137054e+00
P5: 5.542562584220e+02 9.600000000000e+02 5.878304635907e-14 2.398703659058e+04 0.000000000000e+00 9.600000000000e+02 -5.542562584220e+02 2.398703659058e+04 0.000000000000e+00 1.000000000000e+00 6.123233995737e-17 2.498649644852e+01
R0_rect: 1.000000000000e+00 0.000000000000e+00 0.000000000000e+00 0.000000000000e+00 1.000000000000e+00 0.000000000000e+00 0.000000000000e+00 0.000000000000e+00 1.000000000000e+00
Tr_velo_to_p2: 0.000000000000e+00 -1.000000000000e+00 0.000000000000e+00 -9.806171933713e-07 0.000000000000e+00 0.000000000000e+00 -1.000000000000e+00 -5.000002992583e-01 1.000000000000e+00 0.000000000000e+00 0.000000000000e+00 -2.240217468323e+00
imu_to_world: -9.384150368981e-01 -3.442817449812e-01 -2.910839391348e-02 -1.177905273438e+02 3.439704730622e-01 -9.388565123568e-01 1.525656798352e-02 8.964625549316e+01 -3.258116303771e-02 4.304564782690e-03 9.994598233732e-01 1.730692945421e-02
p2_to_world: -3.442817449812e-01 2.910839391348e-02 -9.384150368981e-01 -1.199520950317e+02 -9.388565123568e-01 -1.525656798352e-02 3.439704730622e-01 9.044791412354e+01 4.304564782690e-03 -9.994598233732e-01 -3.258116303771e-02 1.981008052826e+00
