P0: -5.542562584220e+02 0.000000000000e+00 -9.600000000000e+02 -4.301208617271e+03 -4.408728476930e-14 5.542562584220e+02 -3.600000000000e+02 -1.612953231477e+03 -1.224646799147e-16 0.000000000000e+00 -1.000000000000e+00 -4.480425642990e+00
P1: -9.600000000000e+02 0.000000000000e+00 5.542562584220e+02 2.484142471306e+02 -3.600000000000e+02 5.542562584220e+02 2.204364238465e-14 -3.724608718140e+02 -1.000000000000e+00 0.000000000000e+00 6.123233995737e-17 -1.034613532817e+00
P2: 5.542562584220e+02 0.000000000000e+00 9.600000000000e+02 0.000000000000e+00 0.000000000000e+00 5.542562584220e+02 3.600000000000e+02 0.000000000000e+00 0.000000000000e+00 0.000000000000e+00 1.000000000000e+00 0.000000000000e+00
P3: 5.542562584220e+02 0.000000000000e+00 9.600000000000e+02 -4.433979082668e+02 0.000000000000e+00 5.542562584220e+02 3.600000000000e+02 0.000000000000e+00 0.000000000000e+00 0.000000000000e+00 1.000000000000e+00 0.000000000000e+00
P4: 9.600000000000e+02 0.000000000000e+00 -5.542562584220e+02 -2.234901153500e+03 3.600000000000e+02 5.542562584220e+02 2.204364238465e-14 -3.724667032206e+02 1.000000000000e+00 0.000000000000e+00 6.123233995737e-17 -1.034629731168e+00
P5: 5.542562584220e+02 9.600000000000e+02 5.878304635907e-14 2.399916732788e+04 0.000000000000e+00 9.600000000000e+02 -5.542562584220e+02 2.399916732788e+04 0.000000000000e+00 1.000000000000e+00 6.123233995737e-17 2.499913263321e+01
R0_rect: 1.000000000000e+00 0.000000000000e+00 0.000000000000e+00 0.000000000000e+00 1.000000000000e+00 0.000000000000e+00 0.000000000000e+00 0.000000000000e+00 1.000000000000e+00
Tr_velo_to_p2: 0.000000000000e+00 -1.000000000000e+00 0.000000000000e+00 8.037472171980e-06 0.000000000000e+00 0.000000000000e+00 -1.000000000000e+00 -5.000004262784e-01 1.000000000000e+00 0.000000000000e+00 0.000000000000e+00 -2.240212681399e+00
imu_to_world: -9.702413683109e-01 -2.421088139978e-01 -3.874197044597e-03 -1.156400680542e+02 2.421317599751e-01 -9.702153815299e-01 -7.370498909460e-03 8.886603546143e+01 -1.974342814204e-03 -8.089229095947e-03 9.999653325706e-01 3.890106221661e-03
p2_to_world: -2.421088139978e-01 3.874197044597e-03 -9.702413683109e-01 -1.178215103149e+02 -9.702153815299e-01 7.370498909460e-03 2.421317599751e-01 8.939344787598e+01 -8.089229095947e-03 -9.999653325706e-01 -1.974342814204e-03 2.037187099457e+00
