P0: -5.542562584220e+02 0.000000000000e+00 -9.600000000000e+02 -4.301226740101e+03 -4.408728476930e-14 5.542562584220e+02 -3.600000000000e+02 -1.612960027538e+03 -1.224646799147e-16 0.000000000000e+00 -1.000000000000e+00 -4.480444520938e+00
P1: -9.600000000000e+02 0.000000000000e+00 5.542562584220e+02 2.483967798901e+02 -3.600000000000e+02 5.542562584220e+02 2.204364238465e-14 -3.724713073618e+02 -1.000000000000e+00 0.000000000000e+00 6.123233995737e-17 -1.034642520449e+00
P2: 5.542562584220e+02 0.000000000000e+00 9.600000000000e+02 0.000000000000e+00 0.000000000000e+00 5.542562584220e+02 3.600000000000e+02 0.000000000000e+00 0.000000000000e+00 0.000000000000e+00 1.000000000000e+00 0.000000000000e+00
P3: 5.542562584220e+02 0.000000000000e+00 9.600000000000e+02 -4.434005832115e+02 0.000000000000e+00 5.542562584220e+02 3.600000000000e+02 0.000000000000e+00 0.000000000000e+00 0.000000000000e+00 1.000000000000e+00 0.000000000000e+00
P4: 9.600000000000e+02 0.000000000000e+00 -5.542562584220e+02 -2.234910660355e+03 3.600000000000e+02 5.542562584220e+02 2.204364238465e-14 -3.724717962446e+02 1.000000000000e+00 0.000000000000e+00 6.123233995737e-17 -1.034643878457e+00
P5: 5.542562584220e+02 9.600000000000e+02 5.878304635907e-14 2.399978691101e+04 0.000000000000e+00 9.600000000000e+02 -5.542562584220e+02 2.399978691101e+04 0.000000000000e+00 1.000000000000e+00 6.123233995737e-17 2.499977803230e+01
R0_rect: 1.000000000000e+00 0.000000000000e+00 0.000000000000e+00 0.000000000000e+00 1.000000000000e+00 0.000000000000e+00 0.000000000000e+00 0.000000000000e+00 1.000000000000e+00
Tr_velo_to_p2: 0.000000000000e+00 -1.000000000000e+00 0.000000000000e+00 -1.212532883342e-06 0.000000000000e+00 0.000000000000e+00 -1.000000000000e+00 -5.000001134251e-01 1.000000000000e+00 0.000000000000e+00 0.000000000000e+00 -2.240225571123e+00
imu_to_world: -9.790010091874e-01 -2.038526073370e-01 -1.067001371377e-03 -1.147839355469e+02 2.038552839214e-01 -9.789926222894e-01 -4.058167095862e-03 8.862246704102e+01 -2.173185270499e-04 -4.190463549806e-03 9.999911963552e-01 3.093063365668e-03
p2_to_world: -2.038526073370e-01 1.067001371377e-03 -9.790010091874e-01 -1.169792861938e+02 -9.789926222894e-01 4.058167095862e-03 2.038552839214e-01 8.907087707520e+01 -4.190463549806e-03 -9.999911963552e-01 -2.173185270499e-04 2.040379285812e+00
