P0: -5.542562584220e+02 0.000000000000e+00 -9.600000000000e+02 -4.301190022576e+03 -4.408728476930e-14 5.542562584220e+02 -3.600000000000e+02 -1.612946258466e+03 -1.224646799147e-16 0.000000000000e+00 -1.000000000000e+00 -4.480406273517e+00
P1: -9.600000000000e+02 0.000000000000e+00 5.542562584220e+02 2.483682685236e+02 -3.600000000000e+02 5.542562584220e+02 2.204364238465e-14 -3.724784644450e+02 -1.000000000000e+00 0.000000000000e+00 6.123233995737e-17 -1.034662401236e+00
P2: 5.542562584220e+02 0.000000000000e+00 9.600000000000e+02 0.000000000000e+00 0.000000000000e+00 5.542562584220e+02 3.600000000000e+02 0.000000000000e+00 0.000000000000e+00 0.000000000000e+00 1.000000000000e+00 0.000000000000e+00
P3: 5.542562584220e+02 0.000000000000e+00 9.600000000000e+02 -4.434069860877e+02 0.000000000000e+00 5.542562584220e+02 3.600000000000e+02 0.000000000000e+00 0.000000000000e+00 0.000000000000e+00 1.000000000000e+00 0.000000000000e+00
P4: 9.600000000000e+02 0.000000000000e+00 -5.542562584220e+02 -2.234917255626e+03 3.600000000000e+02 5.542562584220e+02 2.204364238465e-14 -3.724755586280e+02 1.000000000000e+00 0.000000000000e+00 6.123233995737e-17 -1.034654329522e+00
P5: 5.542562584220e+02 9.600000000000e+02 5.878304635907e-14 2.399986312866e+04 0.000000000000e+00 9.600000000000e+02 -5.542562584220e+02 2.399986312866e+04 0.000000000000e+00 1.000000000000e+00 6.123233995737e-17 2.499985742569e+01
R0_rect: 1.000000000000e+00 0.000000000000e+00 0.000000000000e+00 0.000000000000e+00 1.000000000000e+00 0.000000000000e+00 0.000000000000e+00 0.000000000000e+00 1.000000000000e+00
Tr_velo_to_p2: 0.000000000000e+00 -1.000000000000e+00 0.000000000000e+00 -3.296043354579e-06 0.000000000000e+00 0.000000000000e+00 -1.000000000000e+00 -4.999999088515e-01 1.000000000000e+00 0.000000000000e+00 0.000000000000e+00 -2.240223505888e+00
imu_to_world: -9.999078647699e-01 1.315456184051e-02 -3.349548341814e-03 -1.073020935059e+02 -1.315423096445e-02 -9.999134720647e-01 -1.207945192809e-04 8.800070190430e+01 -3.350847511286e-03 -7.672265733528e-05 9.999943829515e-01 4.468948580325e-03
p2_to_world: 1.315456184051e-02 3.349548341814e-03 -9.999078647699e-01 -1.095489349365e+02 -9.999134720647e-01 1.207945192809e-04 -1.315423096445e-02 8.797098541260e+01 -7.672265733528e-05 -9.999943829515e-01 -3.350847511286e-03 2.034741878510e+00
