P0: -5.542562584220e+02 0.000000000000e+00 -9.600000000000e+02 -4.301213576181e+03 -4.408728476930e-14 5.542562584220e+02 -3.600000000000e+02 -1.612955091068e+03 -1.224646799147e-16 0.000000000000e+00 -1.000000000000e+00 -4.480430808522e+00
P1: -9.600000000000e+02 0.000000000000e+00 5.542562584220e+02 2.483866163184e+02 -3.600000000000e+02 5.542562584220e+02 2.204364238465e-14 -3.724747716405e+02 -1.000000000000e+00 0.000000000000e+00 6.123233995737e-17 -1.034652143446e+00
P2: 5.542562584220e+02 0.000000000000e+00 9.600000000000e+02 0.000000000000e+00 0.000000000000e+00 5.542562584220e+02 3.600000000000e+02 0.000000000000e+00 0.000000000000e+00 0.000000000000e+00 1.000000000000e+00 0.000000000000e+00
P3: 5.542562584220e+02 0.000000000000e+00 9.600000000000e+02 -4.434026631858e+02 0.000000000000e+00 5.542562584220e+02 3.600000000000e+02 0.000000000000e+00 0.000000000000e+00 0.000000000000e+00 1.000000000000e+00 0.000000000000e+00
P4: 9.600000000000e+02 0.000000000000e+00 -5.542562584220e+02 -2.234926706106e+03 3.600000000000e+02 5.542562584220e+02 2.204364238465e-14 -3.724772115307e+02 1.000000000000e+00 0.000000000000e+00 6.123233995737e-17 -1.034658920919e+00
P5: 5.542562584220e+02 9.600000000000e+02 5.878304635907e-14 2.399993888855e+04 0.000000000000e+00 9.600000000000e+02 -5.542562584220e+02 2.399993888855e+04 0.000000000000e+00 1.000000000000e+00 6.123233995737e-17 2.499993634224e+01
R0_rect: 1.000000000000e+00 0.000000000000e+00 0.000000000000e+00 0.000000000000e+00 1.000000000000e+00 0.000000000000e+00 0.000000000000e+00 0.000000000000e+00 1.000000000000e+00
Tr_velo_to_p2: 0.000000000000e+00 -1.000000000000e+00 0.000000000000e+00 7.637039748763e-06 0.000000000000e+00 0.000000000000e+00 -1.000000000000e+00 -5.000000072653e-01 1.000000000000e+00 0.000000000000e+00 0.000000000000e+00 -2.240227362232e+00
imu_to_world: -9.998731126768e-01 1.577144110407e-02 -2.240578394487e-03 -1.078236083984e+02 -1.577134541897e-02 -9.998756227748e-01 -6.036870980179e-05 8.799442291260e+01 -2.241251819114e-03 -2.502411398007e-05 9.999974880789e-01 3.994324244559e-03
p2_to_world: 1.577144110407e-02 2.240578394487e-03 -9.998731126768e-01 -1.100681152344e+02 -9.998756227748e-01 6.036870980179e-05 -1.577134541897e-02 8.795896911621e+01 -2.502411398007e-05 -9.999974880789e-01 -2.241251819114e-03 2.036759138107e+00
