P0: -5.542562584220e+02 0.000000000000e+00 -9.600000000000e+02 -4.301227017897e+03 -4.408728476930e-14 5.542562584220e+02 -3.600000000000e+02 -1.612960131711e+03 -1.224646799147e-16 0.000000000000e+00 -1.000000000000e+00 -4.480444810309e+00
P1: -9.600000000000e+02 0.000000000000e+00 5.542562584220e+02 2.484128720731e+02 -3.600000000000e+02 5.542562584220e+02 2.204364238465e-14 -3.724682691955e+02 -1.000000000000e+00 0.000000000000e+00 6.123233995737e-17 -1.034634081099e+00
P2: 5.542562584220e+02 0.000000000000e+00 9.600000000000e+02 0.000000000000e+00 0.000000000000e+00 5.542562584220e+02 3.600000000000e+02 0.000000000000e+00 0.000000000000e+00 0.000000000000e+00 1.000000000000e+00 0.000000000000e+00
P3: 5.542562584220e+02 0.000000000000e+00 9.600000000000e+02 -4.433903624525e+02 0.000000000000e+00 5.542562584220e+02 3.600000000000e+02 0.000000000000e+00 0.000000000000e+00 0.000000000000e+00 1.000000000000e+00 0.000000000000e+00
P4: 9.600000000000e+02 0.000000000000e+00 -5.542562584220e+02 -2.234899418918e+03 3.600000000000e+02 5.542562584220e+02 2.204364238465e-14 -3.724658939286e+02 1.000000000000e+00 0.000000000000e+00 6.123233995737e-17 -1.034627483135e+00
P5: 5.542562584220e+02 9.600000000000e+02 5.878304635907e-14 2.399929321289e+04 0.000000000000e+00 9.600000000000e+02 -5.542562584220e+02 2.399929321289e+04 0.000000000000e+00 1.000000000000e+00 6.123233995737e-17 2.499926376343e+01
R0_rect: 1.000000000000e+00 0.000000000000e+00 0.000000000000e+00 0.000000000000e+00 1.000000000000e+00 0.000000000000e+00 0.000000000000e+00 0.000000000000e+00 1.000000000000e+00
Tr_velo_to_p2: 0.000000000000e+00 -1.000000000000e+00 0.000000000000e+00 -1.719606920991e-06 0.000000000000e+00 0.000000000000e+00 -1.000000000000e+00 -4.999997829452e-01 1.000000000000e+00 0.000000000000e+00 0.000000000000e+00 -2.240223226631e+00
imu_to_world: -9.573782634462e-01 -2.888314177479e-01 -1.809088831387e-03 -1.165134429932e+02 2.888367802091e-01 -9.573494065006e-01 -7.445016544038e-03 8.916300201416e+01 4.184245645361e-04 -7.650228403430e-03 9.999706490324e-01 2.835228107870e-03
p2_to_world: -2.888314177479e-01 1.809088831387e-03 -9.573782634462e-01 -1.186618728638e+02 -9.573494065006e-01 7.445016544038e-03 2.888367802091e-01 8.979489135742e+01 -7.650228403430e-03 -9.999706490324e-01 4.184245645361e-04 2.041503906250e+00
