P0: -5.542562584220e+02 0.000000000000e+00 -9.600000000000e+02 -4.301131433895e+03 -4.408728476930e-14 5.542562584220e+02 -3.600000000000e+02 -1.612924287711e+03 -1.224646799147e-16 0.000000000000e+00 -1.000000000000e+00 -4.480345243641e+00
P1: -9.600000000000e+02 0.000000000000e+00 5.542562584220e+02 2.483625626274e+02 -3.600000000000e+02 5.542562584220e+02 2.204364238465e-14 -3.724758264887e+02 -1.000000000000e+00 0.000000000000e+00 6.123233995737e-17 -1.034655073580e+00
P2: 5.542562584220e+02 0.000000000000e+00 9.600000000000e+02 0.000000000000e+00 0.000000000000e+00 5.542562584220e+02 3.600000000000e+02 0.000000000000e+00 0.000000000000e+00 0.000000000000e+00 1.000000000000e+00 0.000000000000e+00
P3: 5.542562584220e+02 0.000000000000e+00 9.600000000000e+02 -4.434027578139e+02 0.000000000000e+00 5.542562584220e+02 3.600000000000e+02 0.000000000000e+00 0.000000000000e+00 0.000000000000e+00 1.000000000000e+00 0.000000000000e+00
P4: 9.600000000000e+02 0.000000000000e+00 -5.542562584220e+02 -2.234907225111e+03 3.600000000000e+02 5.542562584220e+02 2.204364238465e-14 -3.724781604549e+02 1.000000000000e+00 0.000000000000e+00 6.123233995737e-17 -1.034661556819e+00
P5: 5.542562584220e+02 9.600000000000e+02 5.878304635907e-14 2.399950927734e+04 0.000000000000e+00 9.600000000000e+02 -5.542562584220e+02 2.399950927734e+04 0.000000000000e+00 1.000000000000e+00 6.123233995737e-17 2.499948883057e+01
R0_rect: 1.000000000000e+00 0.000000000000e+00 0.000000000000e+00 0.000000000000e+00 1.000000000000e+00 0.000000000000e+00 0.000000000000e+00 0.000000000000e+00 1.000000000000e+00
Tr_velo_to_p2: 0.000000000000e+00 -1.000000000000e+00 0.000000000000e+00 -1.515681598484e-06 0.000000000000e+00 0.000000000000e+00 -1.000000000000e+00 -4.999998917438e-01 1.000000000000e+00 0.000000000000e+00 0.000000000000e+00 -2.240218846830e+00
imu_to_world: -9.998930742331e-01 1.315480294908e-02 -6.386803586483e-03 -1.073010101318e+02 -1.315403638839e-02 -9.999134687949e-01 -1.620161255326e-04 8.800073242188e+01 -6.388382218877e-03 -7.798655505201e-05 9.999795910371e-01 5.793945863843e-03
p2_to_world: 1.315480294908e-02 6.386803586483e-03 -9.998930742331e-01 -1.095540084839e+02 -9.999134687949e-01 1.620161255326e-04 -1.315403638839e-02 8.797093200684e+01 -7.798655505201e-05 -9.999795910371e-01 -6.388382218877e-03 2.029232025146e+00
