P0: -5.542562584220e+02 0.000000000000e+00 -9.600000000000e+02 -4.301201446070e+03 -4.408728476930e-14 5.542562584220e+02 -3.600000000000e+02 -1.612950542276e+03 -1.224646799147e-16 0.000000000000e+00 -1.000000000000e+00 -4.480418172989e+00
P1: -9.600000000000e+02 0.000000000000e+00 5.542562584220e+02 2.483699727664e+02 -3.600000000000e+02 5.542562584220e+02 2.204364238465e-14 -3.724787085832e+02 -1.000000000000e+00 0.000000000000e+00 6.123233995737e-17 -1.034663079398e+00
P2: 5.542562584220e+02 0.000000000000e+00 9.600000000000e+02 0.000000000000e+00 0.000000000000e+00 5.542562584220e+02 3.600000000000e+02 0.000000000000e+00 0.000000000000e+00 0.000000000000e+00 1.000000000000e+00 0.000000000000e+00
P3: 5.542562584220e+02 0.000000000000e+00 9.600000000000e+02 -4.434067668472e+02 0.000000000000e+00 5.542562584220e+02 3.600000000000e+02 0.000000000000e+00 0.000000000000e+00 0.000000000000e+00 1.000000000000e+00 0.000000000000e+00
P4: 9.600000000000e+02 0.000000000000e+00 -5.542562584220e+02 -2.234921726895e+03 3.600000000000e+02 5.542562584220e+02 2.204364238465e-14 -3.724772518171e+02 1.000000000000e+00 0.000000000000e+00 6.123233995737e-17 -1.034659032825e+00
P5: 5.542562584220e+02 9.600000000000e+02 5.878304635907e-14 2.399990592957e+04 0.000000000000e+00 9.600000000000e+02 -5.542562584220e+02 2.399990592957e+04 0.000000000000e+00 1.000000000000e+00 6.123233995737e-17 2.499990200996e+01
R0_rect: 1.000000000000e+00 0.000000000000e+00 0.000000000000e+00 0.000000000000e+00 1.000000000000e+00 0.000000000000e+00 0.000000000000e+00 0.000000000000e+00 1.000000000000e+00
Tr_velo_to_p2: 0.000000000000e+00 -1.000000000000e+00 0.000000000000e+00 -1.662777203600e-07 0.000000000000e+00 0.000000000000e+00 -1.000000000000e+00 -5.000001126528e-01 1.000000000000e+00 0.000000000000e+00 0.000000000000e+00 -2.240206796874e+00
imu_to_world: -9.999290920338e-01 1.157850021657e-02 2.783745163336e-03 -1.043528976440e+02 -1.157832187342e-02 -9.999329657706e-01 8.017349215682e-05 8.804016113281e+01 2.784486845920e-03 4.793670970287e-05 9.999961221600e-01 1.809647888876e-03
p2_to_world: 1.157850021657e-02 -2.783745163336e-03 -9.999290920338e-01 -1.065872802734e+02 -9.999329657706e-01 -8.017349215682e-05 -1.157832187342e-02 8.801438903809e+01 4.793670970287e-05 -9.999961221600e-01 2.784486845920e-03 2.045830488205e+00
