P0: -5.542562584220e+02 0.000000000000e+00 -9.600000000000e+02 -4.301215103661e+03 -4.408728476930e-14 5.542562584220e+02 -3.600000000000e+02 -1.612955663873e+03 -1.224646799147e-16 0.000000000000e+00 -1.000000000000e+00 -4.480432399647e+00
P1: -9.600000000000e+02 0.000000000000e+00 5.542562584220e+02 2.483817587175e+02 -3.600000000000e+02 5.542562584220e+02 2.204364238465e-14 -3.724782584224e+02 -1.000000000000e+00 0.000000000000e+00 6.123233995737e-17 -1.034661828951e+00
P2: 5.542562584220e+02 0.000000000000e+00 9.600000000000e+02 0.000000000000e+00 0.000000000000e+00 5.542562584220e+02 3.600000000000e+02 0.000000000000e+00 0.000000000000e+00 0.000000000000e+00 1.000000000000e+00 0.000000000000e+00
P3: 5.542562584220e+02 0.000000000000e+00 9.600000000000e+02 -4.434037650896e+02 0.000000000000e+00 5.542562584220e+02 3.600000000000e+02 0.000000000000e+00 0.000000000000e+00 0.000000000000e+00 1.000000000000e+00 0.000000000000e+00
P4: 9.600000000000e+02 0.000000000000e+00 -5.542562584220e+02 -2.234922071182e+03 3.600000000000e+02 5.542562584220e+02 2.204364238465e-14 -3.724751875161e+02 1.000000000000e+00 0.000000000000e+00 6.123233995737e-17 -1.034653298656e+00
P5: 5.542562584220e+02 9.600000000000e+02 5.878304635907e-14 2.399998603821e+04 0.000000000000e+00 9.600000000000e+02 -5.542562584220e+02 2.399998603821e+04 0.000000000000e+00 1.000000000000e+00 6.123233995737e-17 2.499998545647e+01
R0_rect: 1.000000000000e+00 0.000000000000e+00 0.000000000000e+00 0.000000000000e+00 1.000000000000e+00 0.000000000000e+00 0.000000000000e+00 0.000000000000e+00 1.000000000000e+00
Tr_velo_to_p2: 0.000000000000e+00 -1.000000000000e+00 0.000000000000e+00 1.197432567922e-06 0.000000000000e+00 0.000000000000e+00 -1.000000000000e+00 -4.999999659556e-01 1.000000000000e+00 0.000000000000e+00 0.000000000000e+00 -2.240218723759e+00
imu_to_world: -9.999393991190e-01 1.095579954075e-02 1.080993017138e-03 -1.039259033203e+02 -1.095575282236e-02 -9.999399827321e-01 4.913029495950e-05 8.804576110840e+01 1.081466400553e-03 3.728422532188e-05 9.999994145200e-01 2.547715557739e-03
p2_to_world: 1.095579954075e-02 -1.080993017138e-03 -9.999393991190e-01 -1.061637878418e+02 -9.999399827321e-01 -4.913029495950e-05 -1.095575282236e-02 8.802131652832e+01 3.728422532188e-05 -9.999994145200e-01 1.081466400553e-03 2.042760133743e+00
