P0: -5.542562584220e+02 0.000000000000e+00 -9.600000000000e+02 -4.301223032367e+03 -4.408728476930e-14 5.542562584220e+02 -3.600000000000e+02 -1.612958637138e+03 -1.224646799147e-16 0.000000000000e+00 -1.000000000000e+00 -4.480440658716e+00
P1: -9.600000000000e+02 0.000000000000e+00 5.542562584220e+02 2.484105853016e+02 -3.600000000000e+02 5.542562584220e+02 2.204364238465e-14 -3.724669742290e+02 -1.000000000000e+00 0.000000000000e+00 6.123233995737e-17 -1.034630483969e+00
P2: 5.542562584220e+02 0.000000000000e+00 9.600000000000e+02 0.000000000000e+00 0.000000000000e+00 5.542562584220e+02 3.600000000000e+02 0.000000000000e+00 0.000000000000e+00 0.000000000000e+00 1.000000000000e+00 0.000000000000e+00
P3: 5.542562584220e+02 0.000000000000e+00 9.600000000000e+02 -4.433826803342e+02 0.000000000000e+00 5.542562584220e+02 3.600000000000e+02 0.000000000000e+00 0.000000000000e+00 0.000000000000e+00 1.000000000000e+00 0.000000000000e+00
P4: 9.600000000000e+02 0.000000000000e+00 -5.542562584220e+02 -2.234883223264e+03 3.600000000000e+02 5.542562584220e+02 2.204364238465e-14 -3.724604713399e+02 1.000000000000e+00 0.000000000000e+00 6.123233995737e-17 -1.034612420388e+00
P5: 5.542562584220e+02 9.600000000000e+02 5.878304635907e-14 2.399919273376e+04 0.000000000000e+00 9.600000000000e+02 -5.542562584220e+02 2.399919273376e+04 0.000000000000e+00 1.000000000000e+00 6.123233995737e-17 2.499915909767e+01
R0_rect: 1.000000000000e+00 0.000000000000e+00 0.000000000000e+00 0.000000000000e+00 1.000000000000e+00 0.000000000000e+00 0.000000000000e+00 0.000000000000e+00 1.000000000000e+00
Tr_velo_to_p2: 0.000000000000e+00 -1.000000000000e+00 0.000000000000e+00 -1.116924076822e-05 0.000000000000e+00 0.000000000000e+00 -1.000000000000e+00 -4.999998116555e-01 1.000000000000e+00 0.000000000000e+00 0.000000000000e+00 -2.240217951030e+00
imu_to_world: -9.638972564637e-01 -2.662634739653e-01 -2.416901690676e-03 -1.160784072876e+02 2.662743311613e-01 -9.638654627448e-01 -7.832642749789e-03 8.900977325439e+01 -2.440213976046e-04 -8.193421738549e-03 9.999664035825e-01 3.128082491457e-03
p2_to_world: -2.662634739653e-01 2.416901690676e-03 -9.638972564637e-01 -1.182426757812e+02 -9.638654627448e-01 7.832642749789e-03 2.662743311613e-01 8.959031677246e+01 -8.193421738549e-03 -9.999664035825e-01 -2.440213976046e-04 2.040303945541e+00
