P0: -5.542562584220e+02 0.000000000000e+00 -9.600000000000e+02 -4.301182640921e+03 -4.408728476930e-14 5.542562584220e+02 -3.600000000000e+02 -1.612943490345e+03 -1.224646799147e-16 0.000000000000e+00 -1.000000000000e+00 -4.480398584293e+00
P1: -9.600000000000e+02 0.000000000000e+00 5.542562584220e+02 2.483733636960e+02 -3.600000000000e+02 5.542562584220e+02 2.204364238465e-14 -3.724761649760e+02 -1.000000000000e+00 0.000000000000e+00 6.123233995737e-17 -1.034656013822e+00
P2: 5.542562584220e+02 0.000000000000e+00 9.600000000000e+02 0.000000000000e+00 0.000000000000e+00 5.542562584220e+02 3.600000000000e+02 0.000000000000e+00 0.000000000000e+00 0.000000000000e+00 1.000000000000e+00 0.000000000000e+00
P3: 5.542562584220e+02 0.000000000000e+00 9.600000000000e+02 -4.434062665472e+02 0.000000000000e+00 5.542562584220e+02 3.600000000000e+02 0.000000000000e+00 0.000000000000e+00 0.000000000000e+00 1.000000000000e+00 0.000000000000e+00
P4: 9.600000000000e+02 0.000000000000e+00 -5.542562584220e+02 -2.234923923345e+03 3.600000000000e+02 5.542562584220e+02 2.204364238465e-14 -3.724793099296e+02 1.000000000000e+00 0.000000000000e+00 6.123233995737e-17 -1.034664749804e+00
P5: 5.542562584220e+02 9.600000000000e+02 5.878304635907e-14 2.399981826782e+04 0.000000000000e+00 9.600000000000e+02 -5.542562584220e+02 2.399981826782e+04 0.000000000000e+00 1.000000000000e+00 6.123233995737e-17 2.499981069565e+01
R0_rect: 1.000000000000e+00 0.000000000000e+00 0.000000000000e+00 0.000000000000e+00 1.000000000000e+00 0.000000000000e+00 0.000000000000e+00 0.000000000000e+00 1.000000000000e+00
Tr_velo_to_p2: 0.000000000000e+00 -1.000000000000e+00 0.000000000000e+00 4.707549046292e-07 0.000000000000e+00 0.000000000000e+00 -1.000000000000e+00 -5.000000406968e-01 1.000000000000e+00 0.000000000000e+00 0.000000000000e+00 -2.240218506524e+00
imu_to_world: -9.999077844142e-01 1.302377205862e-02 3.847600460860e-03 -1.069871520996e+02 -1.302345835205e-02 -9.999151854901e-01 1.065774812720e-04 8.800496673584e+01 3.848662169336e-03 5.645858880975e-05 9.999925922785e-01 1.360886031762e-03
p2_to_world: 1.302377205862e-02 -3.847600460860e-03 -9.999077844142e-01 -1.092193222046e+02 -9.999151854901e-01 -1.065774812720e-04 -1.302345835205e-02 8.797601318359e+01 5.645858880975e-05 -9.999925922785e-01 3.848662169336e-03 2.047758579254e+00
