P0: -5.542562584220e+02 0.000000000000e+00 -9.600000000000e+02 -4.301189417530e+03 -4.408728476930e-14 5.542562584220e+02 -3.600000000000e+02 -1.612946031574e+03 -1.224646799147e-16 0.000000000000e+00 -1.000000000000e+00 -4.480405643260e+00
P1: -9.600000000000e+02 0.000000000000e+00 5.542562584220e+02 2.483796132478e+02 -3.600000000000e+02 5.542562584220e+02 2.204364238465e-14 -3.724723686223e+02 -1.000000000000e+00 0.000000000000e+00 6.123233995737e-17 -1.034645468395e+00
P2: 5.542562584220e+02 0.000000000000e+00 9.600000000000e+02 0.000000000000e+00 0.000000000000e+00 5.542562584220e+02 3.600000000000e+02 0.000000000000e+00 0.000000000000e+00 0.000000000000e+00 1.000000000000e+00 0.000000000000e+00
P3: 5.542562584220e+02 0.000000000000e+00 9.600000000000e+02 -4.434028991884e+02 0.000000000000e+00 5.542562584220e+02 3.600000000000e+02 0.000000000000e+00 0.000000000000e+00 0.000000000000e+00 1.000000000000e+00 0.000000000000e+00
P4: 9.600000000000e+02 0.000000000000e+00 -5.542562584220e+02 -2.234916340231e+03 3.600000000000e+02 5.542562584220e+02 2.204364238465e-14 -3.724735256597e+02 1.000000000000e+00 0.000000000000e+00 6.123233995737e-17 -1.034648682388e+00
P5: 5.542562584220e+02 9.600000000000e+02 5.878304635907e-14 2.399970703125e+04 0.000000000000e+00 9.600000000000e+02 -5.542562584220e+02 2.399970703125e+04 0.000000000000e+00 1.000000000000e+00 6.123233995737e-17 2.499969482422e+01
R0_rect: 1.000000000000e+00 0.000000000000e+00 0.000000000000e+00 0.000000000000e+00 1.000000000000e+00 0.000000000000e+00 0.000000000000e+00 0.000000000000e+00 1.000000000000e+00
Tr_velo_to_p2: 0.000000000000e+00 -1.000000000000e+00 0.000000000000e+00 3.536965876487e-06 0.000000000000e+00 0.000000000000e+00 -1.000000000000e+00 -5.000003075887e-01 1.000000000000e+00 0.000000000000e+00 0.000000000000e+00 -2.240213694742e+00
imu_to_world: -9.756644046472e-01 -2.192363715082e-01 -3.792481025168e-03 -1.152075729370e+02 2.192486213381e-01 -9.756638242556e-01 -3.184977291201e-03 8.873339843750e+01 -3.001923675773e-03 -3.938965208853e-03 9.999877364285e-01 4.325248766690e-03
p2_to_world: -2.192363715082e-01 3.792481025168e-03 -9.756644046472e-01 -1.174010009766e+02 -9.756638242556e-01 3.184977291201e-03 2.192486213381e-01 8.921807098389e+01 -3.938965208853e-03 -9.999877364285e-01 -3.001923675773e-03 2.035366058350e+00
