P0: -5.542562584220e+02 0.000000000000e+00 -9.600000000000e+02 -4.301210640586e+03 -4.408728476930e-14 5.542562584220e+02 -3.600000000000e+02 -1.612953990220e+03 -1.224646799147e-16 0.000000000000e+00 -1.000000000000e+00 -4.480427750610e+00
P1: -9.600000000000e+02 0.000000000000e+00 5.542562584220e+02 2.483783968750e+02 -3.600000000000e+02 5.542562584220e+02 2.204364238465e-14 -3.724770183804e+02 -1.000000000000e+00 0.000000000000e+00 6.123233995737e-17 -1.034658384390e+00
P2: 5.542562584220e+02 0.000000000000e+00 9.600000000000e+02 0.000000000000e+00 0.000000000000e+00 5.542562584220e+02 3.600000000000e+02 0.000000000000e+00 0.000000000000e+00 0.000000000000e+00 1.000000000000e+00 0.000000000000e+00
P3: 5.542562584220e+02 0.000000000000e+00 9.600000000000e+02 -4.434045782207e+02 0.000000000000e+00 5.542562584220e+02 3.600000000000e+02 0.000000000000e+00 0.000000000000e+00 0.000000000000e+00 1.000000000000e+00 0.000000000000e+00
P4: 9.600000000000e+02 0.000000000000e+00 -5.542562584220e+02 -2.234923199962e+03 3.600000000000e+02 5.542562584220e+02 2.204364238465e-14 -3.724756967505e+02 1.000000000000e+00 0.000000000000e+00 6.123233995737e-17 -1.034654713196e+00
P5: 5.542562584220e+02 9.600000000000e+02 5.878304635907e-14 2.399999862671e+04 0.000000000000e+00 9.600000000000e+02 -5.542562584220e+02 2.399999862671e+04 0.000000000000e+00 1.000000000000e+00 6.123233995737e-17 2.499999856949e+01
R0_rect: 1.000000000000e+00 0.000000000000e+00 0.000000000000e+00 0.000000000000e+00 1.000000000000e+00 0.000000000000e+00 0.000000000000e+00 0.000000000000e+00 1.000000000000e+00
Tr_velo_to_p2: 0.000000000000e+00 -1.000000000000e+00 0.000000000000e+00 -3.755414134033e-06 0.000000000000e+00 0.000000000000e+00 -1.000000000000e+00 -4.999999812715e-01 1.000000000000e+00 0.000000000000e+00 0.000000000000e+00 -2.240212999085e+00
imu_to_world: -9.999188664969e-01 1.273462579434e-02 2.995486218481e-04 -1.071504592896e+02 -1.273462522292e-02 -9.999189113653e-01 3.814948955450e-06 8.800261688232e+01 2.995729138067e-04 -0.000000000000e+00 9.999999551280e-01 2.887070178986e-03
p2_to_world: 1.273462579434e-02 -2.995486218481e-04 -9.999188664969e-01 -1.093898773193e+02 -9.999189113653e-01 -3.814948955450e-06 -1.273462522292e-02 8.797409057617e+01 0.000000000000e+00 -9.999999551280e-01 2.995729138067e-04 2.041348934174e+00
