P0: -5.542562584220e+02 0.000000000000e+00 -9.600000000000e+02 -4.301217544004e+03 -4.408728476930e-14 5.542562584220e+02 -3.600000000000e+02 -1.612956579001e+03 -1.224646799147e-16 0.000000000000e+00 -1.000000000000e+00 -4.480434941671e+00
P1: -9.600000000000e+02 0.000000000000e+00 5.542562584220e+02 2.483740256939e+02 -3.600000000000e+02 5.542562584220e+02 2.204364238465e-14 -3.724786791442e+02 -1.000000000000e+00 0.000000000000e+00 6.123233995737e-17 -1.034662997623e+00
P2: 5.542562584220e+02 0.000000000000e+00 9.600000000000e+02 0.000000000000e+00 0.000000000000e+00 5.542562584220e+02 3.600000000000e+02 0.000000000000e+00 0.000000000000e+00 0.000000000000e+00 1.000000000000e+00 0.000000000000e+00
P3: 5.542562584220e+02 0.000000000000e+00 9.600000000000e+02 -4.434018182379e+02 0.000000000000e+00 5.542562584220e+02 3.600000000000e+02 0.000000000000e+00 0.000000000000e+00 0.000000000000e+00 1.000000000000e+00 0.000000000000e+00
P4: 9.600000000000e+02 0.000000000000e+00 -5.542562584220e+02 -2.234913531006e+03 3.600000000000e+02 5.542562584220e+02 2.204364238465e-14 -3.724737278342e+02 1.000000000000e+00 0.000000000000e+00 6.123233995737e-17 -1.034649243984e+00
P5: 5.542562584220e+02 9.600000000000e+02 5.878304635907e-14 2.399999816895e+04 0.000000000000e+00 9.600000000000e+02 -5.542562584220e+02 2.399999816895e+04 0.000000000000e+00 1.000000000000e+00 6.123233995737e-17 2.499999809265e+01
R0_rect: 1.000000000000e+00 0.000000000000e+00 0.000000000000e+00 0.000000000000e+00 1.000000000000e+00 0.000000000000e+00 0.000000000000e+00 0.000000000000e+00 1.000000000000e+00
Tr_velo_to_p2: 0.000000000000e+00 -1.000000000000e+00 0.000000000000e+00 -4.865225844561e-06 0.000000000000e+00 0.000000000000e+00 -1.000000000000e+00 -4.999999561361e-01 1.000000000000e+00 0.000000000000e+00 0.000000000000e+00 -2.240210521725e+00
imu_to_world: -9.999155744429e-01 1.299292880987e-02 1.666956193378e-04 -1.063663177490e+02 -1.299293086478e-02 -9.999155882478e-01 -1.125022051833e-05 8.801338958740e+01 1.665353749542e-04 -1.341513536972e-05 9.999999860430e-01 2.945092506707e-03
p2_to_world: 1.299292880987e-02 -1.666956193378e-04 -9.999155744429e-01 -1.086060028076e+02 -9.999155882478e-01 1.125022051833e-05 -1.299293086478e-02 8.798425292969e+01 -1.341513536972e-05 -9.999999860430e-01 1.665353749542e-04 2.041109085083e+00
