P0: -5.542562584220e+02 0.000000000000e+00 -9.600000000000e+02 -4.300975865181e+03 -4.408728476930e-14 5.542562584220e+02 -3.600000000000e+02 -1.612865949443e+03 -1.224646799147e-16 0.000000000000e+00 -1.000000000000e+00 -4.480183192897e+00
P1: -9.600000000000e+02 0.000000000000e+00 5.542562584220e+02 2.483179226720e+02 -3.600000000000e+02 5.542562584220e+02 2.204364238465e-14 -3.724747856456e+02 -1.000000000000e+00 0.000000000000e+00 6.123233995737e-17 -1.034652182349e+00
P2: 5.542562584220e+02 0.000000000000e+00 9.600000000000e+02 0.000000000000e+00 0.000000000000e+00 5.542562584220e+02 3.600000000000e+02 0.000000000000e+00 0.000000000000e+00 0.000000000000e+00 1.000000000000e+00 0.000000000000e+00
P3: 5.542562584220e+02 0.000000000000e+00 9.600000000000e+02 -4.434061014674e+02 0.000000000000e+00 5.542562584220e+02 3.600000000000e+02 0.000000000000e+00 0.000000000000e+00 0.000000000000e+00 1.000000000000e+00 0.000000000000e+00
P4: 9.600000000000e+02 0.000000000000e+00 -5.542562584220e+02 -2.234859307874e+03 3.600000000000e+02 5.542562584220e+02 2.204364238465e-14 -3.724776570228e+02 1.000000000000e+00 0.000000000000e+00 6.123233995737e-17 -1.034660158397e+00
P5: 5.542562584220e+02 9.600000000000e+02 5.878304635907e-14 2.399863861084e+04 0.000000000000e+00 9.600000000000e+02 -5.542562584220e+02 2.399863861084e+04 0.000000000000e+00 1.000000000000e+00 6.123233995737e-17 2.499858188629e+01
R0_rect: 1.000000000000e+00 0.000000000000e+00 0.000000000000e+00 0.000000000000e+00 1.000000000000e+00 0.000000000000e+00 0.000000000000e+00 0.000000000000e+00 1.000000000000e+00
Tr_velo_to_p2: 0.000000000000e+00 -1.000000000000e+00 0.000000000000e+00 7.349248909700e-06 0.000000000000e+00 0.000000000000e+00 -1.000000000000e+00 -5.000000886074e-01 1.000000000000e+00 0.000000000000e+00 0.000000000000e+00 -2.240220458446e+00
imu_to_world: -9.998588657222e-01 1.299595399641e-02 -1.064677492936e-02 -1.069418258667e+02 -1.299432457800e-02 -9.999155455099e-01 -2.222077932913e-04 8.800559234619e+01 -1.064876356367e-02 -8.382878301400e-05 9.999432967960e-01 7.665627636015e-03
p2_to_world: 1.299595399641e-02 1.064677492936e-02 -9.998588657222e-01 -1.092034225464e+02 -9.999155455099e-01 2.222077932913e-04 -1.299432457800e-02 8.797603607178e+01 -8.382878301400e-05 -9.999432967960e-01 -1.064876356367e-02 2.021485328674e+00
