P0: -5.542562584220e+02 0.000000000000e+00 -9.600000000000e+02 -4.301222836141e+03 -4.408728476930e-14 5.542562584220e+02 -3.600000000000e+02 -1.612958563553e+03 -1.224646799147e-16 0.000000000000e+00 -1.000000000000e+00 -4.480440454314e+00
P1: -9.600000000000e+02 0.000000000000e+00 5.542562584220e+02 2.483758140531e+02 -3.600000000000e+02 5.542562584220e+02 2.204364238465e-14 -3.724796918696e+02 -1.000000000000e+00 0.000000000000e+00 6.123233995737e-17 -1.034665810749e+00
P2: 5.542562584220e+02 0.000000000000e+00 9.600000000000e+02 0.000000000000e+00 0.000000000000e+00 5.542562584220e+02 3.600000000000e+02 0.000000000000e+00 0.000000000000e+00 0.000000000000e+00 1.000000000000e+00 0.000000000000e+00
P3: 5.542562584220e+02 0.000000000000e+00 9.600000000000e+02 -4.434052698158e+02 0.000000000000e+00 5.542562584220e+02 3.600000000000e+02 0.000000000000e+00 0.000000000000e+00 0.000000000000e+00 1.000000000000e+00 0.000000000000e+00
P4: 9.600000000000e+02 0.000000000000e+00 -5.542562584220e+02 -2.234927561233e+03 3.600000000000e+02 5.542562584220e+02 2.204364238465e-14 -3.724763788734e+02 1.000000000000e+00 0.000000000000e+00 6.123233995737e-17 -1.034656607982e+00
P5: 5.542562584220e+02 9.600000000000e+02 5.878304635907e-14 2.399997276306e+04 0.000000000000e+00 9.600000000000e+02 -5.542562584220e+02 2.399997276306e+04 0.000000000000e+00 1.000000000000e+00 6.123233995737e-17 2.499997162819e+01
R0_rect: 1.000000000000e+00 0.000000000000e+00 0.000000000000e+00 0.000000000000e+00 1.000000000000e+00 0.000000000000e+00 0.000000000000e+00 0.000000000000e+00 1.000000000000e+00
Tr_velo_to_p2: 0.000000000000e+00 -1.000000000000e+00 0.000000000000e+00 -8.968795720971e-06 0.000000000000e+00 0.000000000000e+00 -1.000000000000e+00 -5.000002091688e-01 1.000000000000e+00 0.000000000000e+00 0.000000000000e+00 -2.240226370626e+00
imu_to_world: -9.999355178406e-01 1.126896801416e-02 1.403752378928e-03 -1.041306304932e+02 -1.126891652520e-02 -9.999365027504e-01 4.458375668292e-05 8.804309082031e+01 1.404165657441e-03 2.876211344582e-05 9.999990137453e-01 2.407830674201e-03
p2_to_world: 1.126896801416e-02 -1.403752378928e-03 -9.999355178406e-01 -1.063678512573e+02 -9.999365027504e-01 -4.458375668292e-05 -1.126891652520e-02 8.801793670654e+01 2.876211344582e-05 -9.999990137453e-01 1.404165657441e-03 2.043342351913e+00
